   0     0|  1   1  94   4   0   0
1785B 1517B|  3   3  94   0   0   0
2124B 1060B|  4   2  94   0   0   0
1554B 1562B|  5   3  92   0   0   0
1194B 2382B|  5   3  93   0   0   0
1508B   80000|  4   3  93   0   0   0
2303B  181000|  5   2  92   1   0   0
2903B  374000|  5   2  93   0   0   0
2088B  522000|  5   3  92   0   0   0
7116B 1076000|  5   3  92   0   0   0
7682B 1663000|  4   3  93   0   0   0
  16000 3201000|  4   3  93   0   0   0
  16000 4336000|  5   3  91   1   0   0
  29000 8005000|  5   3  92   0   0   0
  41000   10000000|  5   3  91   0   0   0
  81000   19000000|  5   4  91   0   0   0
  74000   14000000|  5   3  92   0   0   0
  84000   14000000|  5   3  92   0   0   0
  49000 8543000|  4   3  92   1   0   0
  45000 9406000|  5   3  92   0   0   0
  42000 9806000|  5   3  92   0   0   0
  47000 9606000|  4   3  93   0   0   0
  48000   10000000|  5   3  92   0   0   0
  46000 9606000|  5   3  92   0   0   0
  50000   11000000|  5   3  91   1   0   0
  47000 9750000|  5   3  92   0   0   0
  60000   11000000|  5   3  92   0   0   0
  48000 9806000|  5   4  91   0   0   0
  60000   11000000|  5   3  91   0   0   0
  50000 9873000|  5   3  92   0   0   0
  53000   11000000|  4   4  91   1   0   0
  49000   10000000|  5   3  92   0   0   0
  63000   11000000|  5   3  92   0   0   0
  64000   11000000|  5   3  91   0   0   0
  64000   11000000|  6   3  91   0   0   0
  70000   13000000|  6   3  91   0   0   0
  66000   13000000|  5   3  92   1   0   0
  80000   15000000|  5   3  91   0   0   0
  70000   11000000|  5   3  91   0   0   0
  63000   12000000|  5   2  93   0   0   0
  57000   13000000|  4   3  92   0   0   0
  69000   14000000|  6   3  90   0   0   0
  60000   14000000|  5   3  91   1   0   0
  79000   15000000|  6   2  92   0   0   0
  65000   15000000|  5   3  92   0   0   0
  74000   15000000|  5   3  92   0   0   0
  78000   16000000|  4   3  92   0   0   0
  67000   15000000|  5   4  91   0   0   0
  83000   16000000|  5   4  90   1   0   0
  69000   15000000|  3   5  92   0   0   0
  79000   16000000|  4   3  93   0   0   0
  70000   15000000|  5   3  92   0   0   0
  83000   16000000|  6   4  90   0   0   1
  77000   15000000| 24   3  73   0   0   0
  94000   16000000| 32   4  63   1   0   0
  83000   16000000| 27   3  70   0   0   1
  68000 9795000|  3   3  94   0   0   0
1355B 1051B|  4   3  93   0   0   0
2428B 1570B|  4   3  94   0   0   0
1352B 1492B|  5   3  93   0   0   0
1364B 1092B|  4   3  92   2   0   0
1324B   36000|  4   2  94   0   0   0
1772B  165000|  4   2  94   0   0   0
1800B  338000|  4   3  93   0   0   0
3263B  445000|  3   2  95   0   0   0
3806B  827000|  5   2  93   0   0   0
7024B 1278000|  4   3  92   1   0   0
  12000 2473000|  4   3  93   0   0   0
  14000 3427000|  5   3  92   0   0   0
  27000 5848000|  5   2  93   0   0   0
  44000 7878000|  5   3  92   0   0   0
  44000 7483000|  5   2  93   0   0   0
  43000 7707000|  4   4  91   1   0   0
  45000 8703000|  5   4  91   0   0   0
  40000 8739000|  5   3  92   0   0   0
  47000 9539000|  5   3  92   0   0   0
  41000 9135000|  4   3  92   0   0   0
  52000 9944000|  5   4  92   0   0   0
  46000 9421000|  4   4  91   1   0   0
  51000 9791000|  5   5  91   0   0   0
  53000 9806000|  4   3  93   0   0   0
  42000 9339000|  5   3  92   0   0   0
  49000 9806000|  4   3  93   0   0   0
  40000 9473000|  4   3  93   0   0   0
  57000   10000000|  5   4  90   1   0   0
  43000 9762000|  4   4  92   0   0   0
  59000   10000000|  4   3  93   0   0   0
  47000   10000000|  6   2  92   0   0   0
  61000   11000000|  5   3  91   0   0   1
  58000   11000000|  6   3  91   0   0   0
  66000   13000000|  6   2  91   1   0   0
  75000   14000000|  5   3  92   0   0   0
  78000   15000000|  5   2  93   0   0   0
  97000   17000000|  5   4  90   0   0   0
  85000   18000000|  5   2  92   0   0   0
  94000   21000000|  6   3  91   0   0   0
  97000   22000000|  5   4  90   1   0   0
 126000   18000000|  5   3  91   0   0   1
  84000   18000000|  5   3  91   0   0   0
 107000   20000000|  6   3  91   0   0   0
 100000   19000000|  5   3  92   0   0   0
  85000   15000000|  6   4  91   0   0   0
  71000   16000000|  5   4  91   1   0   0
  77000   16000000|  6   4  91   0   0   0
  81000   17000000|  5   5  90   0   0   0
  72000   12000000|  4   3  93   0   0   0
  63000   13000000|  4   2  93   0   0   0
  58000   13000000|  5   3  91   0   0   0
  71000   13000000| 14   4  81   1   0   0
  46000   10000000| 32   3  65   0   0   0
  43000   11000000| 31   2  66   0   0   0
  48000   11000000| 32   3  65   0   0   0
  50000   12000000| 16   4  80   0   0   1
  41000 7284000|  3   3  94   0   0   0
2365B 2039B|  4   3  91   2   0   0
2112B  716B|  3   3  94   0   0   0
1454B 1626B|  4   3  93   0   0   0
1566B 2756B|  3   3  94   0   0   0
 956B   34000|  4   4  93   0   0   0
1782B  191000|  3   3  94   0   0   0
2750B  311000|  3   3  93   1   0   0
2648B  522000|  4   3  93   0   0   0
4626B  881000|  5   4  91   0   0   0
5952B 1305000|  4   3  93   0   0   0
9554B 2348000|  3   4  93   0   0   0
  22000 3555000|  4   3  93   0   0   0
  25000 5821000|  4   3  91   1   0   0
  49000 9072000|  4   4  92   0   0   0
  66000   11000000|  5   3  93   0   0   0
  47000 9606000|  5   3  91   0   0   0
  42000   11000000|  4   3  93   0   0   0
  41000   11000000|  4   4  92   0   0   0
  66000   12000000|  5   2  91   1   0   0
  57000   11000000|  6   4  90   0   0   0
  56000   13000000|  4   4  92   0   0   0
  64000   12000000|  4   3  93   0   0   0
  55000   13000000|  4   3  93   0   0   0
  60000   12000000|  6   4  90   0   0   0
  60000   13000000|  4   3  92   1   0   0
  56000   13000000|  6   3  92   0   0   0
  52000   12000000|  5   2  93   0   0   0
  62000   13000000|  6   3  92   0   0   0
  48000   12000000|  5   3  92   0   0   0
  62000   13000000|  5   3  92   0   0   0
  67000   11000000|  5   3  91   1   0   0
  48000   11000000|  4   3  93   0   0   0
  45000   10000000|  4   4  93   0   0   0
  65000   12000000|  4   2  93   0   0   0
  72000   12000000|  5   3  92   0   0   0
  76000   13000000|  5   4  91   0   0   0
  72000   13000000|  4   2  93   1   0   0
  77000   13000000|  5   4  91   0   0   0
  67000   13000000|  5   3  92   0   0   0
  70000   13000000|  4   4  92   0   0   0
  68000   13000000|  6   3  91   0   0   0
  64000   13000000|  4   3  92   0   0   0
  72000   13000000|  5   3  91   1   0   0
  75000   13000000|  5   3  92   0   0   0
  68000   14000000|  5   4  92   0   0   0
  75000   13000000|  4   4  92   0   0   0
  67000   14000000|  5   3  92   0   0   0
  80000   14000000|  4   4  92   0   0   0
  80000   13000000|  5   3  91   1   0   1
  63000   11000000|  5   3  93   0   0   0
  58000   12000000|  4   4  93   0   0   0
  67000   11000000|  4   3  93   0   0   0
  45000 9273000|  6   3  91   0   0   0
  45000   10000000|  4   3  93   0   0   0
  48000   10000000| 22   4  73   1   0   0
  54000   11000000| 32   2  66   0   0   0
  54000   10000000| 30   3  66   0   0   1
  55000 8285000| 32   3  64   0   0   1
  38000 7872000| 27   4  68   0   0   0
   0     0|  5   4  92   0   0   0
   0     0|  5   3  91   2   0   0
   0     0|  4   4  93   0   0   0
   0     0|  3   3  94   0   0   0
   0     0|  4   2  94   0   0   0
   0     0|  4   3  94   0   0   0
   0     0|  3   4  92   1   0   0
   0     0|  3   4  93   0   0   0
   0     0|  5   2  93   0   0   0
   0     0|  4   3  93   0   0   0
   0     0|  4   4  93   0   0   0
   0     0|  3   2  95   0   0   0
   0     0|  4   3  92   1   0   0
   0     0|  5   3  93   0   0   0
   0     0|  5   3  92   0   0   0
   0     0|  4   4  92   0   0   0
   0     0|  5   4  90   0   0   1
   0     0|  5   4  91   0   0   0
   0     0|  4   4  91   1   0   0
   0     0|  5   3  92   0   0   0
   0     0|  4   4  91   0   0   0
   0     0|  5   3  92   0   0   0
   0     0|  4   3  93   0   0   0
   0     0|  5   3  92   0   0   0
   0     0|  4   4  91   1   0   0
   0     0|  4   5  91   0   0   0
   0     0|  4   4  92   0   0   0
   0     0|  5   4  91   0   0   0
   0     0|  5   4  91   0   0   0
   0     0|  5   4  91   0   0   0
   0     0|  5   4  90   1   0   0
   0     0|  4   4  92   0   0   0
   0     0|  5   3  92   0   0   0
   0     0|  4   4  92   0   0   0
   0     0|  4   4  92   0   0   0
   0     0|  3   3  94   0   0   0
   0     0|  4   3  92   1   0   0
   0     0|  4   3  93   0   0   0
   0     0| 21   3  76   0   0   1
   0     0| 32   3  65   0   0   1
2887000  566000000| 15   3  82   0   0   1
  27000 2792000|  3   3  94   0   0   0
 365B  329B|  3   3  92   2   0   0
2870B 1570B|  3   3  94   0   0   0
3858B 1492B|  3   3  94   0   0   0
1460B 1092B|  3   3  94   0   0   0
1338B   17000|  3   4  93   0   0   0
2233B  163000|  3   3  94   0   0   0
2381B  305000|  5   2  92   1   0   0
4398B  706000|  4   3  93   0   0   0
5921B 1076000|  5   2  93   0   0   0
  15000 2283000|  4   3  93   0   0   0
  19000 3279000|  4   3  93   0   0   0
  41000 6140000|  3   4  93   0   0   0
  46000 9870000|  3   3  93   1   0   0
  76000   14000000|  4   3  92   0   0   0
  90000   14000000|  3   2  94   0   0   0
  81000   13000000|  4   3  93   0   0   0
  93000   16000000|  5   3  92   0   0   0
  84000   15000000|  4   3  93   0   0   0
  78000   13000000|  4   4  91   1   0   0
  56000   12000000|  4   4  92   0   0   0
  70000   13000000|  4   3  93   0   0   0
  64000   12000000|  4   3  93   0   0   0
  74000   14000000|  4   3  92   0   0   0
  60000   13000000|  4   3  93   0   0   0
  67000   14000000|  4   3  92   1   0   0
  78000   14000000|  5   4  91   0   0   0
  63000   14000000|  4   4  93   0   0   0
  75000   14000000|  5   4  91   0   0   0
  69000   12000000|  5   4  92   0   0   0
  54000   11000000|  4   3  93   0   0   0
  51000   11000000|  4   2  92   1   0   0
  57000   12000000|  5   3  92   0   0   0
  55000   12000000|  4   3  93   0   0   0
  79000   12000000|  4   3  93   0   0   0
  49000 9273000|  4   4  92   0   0   0
  55000   10000000|  4   2  94   0   0   0
  46000 7295000|  5   3  92   1   0   0
  39000 8205000|  4   4  92   0   0   0
  40000 8232000|  4   3  94   0   0   0
  43000 8579000|  4   3  93   0   0   0
  43000 8872000|  5   3  92   0   0   0
  45000 8606000|  5   3  92   0   0   0
  50000 9139000|  3   3  93   1   0   0
  48000 8574000|  3   4  93   0   0   0
  50000 9170000|  5   3  92   0   0   0
  46000 8539000|  4   3  93   0   0   0
  45000 9273000|  5   3  93   0   0   0
  37000 8472000|  5   3  92   0   0   0
  44000 9606000|  5   4  91   1   0   0
  43000 9006000|  4   4  93   0   0   0
  49000   10000000|  5   3  92   0   0   0
  46000   10000000|  4   3  93   0   0   0
  51000   11000000|  4   3  93   0   0   0
  62000   12000000|  4   4  92   0   0   0
  61000   12000000|  5   3  91   1   0   0
  68000   14000000|  5   2  93   0   0   0
  68000   15000000| 24   2  73   0   0   0
  76000   17000000| 31   4  65   0   0   0
  96000   18000000| 28   3  68   0   0   1
  69000 8845000|  4   4  92   0   0   0
 429B  329B|  3   3  92   2   0   0
2448B 1570B|  3   4  93   0   0   0
1320B 1492B|  3   3  95   0   0   0
3964B 1092B|  3   3  94   0   0   0
1132B   36000|  4   4  92   0   0   0
1804B  144000|  4   3  93   0   0   0
2446B  359000|  3   3  94   1   0   0
2744B  489000|  3   2  95   0   0   0
6139B 1044000|  4   3  94   0   0   0
  10000 1696000|  4   3  94   0   0   0
  16000 3331000|  3   3  94   0   0   0
  24000 4759000|  4   3  93   0   0   0
  27000 4883000|  3   3  92   2   0   0
  24000 5070000|  3   2  95   0   0   0
  29000 5470000|  2   2  95   0   0   0
  26000 5537000|  4   3  93   0   0   0
  32000 6004000|  4   3  93   0   0   0
  27000 6071000|  4   2  94   0   0   0
  29000 5670000|  4   4  92   1   0   0
  25000 6204000|  5   3  92   0   0   0
  24000 5604000|  4   3  94   0   0   0
  27000 6204000|  4   3  94   0   0   0
  27000 5737000|  4   4  92   0   0   0
  32000 6471000|  4   3  93   0   0   0
  29000 6137000|  3   2  94   1   0   0
  29000 6671000|  4   3  93   0   0   0
  31000 6738000|  4   4  92   0   0   0
  34000 7405000|  5   3  92   0   0   0
  39000 7938000|  4   3  93   0   0   0
  40000 8567000|  4   3  93   0   0   0
  45000 9978000|  4   3  92   1   0   0
  46000   10000000|  5   4  92   0   0   0
  61000   10000000|  4   3  93   0   0   0
  41000 8791000|  4   3  93   0   0   0
  49000 7374000|  3   2  95   0   0   0
  34000 7004000|  4   3  92   0   0   0
  35000 7805000|  5   2  92   1   0   0
  35000 7538000|  5   2  92   0   0   0
  34000 8144000|  5   2  94   0   0   0
  39000 8020000|  4   3  93   0   0   0
  38000 8251000|  4   3  93   0   0   0
  38000 8205000|  4   3  93   0   0   0
  37000 8005000|  4   3  92   1   0   0
  41000 8339000|  4   2  94   0   0   0
  40000 7872000|  4   4  92   0   0   0
  38000 8339000|  4   3  93   0   0   0
  40000 8272000|  4   4  92   0   0   0
  42000 9006000|  4   2  94   0   0   0
  44000 8739000|  5   3  91   1   0   0
  43000 9806000|  3   4  93   0   0   0
  45000   10000000|  4   3  93   0   0   0
  48000   11000000|  3   3  94   0   0   0
  54000   12000000|  4   4  92   0   0   0
  57000   13000000|  4   3  94   0   0   0
  64000   15000000|  5   3  91   1   0   0
  65000   16000000|  5   3  93   0   0   0
  83000   19000000|  4   4  92   0   0   0
  85000   19000000|  5   2  93   0   0   0
  99000   24000000|  4   3  93   0   0   0
 100000   25000000|  3   3  93   0   0   0
 119000   30000000|  4   4  91   1   0   0
 130000   29000000| 11   3  86   0   0   0
 110000   25000000| 31   3  66   0   0   0
 111000   20000000| 14   5  81   0   0   1
  34000 5168000|  4   2  94   0   0   0
 498B  329B|  4   3  93   0   0   0
2872B 1570B|  4   2  92   2   0   0
1412B 1492B|  3   2  95   0   0   0
 984B 1092B|  3   3  95   0   0   0
1382B   17000|  4   3  93   0   0   0
2626B  196000|  3   4  93   0   0   0
1929B  294000|  4   3  94   0   0   0
3324B  489000|  4   3  93   1   0   0
3976B  888000|  4   3  94   0   0   0
5359B 1233000|  5   2  93   0   0   0
8808B 2249000|  3   3  94   0   0   0
  11000 2934000|  3   3  94   0   0   0
  20000 5188000|  4   3  93   0   0   0
  24000 4014000|  3   3  93   1   0   0
  23000 4722000|  3   2  95   0   0   0
  16000 3373000|  3   2  95   0   0   0
  16000 4003000|  3   3  95   0   0   0
  16000 3736000|  4   2  94   0   0   0
  19000 4336000|  3   3  94   0   0   0
  16000 3869000|  4   3  92   1   0   0
  17000 4269000|  3   3  94   0   0   0
  16000 4040000|  3   3  94   0   0   0
  17000 4099000|  4   3  93   0   0   0
  19000 4136000|  4   3  93   0   0   0
  16000 4069000|  4   3  94   0   0   0
  19000 4536000|  5   3  91   1   0   0
  18000 4536000|  3   3  93   0   0   0
  21000 5137000|  3   3  94   0   0   0
  20000 5270000|  5   3  93   0   0   0
  24000 6337000|  3   3  94   0   0   0
  26000 6637000|  4   3  93   0   0   0
  33000 8373000|  4   3  93   1   0   0
  34000 8605000|  4   3  93   0   0   0
  43000   11000000|  4   3  92   0   0   0
  45000   12000000|  4   2  94   0   0   0
  56000   14000000|  4   4  92   0   0   0
  64000   16000000|  3   3  93   0   0   0
  84000   14000000|  4   3  93   1   0   0
  55000   13000000|  4   3  93   0   0   0
  57000   15000000|  4   3  93   0   0   0
  61000   16000000|  4   3  93   0   0   0
  69000   13000000|  4   2  93   0   0   0
  51000   12000000|  4   2  94   0   0   0
  47000   12000000|  5   2  91   1   0   0
  55000   14000000|  3   4  94   0   0   0
  48000   12000000|  3   3  94   0   0   0
  55000   14000000|  4   2  94   0   0   0
  51000   13000000|  4   3  93   0   0   0
  57000   14000000|  3   3  94   0   0   0
  66000   12000000|  4   3  91   1   0   0
  45000   11000000|  4   3  93   0   0   0
  42000   11000000|  4   3  93   0   0   1
  53000   11000000|  4   3  93   0   0   0
  39000 9010000|  4   3  93   0   0   0
  37000 9473000|  5   2  93   0   0   0
  40000   10000000|  3   3  93   1   0   0
  37000 9740000|  4   3  93   0   0   0
  42000   10000000|  4   3  94   0   0   0
  37000 9873000|  4   3  93   0   0   0
  50000   10000000|  4   2  94   0   0   0
  47000 8358000|  4   4  92   0   0   0
  32000 8405000|  3   4  93   1   0   0
  32000 8539000|  4   4  92   0   0   0
  39000 9806000|  3   3  94   0   0   0
  36000 9406000|  4   3  93   0   0   1
  39000   10000000|  5   4  92   0   0   0
  40000   10000000|  6   3  92   0   0   0
  45000 9622000|  5   2  92   1   0   0
  34000 7820000| 30   3  66   0   0   0
  29000 7805000| 30   3  66   0   0   0
  34000 8605000| 30   3  67   0   0   0
  33000 8205000| 31   3  66   0   0   0
  38000 9139000| 30   3  66   0   0   1
  40000 8285000|  8   3  88   1   0   0
  31000 3304000|  3   3  94   0   0   0
1913B 1687B|  3   3  94   0   0   0
1700B  846B|  4   3  94   0   0   0
1426B 1626B|  3   3  94   0   0   0
1355B 2248B|  2   4  93   2   0   0
1152B    0|  2   2  96   0   0   0
 680B    0|  4   3  93   0   0   0
4753B    0|  3   3  95   0   0   0
1662B 1122B|  2   2  95   0   0   0
1545B 1317B|  3   2  95   0   0   0
1692B  716B|  3   3  93   2   0   0
1362B 1626B|  3   4  94   0   0   0
1050B 2756B|  4   3  94   0   0   0
 330B    0|  3   4  94   0   0   0
 128B    0|  3   2  95   0   0   0
 196B    0|  3   3  95   0   0   0
1342B 1122B|  2   3  95   1   0   0
 338B  148B|  4   3  94   0   0   0
2417B 1633B|  2   3  95   0   0   0
1913B 1610B|  2   3  95   0   0   0
1297B  942B|  2   5  93   0   0   0
 604B 2098B|  4   3  94   0   0   0
 320B    0|  3   2  94   1   0   0
 452B    0|  3   2  95   0   0   0
 710B  134B|  2   2  95   0   0   0
 764B  988B|  3   2  95   0   0   0
1641B 1695B|  4   2  94   0   0   0
1656B  846B|  3   2  95   0   0   0
1317B 1626B|  3   2  94   1   0   0
1231B 2264B|  2   3  96   0   0   0
 797B    0|  2   3  95   0   0   0
  68B    0|  3   3  94   0   0   0
 128B    0|  2   3  95   0   0   0
1730B 1122B|  2   3  95   0   0   0
1413B 1317B|  2   3  94   2   0   0
1856B  716B|  3   3  94   0   0   0
1102B 1626B|  4   3  93   0   0   0
1182B 2772B|  2   3  95   0   0   0
1138B   35000|  3   3  94   0   0   0
1654B  176000|  4   3  93   0   0   0
1885B  294000|  3   3  94   1   0   0
2930B  522000|  3   3  94   0   0   0
2954B  685000|  4   3  94   0   0   0
5328B 1239000|  3   3  94   0   0   0
7402B 1729000|  4   3  94   0   0   0
  13000 1927000|  4   4  93   0   0   0
8464B 1927000|  3   3  93   1   0   0
8976B 1935000|  4   3  94   0   0   0
  11000 2268000|  3   3  94   0   0   0
9296B 2201000|  3   3  94   0   0   0
  10000 2201000|  3   3  94   0   0   0
  11000 2335000|  3   3  95   0   0   0
9344B 2135000|  3   2  94   1   0   0
9974B 2268000|  4   2  93   0   0   0
8668B 2268000|  4   3  93   0   0   0
  11000 2468000|  3   3  94   0   0   0
  11000 2668000|  4   2  94   0   0   0
  12000 3002000|  3   3  93   0   0   0
  13000 3469000|  4   3  92   1   0   0
  19000 2880000|  4   3  93   0   0   0
  16000 3135000|  3   4  93   0   0   0
  14000 3202000|  4   2  94   0   0   0
  17000 3669000|  3   3  94   0   0   0
  16000 3602000|  3   3  94   0   0   0
  17000 3736000|  3   3  92   2   0   0
  15000 3669000|  3   3  94   0   0   0
  17000 3736000|  4   3  93   0   0   0
  15000 3602000|  3   3  94   0   0   0
  15000 3802000|  4   3  93   0   0   0
  15000 3669000|  3   3  94   0   0   0
  16000 4003000|  3   4  92   1   0   0
  18000 4203000|  3   4  93   0   0   0
  19000 4470000|  3   2  95   0   0   0
  20000 4936000|  4   2  94   0   0   0
  22000 5470000|  3   2  95   0   0   0
  25000 6204000|  3   2  95   0   0   0
  28000 7205000|  3   2  94   1   0   0
  31000 8272000|  3   3  94   0   0   0
  36000 9673000|  5   2  93   0   0   0
  42000   11000000|  3   2  95   0   0   0
  47000   13000000|  4   3  93   0   0   0
  65000   13000000|  5   2  93   0   0   0
  51000   11000000|  4   3  92   1   0   0
  56000   10000000|  3   4  93   0   0   0
  38000 9273000|  4   2  94   0   0   0
  36000 9473000|  3   4  93   0   0   0
  39000   10000000|  4   3  93   0   0   0
  40000   10000000|  3   4  93   0   0   0
  43000   10000000|  4   3  92   1   0   0
  41000   10000000|  4   4  92   0   0   0
  41000   10000000|  3   4  93   0   0   0
  40000   10000000|  4   3  93   0   0   0
  38000   10000000|  3   3  93   0   0   0
  40000   10000000|  4   3  93   0   0   0
  42000   10000000|  4   3  92   1   0   0
  47000   11000000|  5   3  93   0   0   0
  42000   10000000|  4   3  94   0   0   0
  45000   11000000|  4   3  93   0   0   0
  43000   11000000|  4   3  92   0   0   0
  45000   12000000|  3   3  94   0   0   0
  47000   12000000|  3   3  94   1   0   0
  51000   13000000|  3   3  94   0   0   0
  54000   14000000|  5   2  93   0   0   0
  63000   14000000|  4   3  93   0   0   0
  65000   12000000|  3   2  94   0   0   0
  61000   12000000|  4   3  93   0   0   0
  62000   14000000|  3   3  92   1   0   1
  60000   13000000|  4   3  93   0   0   0
  65000   11000000|  4   4  92   0   0   0
  48000   10000000|  4   2  94   0   0   0
  58000   12000000|  3   3  94   0   0   0
  54000   11000000|  4   2  94   0   0   0
  55000   12000000|  3   3  94   1   0   0
  52000   12000000| 22   3  75   0   0   0
  54000   12000000| 31   3  66   0   0   0
  55000   12000000| 30   3  67   0   0   0
  61000 9444000| 17   4  79   0   0   0
  31000 4585000|  3   1  96   0   0   0
1495B 1481B|  3   2  94   2   0   0
1584B 1060B|  3   3  95   0   0   0
1102B 1562B|  2   2  95   0   0   0
1006B 2398B|  3   3  94   0   0   0
2011B   80000|  3   3  95   0   0   0
1608B  163000|  3   4  93   0   0   0
2356B  359000|  2   3  94   1   0   0
3129B  554000|  3   3  94   0   0   0
4925B 1076000|  3   2  95   0   0   0
8203B 1598000|  3   3  95   0   0   0
  15000 3266000|  4   3  93   0   0   0
  18000 4470000|  4   4  92   0   0   0
  33000 7049000|  4   3  92   1   0   0
  28000 6315000|  3   3  95   0   0   0
  27000 6165000|  3   3  94   0   0   0
  33000 7310000|  4   3  94   0   0   0
  36000 6085000|  3   4  93   0   0   0
  27000 5670000|  3   3  94   0   0   0
  25000 5470000|  3   2  93   1   0   0
  27000 6204000|  3   3  94   0   0   0
  24000 5737000|  4   3  93   0   0   0
  30000 6604000|  3   4  94   0   0   0
  28000 5894000|  3   3  95   0   0   0
  30000 6619000|  2   3  95   0   0   0
  27000 5899000|  3   2  93   1   0   0
  29000 6671000|  3   3  94   0   0   0
  29000 6337000|  3   3  93   0   0   0
  28000 6271000|  3   2  95   0   0   0
  30000 6738000|  4   3  93   0   0   0
  30000 6671000|  4   3  93   0   0   0
  34000 7605000|  3   4  93   1   0   0
  31000 7405000|  3   3  94   0   0   0
  39000 8939000|  3   3  94   0   0   0
  39000 8810000|  3   4  93   0   0   0
  47000   11000000|  4   3  93   0   0   0
  47000   11000000|  4   4  92   0   0   0
  57000   13000000|  3   4  92   1   0   0
  61000   14000000|  3   4  93   0   0   0
  71000   17000000|  4   3  93   0   0   0
  79000   19000000|  4   3  93   0   0   0
  86000   21000000|  4   4  92   0   0   0
 105000   25000000|  5   3  93   0   0   0
 109000   27000000|  4   4  91   1   0   0
 131000   33000000|  4   4  92   0   0   0
 135000   33000000|  4   4  92   0   0   0
 173000   41000000|  4   3  93   0   0   1
 156000   29000000|  4   4  92   0   0   0
 133000   33000000|  4   3  93   0   0   0
 133000   34000000|  6   3  90   1   0   0
 142000   35000000| 23   3  75   0   0   0
  91000 9308000|  3   3  94   0   0   0
1763B 1317B|  4   3  93   0   0   0
2198B  716B|  3   3  95   0   0   0
1512B 2000B|  2   3  95   0   0   0
1566B 2398B|  3   3  93   2   0   0
1164B   57000|  3   4  94   0   0   0
1504B  154000|  3   3  95   0   0   0
2590B  391000|  3   3  94   0   0   0
4286B  652000|  3   3  95   0   0   0
8486B 1435000|  3   4  93   0   0   0
  10000 2283000|  3   3  93   1   0   0
  20000 4459000|  4   2  94   0   0   0
  26000 6357000|  3   3  94   0   0   0
  44000   11000000|  3   3  94   0   0   0
  59000   16000000|  4   5  92   0   0   0
 101000   28000000|  5   2  92   0   0   0
 142000   32000000|  3   3  92   1   0   0
 126000   31000000|  4   3  93   0   0   0
 123000   31000000|  4   4  92   0   0   0
 143000   34000000|  3   3  93   0   0   0
 145000   35000000|  4   2  94   0   0   0
 144000   36000000|  3   2  94   0   0   0
 153000   38000000|  5   3  91   1   0   0
 138000   26000000|  4   3  93   0   0   0
 122000   30000000|  4   4  92   0   0   0
 119000   23000000|  4   2  94   0   0   0
  97000   16000000|  3   3  93   0   0   0
  59000   15000000|  3   3  93   0   0   0
  70000   17000000|  4   3  92   1   0   0
  71000   15000000|  4   3  93   0   0   0
  69000   13000000|  3   3  94   0   0   0
  56000   12000000|  2   3  95   0   0   0
  60000   14000000|  3   4  93   0   0   0
  63000   11000000|  3   3  94   0   0   0
  48000   10000000|  6   2  91   1   0   0
  47000   11000000| 29   4  67   0   0   0
  46000   11000000| 29   2  68   0   0   1
  57000 9919000| 30   3  67   0   0   0
  36000 8072000| 18   2  80   0   0   0
  48000 8111000|  3   2  95   0   0   0
  32000 6271000|  2   3  94   1   0   0
  10000  729000|  3   2  95   0   0   0
1765B 1317B|  3   3  94   0   0   0
2160B 1154B|  3   3  94   0   0   0
1132B 1562B|  2   4  95   0   0   0
1510B 2398B|  3   3  94   0   0   0
1224B   55000|  3   3  93   2   0   0
1806B  246000|  3   2  95   0   0   0
1330B  334000|  2   3  95   0   0   0
2354B  522000|  2   3  94   0   0   0
3464B  717000|  2   3  95   0   0   0
6548B  971000|  2   4  94   0   0   0
4090B  815000|  2   3  94   1   0   0
6049B 1152000|  3   3  94   0   0   0
5497B 1018000|  3   2  95   0   0   0
5580B 1158000|  2   3  95   0   0   0
5007B 1014000|  3   2  95   0   0   0
5771B 1222000|  3   3  94   1   0   0
5022B 1056000|  3   3  94   0   0   0
5236B 1179000|  3   2  96   0   0   0
5174B 1285000|  3   2  95   0   0   0
6742B 1517000|  3   2  95   0   0   0
7346B 1801000|  4   3  94   0   0   0
9150B 2335000|  3   2  94   1   0   0
  11000 2735000|  2   2  96   0   0   0
  15000 3736000|  3   4  93   0   0   0
  17000 4269000|  2   4  94   0   0   0
  24000 5737000|  3   3  94   0   0   0
  35000 6938000|  3   4  93   0   0   0
  38000 7658000|  3   3  93   1   0   0
  30000 6723000|  3   3  94   0   0   0
  27000 7004000|  4   3  93   0   0   0
  30000 7872000|  4   3  93   0   0   0
  31000 8005000|  3   3  94   0   0   0
  33000 8605000|  3   3  94   0   0   0
  33000 8472000|  5   3  92   1   0   0
  33000 8672000|  3   2  95   0   0   0
  37000 8739000|  3   4  93   0   0   0
  38000 9072000|  3   3  94   0   0   0
  35000 8672000|  4   3  93   0   0   0
  37000 9006000|  4   3  93   0   0   0
  36000 8855000|  4   3  92   1   0   0
  35000 8823000|  4   3  93   0   0   0
  34000 9006000|  3   3  94   0   0   0
  36000 9072000|  3   4  93   0   0   0
  36000 9673000|  4   4  92   0   0   0
  38000 9873000|  3   3  94   0   0   0
  46000   10000000|  4   3  93   1   0   0
  41000 7931000|  2   2  96   0   0   0
  39000 9006000|  3   3  94   0   0   0
  41000 9339000|  4   2  94   0   0   0
  41000   10000000|  3   3  94   0   0   0
  40000   10000000|  4   2  94   0   0   0
  41000   10000000|  3   3  94   1   0   0
  44000   11000000|  4   3  93   0   0   0
  42000   10000000|  3   3  94   0   0   0
  41000   11000000|  3   3  93   0   0   0
  41000   10000000|  4   3  93   0   0   0
  44000   11000000|  3   4  93   0   0   0
  43000   10000000|  3   3  94   1   0   0
  43000   11000000|  4   3  93   0   0   0
  42000   11000000|  4   2  94   0   0   0
  45000   11000000|  3   4  93   0   0   0
  42000   11000000|  5   2  93   0   0   0
  45000   12000000|  3   4  92   1   0   0
  47000   12000000|  3   5  92   0   0   0
  49000   13000000|  4   3  94   0   0   0
  52000   13000000|  3   3  94   0   0   0
  55000   14000000|  3   3  94   0   0   0
  66000   12000000|  3   4  93   0   0   1
  47000   11000000|  5   3  91   1   0   0
  51000   13000000|  3   3  94   0   0   0
  50000   13000000|  3   3  94   0   0   0
  56000   14000000|  2   2  96   0   0   0
  53000   14000000|  4   4  92   0   0   0
  55000   15000000|  7   3  90   0   0   0
  58000   15000000| 29   3  67   1   0   0
  58000   15000000| 29   3  67   0   0   1
  58000   13000000| 12   3  84   0   0   0
5803B 1293B|  3   3  94   0   0   0
2956B 1704B|  3   2  96   0   0   0
1490B 1626B|  3   3  94   0   0   0
1178B 2772B|  2   3  93   2   0   0
 960B   34000|  2   3  95   0   0   0
1458B  162000|  2   2  96   0   0   0
2246B  341000|  3   3  95   0   0   0
4450B  709000|  2   2  96   0   0   0
6630B 1281000|  3   2  95   0   0   0
  12000 2446000|  3   3  93   1   0   0
  17000 2384000|  3   3  94   0   0   0
  13000 2630000|  3   4  94   0   0   0
  13000 2836000|  3   3  94   0   0   0
  20000 3101000|  3   3  94   0   0   0
  14000 2868000|  2   4  94   0   0   0
  15000 3069000|  3   3  93   1   0   0
  13000 2935000|  3   2  95   0   0   0
  13000 3002000|  2   3  95   0   0   0
  14000 3202000|  2   1  96   0   0   0
  19000 3335000|  4   2  94   0   0   0
  17000 3370000|  3   4  94   0   0   0
  15000 3301000|  3   3  94   1   0   0
  20000 3802000|  2   4  93   0   0   0
  20000 3936000|  3   3  94   0   0   0
  22000 4803000|  3   4  94   0   0   0
  23000 4870000|  1   3  96   0   0   0
  26000 6204000|  3   3  93   1   0   0
  28000 6671000|  3   3  94   0   0   0
  36000 8481000|  3   3  95   0   0   0
  39000 9464000|  4   3  94   0   0   0
  46000   11000000|  3   3  94   0   0   0
  60000   12000000|  4   3  93   0   0   0
  52000 9901000|  4   2  93   1   0   0
  51000   11000000|  3   3  94   0   0   0
  48000   11000000|  3   3  95   0   0   0
  54000   13000000|  3   3  94   0   0   0
  50000   12000000|  3   3  95   0   0   0
  57000   13000000|  3   3  93   0   0   0
  54000   12000000|  4   3  93   1   0   0
  56000   14000000|  3   3  94   0   0   0
  53000   13000000|  3   4  93   0   0   0
  57000   14000000|  3   3  94   0   0   0
  60000   14000000|  4   4  92   0   0   0
  62000   13000000|  3   2  95   0   0   0
  60000   13000000|  3   2  94   1   0   0
  57000   13000000|  4   3  93   0   0   0
  59000   14000000|  3   3  94   0   0   0
  58000   13000000|  3   3  94   0   0   0
  63000   14000000|  3   3  94   0   0   0
  65000   14000000|  3   4  93   0   0   0
  65000   15000000|  3   3  93   1   0   0
  61000   15000000|  3   2  95   0   0   0
  70000   17000000|  4   3  93   0   0   0
  74000   17000000|  4   4  92   0   0   0
  81000   19000000|  3   3  94   0   0   0
  82000   20000000|  3   4  93   0   0   0
  87000   21000000|  4   4  91   1   0   0
  98000   23000000|  4   4  92   0   0   0
  80000   17000000|  4   3  93   0   0   0
  76000   20000000| 27   3  70   0   0   0
  76000   20000000| 29   3  68   0   0   1
  84000   17000000|  7   3  89   0   0   0
1248B  800B|  2   2  94   2   0   0
1449B 1617B|  3   2  96   0   0   0
1774B  916B|  2   3  96   0   0   0
 894B 1722B|  2   2  96   0   0   0
3936B 2176B|  2   3  95   0   0   0
1110B  113000|  3   2  93   2   0   0
1534B  228000|  3   2  96   0   0   0
1674B  326000|  2   2  96   0   0   0
3577B  652000|  2   3  95   0   0   0
3770B  848000|  3   2  95   0   0   0
7330B 1696000|  3   3  94   0   0   0
  11000 2396000|  2   3  94   1   0   0
  23000 4240000|  3   3  94   0   0   0
  25000 6337000|  2   3  95   0   0   0
  35000   10000000|  3   3  94   0   0   0
  53000   15000000|  3   2  95   0   0   0
  76000   22000000|  3   3  94   0   0   0
 119000   35000000|  4   3  92   1   0   0
 138000   37000000|  3   4  93   0   0   0
 116000   34000000|  4   3  93   0   0   0
 116000   34000000|  3   3  93   0   0   0
 110000   34000000|  3   3  95   0   0   0
 110000   28000000|  4   3  93   0   0   0
 122000   32000000|  4   3  93   1   0   0
 124000   31000000|  4   4  92   0   0   0
 136000   35000000|  3   3  94   0   0   0
 130000   34000000|  3   4  93   0   0   0
 143000   38000000|  3   3  94   0   0   0
 137000   36000000|  4   3  93   0   0   0
 122000   36000000|  4   2  93   1   0   0
 119000   35000000| 17   4  79   0   0   1
 101000   18000000|  2   3  95   0   0   0
1551B 1481B|  3   2  95   0   0   0
1800B 1060B|  2   3  95   0   0   0
1469B 1696B|  2   3  95   0   0   0
1194B 2264B|  2   2  96   1   0   0
1533B   80000|  3   3  94   0   0   0
1815B  176000|  2   2  96   0   0   0
4081B  503000|  2   3  95   0   0   0
5108B  821000|  2   2  96   0   0   0
8018B 1591000|  2   3  96   0   0   0
  12000 2682000|  2   3  95   1   0   0
  19000 4846000|  3   2  95   0   0   0
  28000 7538000|  3   2  95   0   0   0
  41000   11000000|  3   4  94   0   0   0
  69000   18000000|  2   4  94   0   0   0
 109000   28000000|  3   4  93   0   0   0
 163000   43000000|  3   3  92   1   0   1
 119000   34000000|  4   3  93   0   0   0
 109000   34000000|  3   3  94   0   0   0
 111000   34000000|  3   4  93   0   0   0
 110000   34000000|  3   2  95   0   0   0
 117000   34000000|  3   4  91   1   0   0
 119000   34000000|  3   4  93   0   0   0
 122000   34000000|  3   3  94   0   0   0
 115000   34000000|  4   3  93   0   0   0
 119000   34000000|  3   3  94   0   0   0
 116000   34000000|  4   2  94   0   0   0
 111000   34000000|  4   3  92   1   0   0
 110000   34000000|  4   2  94   0   0   0
 175000   38000000|  8   2  90   0   0   1
  19000  996B|  2   3  95   0   0   0
1423B 1411B|  1   3  96   0   0   0
1522B 1060B|  2   2  96   0   0   0
1170B 1562B|  2   2  95   2   0   0
1173B 2398B|  1   3  95   0   0   0
1341B   61000|  2   3  95   0   0   0
1731B  202000|  2   3  95   0   0   0
2428B  372000|  2   2  96   0   0   0
2788B  587000|  2   2  96   0   0   0
5574B 1207000|  2   2  95   1   0   0
8479B 1631000|  2   2  96   0   0   0
  14000 3371000|  2   3  95   0   0   0
  16000 4336000|  3   2  95   0   0   0
  29000 8072000|  3   3  94   0   0   0
  38000   10000000|  2   3  95   0   0   0
  71000   18000000|  3   3  92   1   0   0
  72000   15000000|  4   2  94   0   0   0
  68000   16000000|  3   3  94   0   0   0
  75000   17000000|  3   3  95   0   0   0
  64000   12000000|  3   2  95   0   0   0
  58000   14000000|  3   3  95   0   0   0
  52000   13000000|  2   3  94   1   0   0
  62000   15000000|  3   3  95   0   0   0
  55000   13000000|  4   2  94   0   0   0
  64000   15000000|  3   3  94   0   0   0
  59000   10000000|  2   2  96   0   0   0
  49000   12000000|  2   3  95   0   0   0
  49000   11000000|  4   2  94   1   0   0
  56000   12000000|  3   3  94   0   0   0
  51000   12000000|  3   3  94   0   0   0
  57000   11000000|  2   4  94   0   0   0
  47000 9182000|  2   2  96   0   0   0
  47000 8184000|  2   3  96   0   0   0
  38000 6708000|  2   2  94   1   0   0
  27000 5184000|  3   3  94   0   0   0
  26000 5737000|  2   2  95   0   0   0
  27000 5670000|  2   3  95   0   0   0
  29000 6071000|  2   3  95   0   0   0
  26000 5804000|  2   3  95   0   0   0
  27000 6137000|  3   3  93   1   0   0
  28000 5670000|  2   2  95   0   0   0
  27000 6137000|  2   3  95   0   0   0
  25000 5804000|  3   3  95   0   0   0
  30000 6438000|  3   2  95   0   0   0
  28000 6237000|  3   3  95   0   0   0
  27000 6368000|  2   3  94   1   0   0
  31000 6773000|  3   3  95   0   0   0
  31000 7004000|  3   2  95   0   0   0
  35000 7738000|  2   3  95   0   0   0
  35000 8072000|  2   3  95   0   0   0
  44000 9406000|  2   2  96   0   0   0
  43000 9740000|  2   3  93   1   0   0
  48000   11000000|  3   2  95   0   0   0
  51000   12000000|  1   2  97   0   0   0
  59000   15000000|  3   3  94   0   0   0
  63000   16000000|  2   3  95   0   0   0
  72000   19000000|  3   2  95   0   0   0
  84000   21000000|  3   4  92   1   0   0
  95000   24000000|  3   3  93   0   0   0
 109000   27000000| 26   3  70   0   0   1
 116000   21000000| 19   3  77   0   0   1
  54000 8917000|  3   2  95   0   0   0
 462B  148B|  2   3  96   0   0   0
2601B 1633B|  2   2  94   2   0   0
1194B 1540B|  2   4  95   0   0   0
 946B 1012B|  1   2  97   0   0   0
1224B 2246B|  2   2  95   0   0   0
1662B  145000|  2   3  95   0   0   0
1668B  261000|  2   3  96   0   0   0
2932B  554000|  2   2  95   1   0   0
4538B  848000|  2   3  96   0   0   0
8380B 1866000|  2   3  95   0   0   0
  14000 3221000|  2   2  96   0   0   0
  19000 4711000|  3   2  96   0   0   0
  32000 8431000|  1   3  96   0   0   0
  45000   12000000|  2   2  95   1   0   0
  79000   18000000|  3   2  95   0   0   0
  74000   15000000|  2   3  96   0   0   0
  72000   14000000|  2   4  95   0   0   0
  51000   11000000|  2   4  94   0   0   0
  64000   13000000|  2   2  96   0   0   0
  48000 8935000|  2   2  95   1   0   0
  45000   11000000|  3   2  95   0   0   0
  44000 9873000|  3   3  94   0   0   0
  51000   11000000|  2   3  95   0   0   0
  60000 9947000|  3   3  94   0   0   0
  41000 8002000|  2   3  95   0   0   0
  38000 8605000|  2   2  95   1   0   0
  39000 8739000|  2   3  95   0   0   0
  43000 9339000|  3   3  95   0   0   0
  42000 9006000|  3   3  95   0   0   0
  43000 9606000|  3   3  94   0   0   0
  39000 8872000|  2   3  95   0   0   0
  42000 9606000|  2   3  94   1   0   0
  38000 8806000|  2   3  95   0   0   0
  43000 9606000|  3   3  95   0   0   0
  40000 9006000|  3   3  94   0   0   0
  45000 9806000|  3   3  94   0   0   0
  43000 9633000|  2   2  96   0   0   0
  43000 9913000|  3   3  94   1   0   0
  46000   10000000|  2   2  95   0   0   0
  45000   10000000|  2   3  95   0   0   0
  50000   12000000|  3   3  94   0   0   0
  53000   12000000|  3   3  95   0   0   0
  59000   13000000|  3   3  94   0   0   0
  61000   14000000|  2   2  95   1   0   0
  70000   16000000|  3   3  94   0   0   0
  76000   12000000|  2   3  95   0   0   0
  61000   13000000|  3   4  93   0   0   0
  61000   14000000|  2   3  95   0   0   0
  66000   15000000|  2   2  96   0   0   0
  68000   15000000|  3   2  94   1   0   0
  69000   16000000|  2   3  95   0   0   0
  71000   16000000|  2   3  95   0   0   0
  74000   12000000|  3   3  94   0   0   0
  57000   12000000|  3   3  95   0   0   0
  57000   13000000|  2   3  95   0   0   0
  62000   13000000| 15   2  82   1   0   0
  63000   13000000| 28   2  70   0   0   1
  65000   14000000| 28   2  70   0   0   0
  63000   13000000| 10   2  87   0   0   1
  23000 2378000|  3   1  96   0   0   0
 169B  329B|  3   1  96   0   0   0
2534B 1570B|  2   2  94   1   0   0
1499B 1492B|  2   2  96   0   0   0
1254B 1092B|  1   2  96   0   0   0
 950B   17000|  2   3  96   0   0   0
1540B  154000|  2   3  95   0   0   0
1860B  261000|  2   3  95   0   0   0
3264B  563000|  2   2  95   1   0   0
4818B  913000|  2   3  95   0   0   0
9348B 1892000|  2   2  96   0   0   0
  11000 2708000|  2   3  95   0   0   0
  22000 5260000|  3   2  95   0   0   0
  32000 6957000|  1   3  96   0   0   0
  28000 6090000|  2   2  95   1   0   0
  31000 7205000|  3   3  95   0   0   0
  30000 7071000|  1   3  96   0   0   0
  36000 5890000|  2   3  95   0   0   0
  24000 5403000|  1   2  97   0   0   0
  27000 6317000|  3   2  95   0   0   0
  28000 5958000|  2   2  95   1   0   0
  32000 6604000|  4   2  94   0   0   0
  26000 5937000|  2   3  95   0   0   0
  29000 6578000|  2   3  95   0   0   0
  26000 6030000|  2   2  96   0   0   0
  30000 6537000|  2   3  95   0   0   0
  27000 6471000|  3   3  94   1   0   0
  28000 6337000|  2   3  95   0   0   0
  32000 6871000|  2   3  95   0   0   0
  30000 6604000|  2   2  96   0   0   0
  33000 7471000|  2   3  95   0   0   0
  33000 7271000|  3   3  94   0   0   0
  36000 8539000|  2   3  94   1   0   0
  40000 8715000|  2   2  96   0   0   0
  47000   10000000|  2   3  95   0   0   0
  48000   10000000|  3   2  95   0   0   0
  52000 9053000|  3   3  94   0   0   0
  42000 9072000|  2   2  96   0   0   0
  44000   10000000|  2   3  93   1   0   0
  46000   11000000|  3   2  95   0   0   0
  47000   10000000|  2   3  95   0   0   0
  49000   11000000|  2   3  95   0   0   0
  50000   11000000|  2   3  94   0   0   0
  50000   12000000|  3   4  94   0   0   0
  47000   11000000|  2   3  94   1   0   0
  56000   12000000|  2   2  95   0   0   0
  51000   11000000|  3   2  95   0   0   0
  52000   12000000|  3   2  95   0   0   0
  52000   11000000|  2   2  96   0   0   0
  54000   12000000|  1   3  96   0   0   0
  49000   11000000|  3   2  94   1   0   0
  53000   12000000|  3   3  95   0   0   0
  54000   12000000|  3   3  94   0   0   0
  55000 9038000|  5   8  88   0   0   0
  44000   10000000|  4   3  93   0   0   0
  45000   10000000|  3   3  94   0   0   0
  52000   11000000|  3   2  94   2   0   0
  50000   11000000|  2   3  96   0   0   0
  57000   12000000|  4   2  42  53   0   0
  52000   12000000|  2   2   0  96   0   0
  60000   13000000|  3   3   0  94   0   0
  59000   12000000|  2   3   0  95   0   0
  59000   13000000|  3   3  77  16   0   0
  52000   12000000|  2   3  95   0   0   0
  54000   12000000|  2   3  95   0   0   0
  52000   13000000|  2   3  95   0   0   0
  54000   12000000| 21   3  76   0   0   0
  58000   13000000| 28   3  69   0   0   0
  55000   12000000| 27   2  69   1   0   1
  56000   13000000| 23   3  75   0   0   0
  30000 4588000|  3   2  95   0   0   0
1513B 1617B|  2   2  96   0   0   0
1832B  846B|  2   2  96   0   0   0
1888B 1626B|  1   3  97   0   0   0
1048B 2264B|  2   1  95   2   0   0
1388B   95000|  2   3  95   0   0   0
1928B  246000|  1   1  97   0   0   0
3496B  522000|  2   1  97   0   0   0
5110B  913000|  2   2  96   0   0   0
9350B 1826000|  2   2  95   0   0   0
  14000 2993000|  2   3  95   1   0   0
  30000 5571000|  2   2  96   0   0   0
  31000 7872000|  2   2  96   0   0   0
  50000   13000000|  2   3  95   0   0   0
  67000   19000000|  3   3  94   0   0   0
 117000   29000000|  2   3  95   0   0   0
 102000   23000000|  2   2  94   1   0   0
 101000   26000000|  2   3  95   0   0   0
 111000   28000000|  3   4  93   0   0   0
 111000   28000000|  2   3  94   0   0   0
 116000   30000000|  2   3  80  15   0   0
 113000   29000000|  3   3  47  47   0   0
 127000   32000000|  3   4  35  58   0   1
 122000   30000000|  3   4  13  81   0   0
 137000   33000000|  3   3  17  77   0   0
 127000   31000000|  3   4  13  80   0   1
 142000   28000000|  3   2  38  56   0   0
  94000   23000000|  2   3  37  58   0   0
 107000   26000000|  3   2  83  13   0   0
 106000   25000000|  2   3  95   0   0   0
 112000   27000000|  3   3  94   0   0   0
 109000   27000000| 27   3  69   0   0   0
 112000   27000000| 18   3  79   0   0   1
  48000 6361000|  2   2  96   0   0   0
1871B 1411B|  1   3  95   2   0   0
1714B 1060B|  1   2  97   0   0   0
1362B 1562B|  2   3  95   0   0   0
1130B 2398B|  1   2  97   0   0   0
1960B   80000|  2   3  95   0   0   0
1696B  181000|  1   2  97   0   0   0
2394B  374000|  2   2  95   1   0   0
2390B  457000|  2   2  96   0   0   0
4454B  978000|  1   3  96   0   0   0
5856B 1358000|  2   3  96   0   0   0
  13000 2686000|  2   2  96   0   0   0
  14000 3528000|  2   3  95   0   0   0
  23000 6327000|  2   2  95   1   0   0
  33000 8939000|  2   2  96   0   0   0
  52000   15000000|  2   3  95   0   0   0
  76000   21000000|  2   3  95   0   0   0
 132000   35000000|  3   3  94   0   0   0
 140000   36000000|  3   4  94   0   0   0
 110000   34000000|  3   3  93   1   0   0
 107000   26000000|  3   3  94   0   0   0
 116000   30000000|  3   2  95   0   0   0
 120000   21000000|  2   3  95   0   0   0
  96000   23000000|  2   3  94   0   0   0
 100000   23000000|  2   3  95   0   0   0
 101000   24000000|  3   3  92   1   0   0
 102000   25000000|  2   3  95   0   0   0
 101000   24000000|  3   2  95   0   0   0
 110000   26000000|  2   3  95   0   0   0
 111000   22000000|  2   3  95   0   0   0
  89000   19000000|  2   3  96   0   0   0
  82000   13000000|  3   2  94   1   0   0
  62000   15000000|  1   2  97   0   0   0
  60000   14000000|  2   2  96   0   0   0
  67000   16000000|  2   2  96   0   0   0
  66000   15000000|  2   2  96   0   0   0
  68000   16000000| 13   4  83   0   0   0
  69000   16000000| 27   2  69   1   0   1
  69000   16000000| 21   2  77   0   0   0
  75000   13000000|  2   2  96   0   0   0
2499B 2313B|  3   2  96   0   0   0
1761B  716B|  2   2  97   0   0   0
1478B 1626B|  2   2  96   0   0   0
1810B 2772B|  1   2  95   2   0   0
1110B   34000|  2   2  96   0   0   0
1916B  193000|  2   2  97   0   0   0
2000B  329000|  2   2  96   0   0   0
4378B  698000|  2   3  96   0   0   0
7050B 1141000|  2   2  96   0   0   0
  11000 2316000|  2   3  94   1   0   0
  15000 3359000|  2   3  96   0   0   0
  26000 6431000|  2   3  95   0   0   0
  38000 9806000|  3   2  96   0   0   0
  54000   10000000|  2   3  95   0   0   0
  45000   10000000|  2   3  95   0   0   0
  44000   11000000|  2   3  94   1   0   0
  57000   10000000|  2   3  96   0   0   0
  37000 7975000|  2   3  95   0   0   0
  35000 6674000|  2   3  95   0   0   0
  29000 6537000|  1   3  96   0   0   0
  32000 7271000|  1   2  96   0   0   0
  32000 7071000|  2   2  95   1   0   0
  36000 7738000|  3   2  95   0   0   0
  31000 7071000|  2   2  96   0   0   0
  35000 7672000|  1   1  98   0   0   0
  32000 7338000|  2   2  96   0   0   0
  32000 7379000|  2   3  96   0   0   0
  32000 7497000|  2   3  95   1   0   0
  31000 7471000|  2   3  95   0   0   0
  35000 7805000|  2   3  95   0   0   0
  33000 7738000|  2   3  96   0   0   0
  37000 8339000|  2   2  96   0   0   0
  39000 8539000|  2   3  95   0   0   0
  40000 9339000|  2   4  94   1   0   0
  42000 9766000|  2   3  96   0   0   0
  45000   11000000|  2   3  95   0   0   0
  50000   12000000|  2   3  95   0   0   0
  55000   13000000|  1   3  95   0   0   0
  61000   15000000|  3   2  95   0   0   0
  66000   16000000|  2   3  95   1   0   0
  77000   18000000|  2   3  95   0   0   0
  74000   14000000|  2   2  96   0   0   0
  65000   15000000|  2   3  95   0   0   0
  71000   16000000|  2   2  95   0   0   0
  68000   17000000|  3   3  95   0   0   0
  79000   16000000|  3   2  94   1   0   0
  60000   13000000|  2   2  96   0   0   0
  58000   14000000|  2   2  96   0   0   0
  59000   14000000|  2   3  95   0   0   0
  61000   15000000|  3   2  95   0   0   0
  66000   14000000|  3   3  94   0   0   0
  63000   11000000|  2   3  94   1   0   0
  47000   11000000|  2   3  95   0   0   0
  51000   12000000|  2   2  96   0   0   0
  55000 8899000|  2   3  95   0   0   0
  42000 9089000|  2   3  96   0   0   0
  41000 9790000|  2   2  96   0   0   0
  47000 9024000|  2   2  95   1   0   0
  38000 7334000|  3   3  95   0   0   0
  33000 7538000| 22   2  75   0   0   0
  34000 8205000| 27   3  70   0   0   0
  35000 7872000| 28   2  70   0   0   0
  35000 8539000| 27   2  71   0   0   0
  42000 8272000| 27   3  69   1   0   0
  46000 8673000| 10   2  87   0   0   0
  35000 5646000|  2   2  96   0   0   0
1191B 1051B|  2   2  96   0   0   0
2272B 1570B|  1   2  97   0   0   0
2010B 1492B|  2   2  96   0   0   0
1336B 1092B|  2   2  94   2   0   0
3966B   17000|  2   3  95   0   0   0
1782B  163000|  2   1  97   0   0   0
1824B  258000|  2   2  96   0   0   0
3315B  492000|  2   2  96   0   0   0
4146B  913000|  1   2  97   0   0   0
7154B 1287000|  2   2  95   1   0   0
  11000 2431000|  2   2  96   0   0   0
  14000 2277000|  2   2  96   0   0   0
9916B 2436000|  2   2  96   0   0   0
  11000 2668000|  2   3  96   0   0   0
  13000 3002000|  2   2  96   0   0   0
  13000 2935000|  2   2  95   1   0   0
  13000 3002000|  2   2  96   0   0   0
  12000 2935000|  2   3  96   0   0   0
  12000 3002000|  2   2  96   0   0   0
  14000 2962000|  1   2  97   0   0   0
  14000 3042000|  2   1  97   0   0   0
  12000 3135000|  2   2  95   1   0   0
  14000 3402000|  2   2  96   0   0   0
  13000 3469000|  2   2  96   0   0   0
  16000 3869000|  3   2  96   0   0   0
  16000 4269000|  2   2  96   0   0   0
  19000 5101000|  2   2  96   0   0   0
  22000 5639000|  2   2  94   1   0   0
  27000 6831000|  2   2  96   0   0   0
  31000 7645000|  2   2  96   0   0   0
  39000 6781000|  2   2  96   0   0   0
  27000 6738000|  2   2  96   0   0   0
  29000 7538000|  3   2  95   0   0   0
  32000 7703000|  2   2  96   1   0   0
  33000 8174000|  2   2  96   0   0   0
  32000 8405000|  2   2  96   0   0   0
  35000 8339000|  2   2  96   0   0   0
  33000 8672000|  2   3  96   0   0   0
  33000 8272000|  2   3  95   0   0   0
  36000 8672000|  2   3  94   1   0   0
  34000 8272000|  2   2  96   0   0   0
  35000 8797000|  2   2  96   0   0   0
  31000 8348000|  2   3  95   0   0   0
  35000 9006000|  2   2  97   0   0   0
  34000 8739000|  1   3  95   0   0   0
  36000 9406000|  2   2  95   1   0   0
  38000 9740000|  2   2  96   0   0   0
  40000   10000000|  2   2  96   0   0   0
  45000   11000000|  3   3  95   0   0   0
  45000   11000000|  2   3  95   0   0   0
  54000   13000000|  2   3  96   0   0   0
  53000   13000000|  2   3  94   1   0   0
  62000   16000000|  2   3  96   0   0   0
  64000   16000000|  2   2  95   0   0   0
  78000   20000000|  2   3  95   0   0   0
  79000   21000000|  2   4  95   0   0   0
  96000   25000000|  2   4  94   0   0   0
 110000   27000000|  2   3  93   1   0   0
 128000   23000000|  2   3  95   0   0   0
  98000   23000000|  2   3  96   0   0   0
 104000   20000000|  3   3  94   0   0   0
  77000   18000000|  3   3  95   0   0   0
  73000   17000000|  1   3  96   0   0   0
  81000   20000000| 24   3  72   1   0   1
  77000   18000000| 27   3  70   0   0   0
  84000   21000000|  8   3  88   0   0   0
  21000 1671000|  2   2  96   0   0   0
2772B 1617B|  1   2  97   0   0   0
2666B 1626B|  1   2  97   0   0   0
1090B 1012B|  2   2  95   1   0   0
1315B 2098B|  2   2  97   0   0   0
2394B  111000|  2   1  97   0   0   0
1777B  221000|  1   3  96   0   0   0
3451B  465000|  2   2  97   0   0   0
3795B  652000|  1   2  97   0   0   0
5912B 1174000|  2   1  96   1   0   0
  10000 2152000|  1   2  97   0   0   0
  18000 3721000|  1   2  97   0   0   0
  22000 6071000|  2   2  97   0   0   0
  36000 9473000|  2   2  96   0   0   0
  57000   16000000|  2   2  96   0   0   0
  76000   21000000|  2   2  94   2   0   0
 119000   25000000|  3   2  95   0   0   0
  87000   21000000|  3   2  95   0   0   1
 105000   26000000|  2   3  95   0   0   0
  96000   24000000|  2   3  95   0   0   0
 119000   24000000|  3   2  95   0   0   0
  81000   19000000|  2   3  94   1   0   0
  94000   18000000|  2   3  96   0   0   0
  61000   15000000|  2   2  96   0   0   0
  63000   16000000|  2   2  95   0   0   0
  68000   16000000|  2   3  95   0   0   0
  67000   16000000|  2   2  96   0   0   0
  76000   18000000|  1   3  94   1   0   0
  68000   16000000|  2   3  95   0   0   0
  72000   18000000|  2   2  96   0   0   0
  65000   16000000|  2   2  96   0   0   0
  77000   18000000|  2   2  96   0   0   0
  69000   16000000|  2   3  95   0   0   0
  76000   18000000|  2   2  94   1   0   0
  69000   17000000|  2   3  95   0   0   0
  72000   18000000|  2   2  96   0   0   0
  74000   17000000|  2   3  96   0   0   0
  73000   18000000|  3   2  95   0   0   0
  74000   18000000|  2   3  95   0   0   0
  73000   18000000|  2   3  93   1   0   0
  78000   20000000| 27   3  70   0   0   0
  74000   19000000| 27   2  71   0   0   0
  91000   17000000|  4   3  93   0   0   0
1684B  996B|  2   1  97   0   0   0
1355B 1411B|  2   1  97   0   0   0
1868B 1060B|  1   1  97   1   0   0
1390B 1696B|  1   1  98   0   0   0
1330B 2264B|  1   2  97   0   0   0
1370B   80000|  2   2  96   0   0   0
2078B  196000|  2   1  97   0   0   0
2414B  391000|  2   2  96   0   0   0
2570B  554000|  2   2  96   1   0   0
4846B 1076000|  1   2  96   0   0   0
6046B 1402000|  2   2  96   0   0   0
9930B 2642000|  1   2  97   0   0   0
  13000 3490000|  2   2  96   0   0   0
  23000 6271000|  1   2  96   0   0   0
  39000 8472000|  1   2  95   1   0   0
  54000   15000000|  2   3  96   0   0   0
  67000   19000000|  2   3  95   0   0   0
 120000   33000000|  2   2  95   0   0   0
 114000   24000000|  2   3  95   0   0   0
 116000   30000000|  2   2  96   0   0   0
 112000   29000000|  2   2  94   1   0   0
 126000   32000000|  2   2  96   0   0   1
 129000   33000000|  2   2  96   0   0   0
 134000   33000000|  3   2  95   0   0   0
 142000   35000000|  2   1  96   0   0   0
 133000   34000000|  3   3  94   0   0   1
 147000   38000000|  2   2  94   1   0   0
 133000   31000000|  2   3  94   0   0   1
 124000   27000000|  3   2  95   0   0   0
  98000   25000000|  2   2  96   0   0   0
 119000   30000000|  2   2  95   0   0   0
 115000   26000000| 13   3  84   0   0   1
 111000   22000000| 26   3  70   1   0   1
  88000   19000000|  4   2  93   0   0   0
  11000  996B|  2   2  96   0   0   0
1227B 1411B|  1   2  97   0   0   0
6398B 1060B|  1   1  98   0   0   0
1294B 1696B|  1   1  98   0   0   0
2086B 2264B|  2   1  96   2   0   0
1178B   80000|  2   2  96   0   0   0
1520B  196000|  2   2  97   0   0   0
2152B  391000|  1   2  97   0   0   0
3212B  685000|  2   1  97   0   0   0
4392B 1109000|  1   2  97   0   0   0
6630B 1631000|  1   2  96   1   0   0
  11000 2900000|  2   2  96   0   0   0
  16000 4175000|  2   2  97   0   0   0
  25000 7176000|  1   1  97   0   0   0
  37000   10000000|  2   2  96   0   0   0
  56000   16000000|  2   2  96   0   0   0
  85000   24000000|  2   2  95   1   0   0
 140000   31000000|  3   3  95   0   0   0
 117000   28000000|  2   2  97   0   0   0
 114000   29000000|  3   2  95   0   0   0
 126000   32000000|  2   2  96   0   0   0
 125000   25000000|  2   3  96   0   0   0
  98000   25000000|  2   2  94   1   0   0
  89000   23000000|  2   2  95   0   0   0
 103000   27000000|  2   3  95   0   0   0
  96000   25000000|  2   2  96   0   0   0
 113000   28000000|  2   2  95   0   0   0
 107000   26000000|  2   2  95   0   0   0
 108000   27000000|  2   3  94   1   0   0
 103000   27000000|  2   2  95   0   0   0
 110000   28000000|  2   2  95   0   0   0
 109000   27000000|  2   2  96   0   0   0
 105000   20000000|  3   2  96   0   0   0
  93000   21000000| 25   2  73   0   0   0
  78000   15000000| 27   2  71   1   0   0
  72000   17000000| 13   3  84   0   0   1
  53000 9149000|  1   2  97   0   0   0
1751B 1481B|  1   2  97   0   0   0
1904B 1060B|  1   1  99   0   0   0
1572B 1696B|  2   1  97   0   0   0
 856B 2264B|  1   2  96   2   0   0
2386B   80000|  2   2  96   0   0   0
2166B  222000|  1   2  97   0   0   0
2076B  430000|  1   1  98   0   0   0
2494B  554000|  1   2  97   0   0   0
4692B 1076000|  1   2  97   0   0   0
6620B 1533000|  1   2  96   1   0   0
  11000 2772000|  1   2  97   0   0   0
  16000 4057000|  1   2  97   0   0   0
  22000 6377000|  2   2  97   0   0   0
  36000   10000000|  2   2  97   0   0   0
  51000   13000000|  2   2  96   0   0   0
  60000   12000000|  1   2  96   1   0   0
  42000 8700000|  2   2  96   0   0   0
  42000 9940000|  1   3  96   0   0   0
  41000 9406000|  2   1  97   0   0   0
  45000   11000000|  2   2  96   0   0   0
  44000 9740000|  1   3  96   0   0   0
  46000   11000000|  1   2  96   1   0   0
  46000   10000000|  2   2  96   0   0   0
  52000   11000000|  2   2  96   0   0   0
  49000   10000000|  6   2  92   0   0   0
  48000   11000000|  1   3  96   0   0   0
  50000   11000000|  2   2  96   0   0   0
  47000   10000000|  2   2  94   3   0   0
  48000   11000000|  2   2  97   0   0   0
  46000   10000000|  2   2  96   0   0   0
  51000   12000000|  2   2  96   0   0   0
  47000   11000000|  1   2  97   0   0   0
  55000   13000000|  1   3  96   0   0   0
  53000   12000000|  2   2  95   1   0   0
  61000   15000000|  2   2  96   0   0   0
  60000   14000000|  2   2  96   0   0   0
  74000   17000000|  2   2  96   0   0   0
  75000   17000000|  2   2  96   0   0   0
  90000   17000000|  2   2  96   0   0   0
  69000   15000000|  2   2  95   1   0   0
  67000   16000000|  2   2  95   0   0   0
  71000   18000000|  2   3  96   0   0   0
  71000   17000000|  2   2  96   0   0   0
  81000   19000000|  2   1  96   0   0   0
  73000   18000000|  2   2  95   0   0   0
  82000   20000000|  1   2  96   1   0   0
  76000   18000000|  2   3  95   0   0   0
  78000   20000000|  2   3  96   0   0   0
  71000   19000000|  2   2  96   0   0   0
  83000   20000000| 22   2  75   0   0   1
  89000   17000000| 26   2  72   0   0   0
  63000   15000000| 17   3  79   1   0   0
  34000 5808000|  1   1  98   0   0   0
 557B  329B|  1   2  97   0   0   0
3222B 1570B|  1   1  98   0   0   0
1576B 1492B|  1   2  97   0   0   0
 852B 1092B|  1   1  98   0   0   0
1114B   17000|  1   2  95   2   0   0
1376B  150000|  1   1  97   0   0   0
2894B  307000|  1   2  98   0   0   0
2828B  457000|  1   2  97   0   0   0
4982B  815000|  1   2  97   0   0   0
9590B 1663000|  1   2  97   0   0   0
  12000 1678000|  1   1  97   1   0   0
  14000 1729000|  1   2  97   0   0   0
8642B 1865000|  1   2  97   0   0   0
8664B 1868000|  2   1  97   0   0   0
9443B 1935000|  2   2  96   0   0   0
  14000 2201000|  1   1  98   0   0   0
  13000 2135000|  2   2  96   1   0   0
  11000 2201000|  1   2  97   0   0   0
  11000 2201000|  1   2  97   0   0   0
  11000 2268000|  2   2  97   0   0   0
  12000 2268000|  1   2  97   0   0   0
  12000 2535000|  1   2  97   0   0   0
  14000 2935000|  1   2  96   1   0   0
  13000 3135000|  1   2  97   0   0   0
  17000 4136000|  1   2  97   0   0   0
  21000 4570000|  1   1  98   0   0   0
  21000 3638000|  1   2  97   0   0   0
  18000 4203000|  1   3  96   0   0   0
  20000 4269000|  1   2  97   1   0   0
  23000 4936000|  1   2  97   0   0   0
  22000 4536000|  1   1  98   0   0   0
  24000 5070000|  1   1  98   0   0   0
  21000 4536000|  2   2  96   0   0   0
  21000 5070000|  1   3  96   0   0   0
  19000 4536000|  2   2  95   1   0   0
  21000 5070000|  1   2  97   0   0   0
  21000 4598000|  1   2  97   0   0   0
  26000 5323000|  2   2  97   0   0   0
  26000 3854000|  2   1  97   0   0   0
  20000 4379000|  1   2  97   0   0   0
  21000 4493000|  1   2  96   1   0   0
  23000 4870000|  1   2  96   0   0   0
  22000 5070000|  2   2  96   0   0   0
  24000 5027000|  1   2  97   0   0   0
  25000 5380000|  1   2  97   0   0   0
  23000 4965000|  1   1  97   0   0   0
  26000 5406000|  1   2  96   1   0   0
  24000 5039000|  1   2  97   0   0   0
  26000 5270000|  1   2  97   0   0   0
  24000 5137000|  2   1  97   0   0   0
  26000 5568000|  1   2  97   0   0   0
  27000 5639000|  2   1  97   0   0   0
  28000 6071000|  2   2  95   1   0   0
  32000 6671000|  2   1  97   0   0   0
  32000 7138000|  2   2  96   0   0   0
  35000 8138000|  1   2  97   0   0   0
  37000 8806000|  1   1  98   0   0   0
  45000   10000000|  1   2  97   0   0   0
  48000   11000000|  1   2  96   1   0   0
  53000   13000000|  2   2  96   0   0   0
  63000   15000000|  1   1  98   0   0   0
  71000   17000000|  2   2  96   0   0   0
  80000   20000000|  1   2  97   0   0   0
  92000   23000000|  2   2  96   0   0   0
 103000   26000000|  1   3  95   1   0   0
 115000   29000000|  2   2  97   0   0   0
 131000   33000000|  2   2  96   0   0   0
 145000   37000000|  1   2  97   0   0   0
 136000   36000000|  2   2  96   0   0   0
 122000   29000000|  2   2  96   0   0   0
 110000   29000000| 21   2  76   1   0   0
 140000   31000000| 12   3  85   0   0   0
  22000 1090B|  1   2  97   0   0   0
1355B 1411B|  1   1  98   0   0   0
2124B 1060B|  1   2  97   0   0   0
1838B 1696B|  1   2  98   0   0   0
1176B 2264B|  1   1  96   2   0   0
1664B   80000|  1   2  97   0   0   0
1764B  228000|  1   1  98   0   0   0
1452B  308000|  2   1  97   0   0   0
3170B  605000|  1   1  98   0   0   0
4248B  848000|  1   1  97   0   0   0
7038B 1631000|  1   1  97   1   0   0
8148B 2152000|  1   2  97   0   0   0
  15000 3979000|  1   2  97   0   0   0
  18000 5186000|  1   2  97   0   0   0
  33000 9091000|  1   2  97   0   0   0
  45000   12000000|  1   2  97   0   0   0
  66000   13000000|  1   2  96   1   0   0
  50000   12000000|  1   2  97   0   0   0
  61000   14000000|  1   2  97   0   0   0
  62000   14000000|  1   2  97   0   0   0
  65000   15000000|  1   3  96   0   0   0
  68000   16000000|  2   2  96   0   0   0
  64000   15000000|  1   2  96   1   0   0
  74000   17000000|  2   3  96   0   0   0
  64000   15000000|  2   2  97   0   0   0
  72000   17000000|  1   2  97   0   0   0
  65000   11000000|  1   2  97   0   0   0
  55000   13000000|  1   2  97   0   0   0
  57000   12000000|  1   2  96   1   0   0
  56000   10000000|  2   1  97   0   0   0
  44000 9673000|  2   2  97   0   0   0
  48000   11000000|  1   2  97   0   0   0
  48000   11000000|  2   1  97   0   0   0
  48000   11000000|  2   2  96   0   0   0
  46000   11000000|  1   2  96   1   0   0
  50000   11000000|  1   2  97   0   0   0
  52000   12000000|  2   2  97   0   0   0
  47000   11000000|  2   2  96   0   0   0
  54000   12000000|  2   1  97   0   0   0
  48000   11000000|  1   2  97   0   0   0
  54000   12000000|  2   2  96   1   0   0
  50000   11000000|  1   2  97   0   0   0
  58000   12000000|  1   2  97   0   0   0
  48000   11000000|  2   2  97   0   0   0
  54000   13000000|  1   2  97   0   0   0
  52000   12000000|  2   1  97   0   0   0
  56000   14000000|  1   2  97   1   0   0
  61000   15000000|  2   2  96   0   0   0
  61000   15000000|  2   2  96   0   0   0
  70000   17000000|  2   3  96   0   0   0
  70000   13000000|  2   2  96   0   0   0
  58000   14000000|  2   2  96   0   0   0
  57000   14000000|  4   2  93   1   0   0
  65000   16000000| 27   2  71   0   0   0
  60000   15000000| 26   2  72   0   0   0
  69000   17000000| 12   2  86   0   0   1
  14000 2243B|  1   2  97   0   0   0
1949B  786B|  1   1  98   0   0   0
1866B 1626B|  1   1  95   2   0   0
1530B 2772B|  1   2  97   0   0   0
1056B   34000|  1   1  97   0   0   0
1434B  144000|  1   2  97   0   0   0
2087B  291000|  1   2  97   0   0   0
1802B  362000|  2   1  97   0   0   0
4024B  750000|  1   1  97   1   0   0
5716B 1305000|  1   2  97   0   0   0
7682B 1794000|  1   2  97   0   0   0
  10000 2351000|  2   1  97   0   0   0
  14000 3402000|  1   2  97   0   0   0
  23000 3777000|  2   1  97   0   0   0
  20000 5229000|  2   1  96   1   0   0
  22000 6071000|  1   2  97   0   0   0
  36000 7704000|  2   2  96   0   0   0
  36000 5856000|  1   2  97   0   0   0
  29000 7004000|  2   1  97   0   0   0
  29000 6910000|  2   2  96   0   0   0
  31000 5642000|  2   2  95   1   0   0
  22000 5604000|  2   2  97   0   0   0
  24000 6137000|  2   2  97   0   0   0
  24000 6071000|  1   2  97   0   0   0
  27000 6471000|  2   2  97   0   0   0
  26000 6271000|  1   1  97   0   0   0
  26000 6271000|  2   2  96   1   0   0
  26000 6368000|  1   2  97   0   0   0
  24000 6173000|  1   2  97   0   0   0
  25000 6471000|  1   1  97   0   0   0
  23000 6137000|  2   1  97   0   0   0
  29000 6871000|  1   2  97   0   0   0
  26000 6671000|  2   2  96   1   0   0
  32000 7338000|  1   2  97   0   0   0
  29000 7538000|  1   2  97   0   0   0
  33000 8478000|  2   2  96   0   0   0
  35000 8933000|  2   2  97   0   0   0
  43000   10000000|  2   1  96   0   0   0
  43000   11000000|  2   2  95   1   0   0
  53000   13000000|  1   2  97   0   0   0
  59000   14000000|  1   2  97   0   0   0
  64000   16000000|  2   2  97   0   0   0
  76000   18000000|  2   2  96   0   0   0
  82000   20000000|  2   2  96   0   0   0
  96000   24000000|  2   3  95   1   0   0
 107000   27000000|  1   2  97   0   0   0
 114000   30000000|  2   2  96   0   0   0
 129000   34000000|  2   3  96   0   0   0
 144000   38000000|  2   2  96   0   0   0
 141000   37000000|  1   2  96   0   0   0
 124000   28000000|  2   2  95   1   0   0
  97000   21000000|  2   2  97   0   0   0
  88000   23000000| 21   2  77   0   0   1
  87000   22000000| 23   2  75   0   0   0
  75000   14000000|  1   2  98   0   0   0
 730B  218B|  1   1  98   0   0   0
2421B 1633B|  1   1  96   2   0   0
1300B 1540B|  1   1  98   0   0   0
1186B 1012B|  1   1  98   0   0   0
1204B 2246B|  1   1  98   0   0   0
1382B  145000|  1   1  98   0   0   0
1550B  216000|  1   1  98   0   0   0
3070B  497000|  1   1  97   1   0   0
3906B  689000|  1   1  99   0   0   0
6622B 1435000|  1   1  98   0   0   0
  10000 2087000|  2   2  97   0   0   0
  18000 4295000|  1   2  97   0   0   0
  25000 6290000|  1   2  97   0   0   0
  44000 8365000|  1   2  97   1   0   0
  35000 7778000|  1   1  98   0   0   0
  36000 8138000|  1   1  98   0   0   0
  40000 9101000|  1   2  97   0   0   0
  43000 7111000|  2   2  96   0   0   0
  31000 7160000|  1   2  97   0   0   0
  32000 7004000|  1   1  97   1   0   0
  34000 7738000|  1   1  97   0   0   0
  39000 7405000|  1   1  98   0   0   0
  36000 8138000|  1   2  97   0   0   0
  32000 7405000|  1   2  97   0   0   0
  37000 8072000|  1   2  97   0   0   0
  33000 7672000|  2   1  96   1   0   0
  34000 7872000|  1   1  98   0   0   0
  36000 5922000|  1   1  97   0   0   0
  29000 6426000|  2   2  97   0   0   0
  31000 6738000|  1   2  97   0   0   0
  33000 7205000|  1   2  97   0   0   0
  33000 7471000|  1   1  97   1   0   0
  35000 7605000|  1   2  97   0   0   0
  38000 7938000|  2   1  98   0   0   0
  32000 7538000|  1   2  97   0   0   0
  35000 7984000|  1   2  97   0   0   0
  34000 7626000|  2   2  96   0   0   0
  36000 7938000|  1   1  97   1   0   0
  34000 7672000|  2   1  97   0   0   0
  35000 8014000|  1   2  97   0   0   0
  39000 8130000|  2   2  97   0   0   0
  37000 8272000|  1   2  97   0   0   0
  41000 8672000|  2   2  96   0   0   0
  42000 9006000|  1   1  96   1   0   0
  43000 9806000|  1   1  97   0   0   0
  46000   10000000|  2   1  97   0   0   0
  52000   11000000|  2   2  96   0   0   0
  57000   12000000|  1   2  97   0   0   0
  60000   14000000|  2   1  97   0   0   0
  72000   13000000|  2   2  96   1   0   0
  51000   12000000|  2   1  97   0   0   0
  54000   12000000|  2   1  97   0   0   0
  56000   13000000|  2   2  96   0   0   0
  58000   14000000|  1   2  97   0   0   0
  57000   14000000|  1   2  97   0   0   0
  61000   15000000|  2   2  96   1   0   0
  62000   14000000|  2   2  97   0   0   0
  63000   15000000|  2   2  96   0   0   0
  60000   15000000|  1   2  97   0   0   0
  64000   15000000|  2   2  97   0   0   0
  65000   15000000|  2   2  96   0   0   0
  68000   15000000|  1   1  97   1   0   0
  62000   11000000|  1   1  98   0   0   0
  52000   12000000|  4   2  94   0   0   0
  55000   13000000| 25   2  72   0   0   1
  56000   13000000| 26   2  72   0   0   0
  58000   14000000| 25   2  73   0   0   1
  58000   11000000|  5   2  92   1   0   0
2115B 2039B|  1   2  97   0   0   0
2002B 1154B|  1   1  98   0   0   0
1102B 1562B|  1   1  98   0   0   0
1454B 2398B|  1   2  97   0   0   0
1608B   58000|  1   2  96   2   0   0
1432B  153000|  1   1  98   0   0   0
2876B  359000|  1   1  98   0   0   0
7162B  620000|  1   1  98   0   0   0
3954B  848000|  1   1  97   0   0   0
7528B 1729000|  1   1  98   0   0   0
  11000 2511000|  1   2  96   1   0   0
  17000 4489000|  1   1  98   0   0   0
  26000 6337000|  2   1  98   0   0   0
  43000   11000000|  1   2  97   0   0   0
  58000   15000000|  2   2  96   0   0   0
 109000   22000000|  2   2  96   0   0   0
  79000   18000000|  1   2  96   1   0   0
  86000   22000000|  1   2  97   0   0   0
  82000   20000000|  1   2  97   0   0   0
  87000   17000000|  2   2  96   0   0   0
  67000   16000000|  1   2  97   0   0   0
  78000   16000000|  1   2  97   0   0   0
  61000   13000000|  1   2  96   1   0   0
  55000   13000000|  2   1  97   0   0   0
  59000   14000000|  1   2  97   0   0   0
  55000   13000000|  1   2  97   0   0   0
  63000   15000000|  2   2  96   0   0   0
  59000   14000000|  1   2  98   0   0   0
  67000   12000000|  2   1  96   1   0   0
  44000   10000000|  1   2  97   0   0   0
  51000   12000000|  1   2  97   0   0   0
  49000   11000000|  1   2  97   0   0   0
  51000   13000000|  1   2  97   0   0   0
  52000   12000000|  2   2  96   0   0   0
  47000   12000000|  1   2  96   1   0   0
  49000   13000000|  1   2  97   0   0   0
  45000   12000000|  1   2  97   0   0   0
  53000   10000000|  2   1  97   0   0   0
  37000 9473000|  1   2  97   0   0   0
  43000   11000000|  1   2  97   0   0   0
  41000   11000000|  1   1  96   1   0   0
  46000   12000000|  2   1  97   0   0   0
  43000   11000000|  1   2  97   0   0   0
  50000   13000000|  2   1  97   0   0   0
  47000   12000000|  1   2  97   0   0   0
  50000   13000000|  2   2  96   0   0   0
  48000   12000000|  1   2  97   1   0   0
  48000   12000000|  1   2  97   0   0   0
  52000   13000000|  2   1  97   0   0   0
  49000   12000000|  8   3  90   0   0   0
  55000   13000000| 26   2  72   0   0   1
  50000   12000000| 26   2  72   0   0   0
  49000   13000000| 17   2  80   1   0   0
  50000   10000000|  1   2  97   0   0   0
1319B 1051B|  1   1  98   0   0   0
2598B 1570B|  1   1  98   0   0   0
1508B 1492B|  1   1  98   0   0   0
1304B 1092B|  1   1  98   0   0   0
1512B   36000|  1   2  96   1   0   0
1642B  144000|  1   2  97   0   0   0
1772B  326000|  1   1  99   0   0   0
2725B  424000|  1   1  98   0   0   0
3878B  815000|  1   1  98   0   0   0
4642B 1109000|  1   1  98   0   0   0
  10000 2120000|  1   1  97   1   0   0
  12000 3192000|  1   1  98   0   0   0
  20000 5403000|  1   1  97   0   0   0
  28000 7872000|  2   1  98   0   0   0
  49000   10000000|  1   1  98   0   0   0
  38000 9273000|  1   2  97   0   0   0
  39000   10000000|  1   2  97   1   0   0
  41000   10000000|  2   2  97   0   0   0
  45000   11000000|  2   2  96   0   0   0
  43000   11000000|  2   2  97   0   0   0
  48000   12000000|  1   2  98   0   0   0
  47000   12000000|  1   2  97   0   0   0
  47000   12000000|  2   1  96   1   0   0
  49000   12000000|  1   2  98   0   0   0
  46000   12000000|  1   2  96   0   0   0
  47000   12000000|  1   2  97   0   0   0
  46000   12000000|  2   2  97   0   0   0
  49000   12000000|  1   2  98   0   0   0
  50000   12000000|  1   1  97   1   0   0
  54000   12000000|  1   1  98   0   0   0
  48000   12000000|  2   1  97   0   0   0
  52000   13000000|  1   1  98   0   0   0
  51000   13000000|  2   2  97   0   0   0
  54000   14000000|  2   1  97   0   0   0
  54000   14000000|  1   2  96   1   0   0
  61000   16000000|  2   1  97   0   0   0
  63000   17000000|  2   2  97   0   0   0
  69000   18000000|  1   1  97   0   0   0
  74000   20000000|  1   2  97   0   0   0
  82000   21000000|  1   2  97   0   0   0
  90000   24000000|  1   2  96   1   0   0
 102000   26000000|  2   3  96   0   0   0
 112000   20000000|  2   2  97   0   0   0
  81000   21000000|  1   1  97   0   0   0
  94000   18000000|  2   1  97   0   0   0
  64000   16000000|  1   2  97   0   0   0
  72000   17000000|  1   1  97   1   0   0
  70000   17000000| 21   2  76   0   0   1
  71000   18000000| 25   2  72   0   0   0
  87000   15000000| 13   2  85   0   0   1
  51000 8413000|  1   2  98   0   0   0
1573B 1051B|  1   1  98   0   0   0
2780B 1570B|  0   2  97   2   0   0
1928B 1492B|  1   1  98   0   0   0
1483B 1092B|  1   1  98   0   0   0
1486B   17000|  1   2  98   0   0   0
1984B  130000|  1   1  98   0   0   0
2196B  294000|  1   1  98   0   0   0
2776B  489000|  1   1  97   1   0   0
5088B  848000|  1   1  98   0   0   0
7600B 1631000|  1   1  98   0   0   0
  12000 2479000|  1   2  97   0   0   0
  19000 4680000|  1   1  98   0   0   0
  29000 7205000|  1   2  97   0   0   0
  44000   12000000|  1   1  96   1   0   0
  62000   17000000|  1   2  97   0   0   0
  99000   28000000|  1   2  96   0   0   0
 140000   40000000|  1   3  96   0   0   0
 110000   35000000|  1   2  96   0   0   0
 105000   32000000|  1   3  96   0   0   0
 100000   29000000|  1   2  96   1   0   0
 115000   31000000|  2   2  96   0   0   0
 127000   33000000|  1   2  97   0   0   0
 125000   34000000|  2   2  96   0   0   0
 140000   35000000|  1   2  97   0   0   0
 136000   37000000|  1   3  96   0   0   0
 133000   35000000|  1   2  96   1   0   0
 109000   34000000|  1   2  97   0   0   0
 116000   34000000|  1   4  95   0   0   0
 115000   31000000|  6   3  91   0   0   0
  96000   26000000| 26   1  73   0   0   0
  95000   18000000|  2   2  96   0   0   1
1441B 1051B|  0   1  97   2   0   0
2464B 1570B|  0   1  98   0   0   0
1470B 1492B|  1   1  98   0   0   0
1298B 1092B|  1   1  98   0   0   0
2574B   17000|  1   2  98   0   0   0
9452B  163000|  1   1  98   0   0   0
1184B  252000|  1   1  97   1   0   0
3948B  498000|  1   1  98   0   0   0
3656B  652000|  1   1  98   0   0   0
6580B 1305000|  1   1  98   0   0   0
8610B 2007000|  1   1  98   0   0   0
  12000 1887000|  1   1  98   0   0   0
  12000 1831000|  1   1  97   1   0   0
  10000 2388000|  1   1  98   0   0   0
9472B 2276000|  1   1  98   0   0   0
  12000 1822000|  1   2  97   0   0   0
8242B 1801000|  1   1  98   0   0   0
8922B 1868000|  1   1  98   0   0   0
8172B 1979000|  1   1  97   1   0   0
8554B 1957000|  1   1  99   0   0   0
8376B 1935000|  1   1  98   0   0   0
8450B 1967000|  1   1  98   0   0   0
8340B 2029000|  1   2  98   0   0   0
9290B 2090000|  1   1  98   0   0   0
  10000 2252000|  1   1  97   1   0   0
  11000 2535000|  1   2  98   0   0   0
  13000 2736000|  1   1  98   0   0   0
  14000 3335000|  1   1  97   0   0   0
  15000 3869000|  1   1  98   0   0   0
  18000 4670000|  1   1  98   0   0   0
  21000 5670000|  1   1  97   1   0   0
  26000 6871000|  1   1  98   0   0   0
  30000 8072000|  1   2  97   0   0   0
  37000   10000000|  1   1  97   0   0   0
  44000   11000000|  1   1  98   0   0   0
  52000   14000000|  1   1  98   0   0   0
  61000   16000000|  1   1  97   1   0   0
  78000   16000000|  1   1  98   0   0   0
  58000   14000000|  1   2  97   0   0   0
  58000   15000000|  1   2  97   0   0   0
  63000   16000000|  1   2  97   0   0   0
  64000   17000000|  1   1  97   0   0   0
  68000   18000000|  1   2  96   1   0   0
  67000   18000000|  1   2  97   0   0   0
  69000   19000000|  1   2  97   0   0   0
  67000   18000000|  1   1  98   0   0   0
  74000   19000000|  1   1  98   0   0   0
  68000   18000000|  1   2  98   0   0   0
  77000   19000000|  2   1  96   1   0   0
  75000   19000000|  1   2  97   0   0   0
  78000   19000000|  1   1  98   0   0   0
  67000   18000000|  2   2  97   0   0   0
  69000   19000000|  1   2  98   0   0   0
  72000   19000000|  1   2  97   0   0   0
  69000   19000000|  1   1  97   1   0   0
  76000   19000000|  1   1  98   0   0   0
  71000   14000000|  1   1  97   0   0   0
  59000   15000000|  1   1  98   0   0   0
  64000   17000000|  1   2  98   0   0   0
  66000   17000000| 25   2  73   0   0   0
  73000   18000000| 26   1  71   1   0   0
  71000   18000000| 11   2  87   0   0   0
  16000   13000|  1   1  98   0   0   0
1551B 1411B|  1   1  99   0   0   0
3118B 1060B|  0   1  99   0   0   0
1362B 1696B|  1   1  97   2   0   0
3930B 2264B|  1   1  98   0   0   0
1228B   58000|  1   2  98   0   0   0
1732B  218000|  1   1  98   0   0   0
2080B  326000|  1   1  98   0   0   0
3691B  717000|  0   1  99   0   0   0
5438B 1044000|  1   2  97   1   0   0
9716B 2037000|  1   1  98   0   0   0
  11000 1542000|  1   1  97   0   0   0
  10000 2065000|  1   1  98   0   0   0
8916B 1935000|  1   1  98   0   0   0
  11000 2268000|  0   2  98   0   0   0
  12000 2201000|  0   1  97   1   0   0
  12000 2238000|  1   1  98   0   0   0
  12000 2231000|  1   1  99   0   0   0
  13000 2268000|  1   1  98   0   0   0
  12000 2280000|  1   1  98   0   0   0
  11000 2256000|  1   1  98   0   0   0
  13000 2496000|  1   1  97   1   0   0
  13000 2507000|  1   1  98   0   0   0
  15000 3269000|  1   1  98   0   0   0
  15000 3269000|  1   1  98   0   0   0
  19000 4203000|  1   2  97   0   0   0
  22000 3238000|  1   1  98   0   0   0
  18000 3785000|  1   1  97   1   0   0
  17000 3869000|  1   2  98   0   0   0
  20000 4203000|  1   1  98   0   0   0
  19000 4269000|  1   1  98   0   0   0
  23000 4536000|  1   1  98   0   0   0
  22000 4470000|  1   2  98   0   0   0
  22000 4403000|  1   2  97   1   0   0
  23000 4536000|  0   2  98   0   0   0
  22000 4336000|  1   1  98   0   0   0
  20000 4536000|  1   1  98   0   0   0
  19000 4403000|  1   1  98   0   0   0
  24000 4936000|  1   1  98   0   0   0
  22000 5003000|  1   2  97   1   0   0
  24000 5337000|  1   1  98   0   0   0
  25000 6004000|  1   1  97   0   0   0
  29000 6671000|  1   2  97   0   0   0
  32000 7538000|  1   2  97   0   0   0
  40000 8405000|  1   1  98   0   0   0
  41000   10000000|  1   1  97   1   0   0
  43000   11000000|  1   2  97   0   0   0
  53000   13000000|  1   2  97   0   0   0
  57000   14000000|  1   2  97   0   0   0
  71000   17000000|  1   2  98   0   0   0
  79000   19000000|  1   2  96   0   0   0
  93000   23000000|  1   2  96   1   0   0
  98000   26000000|  1   2  97   0   0   0
 112000   30000000|  1   2  97   0   0   0
 115000   33000000|  1   2  96   0   0   0
 138000   37000000|  1   2  97   0   0   0
 139000   38000000|  1   2  96   0   0   0
 107000   34000000|  1   2  96   1   0   0
 108000   34000000|  1   3  96   0   0   0
 106000   34000000|  1   2  96   0   0   1
 126000   40000000| 10   2  88   0   0   0
  94000   16000000|  1   1  98   0   0   1
1221B 1247B|  0   2  98   0   0   0
1542B  786B|  1   1  97   1   0   0
1867B 1626B|  0   1  98   0   0   0
1464B 2772B|  0   1  99   0   0   0
1302B   34000|  1   1  98   0   0   0
1712B  176000|  1   1  99   0   0   0
7822B  294000|  1   1  98   0   0   0
5843B  522000|  1   1  98   1   0   0
3242B  717000|  1   1  98   0   0   0
5492B 1305000|  1   1  99   0   0   0
8926B 1826000|  1   1  99   0   0   0
  12000 3356000|  1   1  99   0   0   0
  16000 4536000|  1   1  98   0   0   0
  27000 7672000|  2   1  97   1   0   0
  36000   10000000|  1   1  98   0   0   0
  63000   17000000|  1   1  98   0   0   0
  62000   13000000|  1   1  98   0   0   0
  62000   16000000|  1   2  97   0   0   0
  62000   16000000|  1   2  98   0   0   0
  51000   17000000|  1   1  97   1   0   0
  58000   17000000|  1   2  97   0   0   0
  74000   19000000|  1   1  98   0   0   0
  71000   18000000|  1   1  98   0   0   0
  73000   19000000|  1   1  98   0   0   0
  72000   19000000|  1   2  98   0   0   0
  65000   19000000|  1   1  97   1   0   0
  76000   19000000|  1   2  97   0   0   0
  74000   19000000|  1   1  98   0   0   0
  71000   19000000|  1   1  97   0   0   0
  62000   19000000|  1   1  98   0   0   0
  70000   19000000|  2   2  97   0   0   0
  80000   17000000|  1   1  97   1   0   0
  62000   15000000|  1   1  98   0   0   0
  62000   16000000|  1   2  98   0   0   0
  65000   17000000|  1   1  98   0   0   0
  69000   17000000|  1   1  98   0   0   0
  72000   18000000|  1   2  98   0   0   0
  74000   18000000|  2   1  97   1   0   0
  77000   19000000|  1   1  98   0   0   1
  75000   19000000|  1   2  97   0   0   0
  80000   20000000|  1   1  98   0   0   0
  73000   19000000|  4   1  95   0   0   0
  78000   19000000| 26   1  73   0   0   0
  78000   14000000| 26   1  72   1   0   1
  64000   12000000| 14   2  84   0   0   0
  38000 6625000|  1   1  99   0   0   0
1903B 1481B|  1   1  98   0   0   0
1776B 1060B|  0   1  99   0   0   0
1294B 1562B|  1   0  99   0   0   0
1902B 2398B|  0   0  98   2   0   0
1166B   57000|  1   1  99   0   0   0
1596B  187000|  0   0  99   0   0   0
2076B  391000|  0   1  99   0   0   0
2576B  652000|  0   1  99   0   0   0
3744B  848000|  0   0  99   0   0   0
7090B 1631000|  1   1  98   1   0   0
8428B 2185000|  1   1  99   0   0   0
  14000 3948000|  1   1  99   0   0   0
  19000 5203000|  0   1  99   0   0   0
  36000 9339000|  1   1  99   0   0   0
  47000   12000000|  1   1  99   0   0   0
  67000   12000000|  1   1  98   1   0   0
  46000   12000000|  1   1  98   0   0   0
  55000   14000000|  1   1  99   0   0   0
  46000   13000000|  1   1  98   0   0   0
  59000   15000000|  1   1  98   0   0   0
  52000   14000000|  1   1  98   0   0   0
  66000   16000000|  1   1  97   1   0   0
  63000   16000000|  1   1  99   0   0   0
  60000   15000000|  1   1  98   0   0   0
  64000   16000000|  1   1  99   0   0   0
  58000   15000000|  1   1  98   0   0   0
  66000   16000000|  1   2  98   0   0   0
  62000   15000000|  1   1  98   1   0   0
  72000   15000000|  1   1  99   0   0   0
  52000   11000000|  0   1  99   0   0   0
  54000   13000000|  1   1  98   0   0   0
  53000   13000000|  1   1  99   0   0   0
  63000   15000000|  1   1  98   0   0   0
  59000   14000000|  1   1  98   1   0   0
  70000   16000000|  1   1  98   0   0   0
  64000   15000000|  1   1  98   0   0   0
  67000   15000000|  1   1  98   0   0   0
  66000   16000000|  1   1  98   0   0   0
  65000   14000000|  1   1  98   0   0   0
  52000   12000000|  1   1  98   1   0   0
  47000 8296000|  0   1  99   0   0   0
  40000 9873000|  1   1  99   0   0   0
  41000 9139000|  0   1  98   0   0   0
  42000   10000000|  1   1  98   0   0   0
  42000 9673000|  1   1  98   0   0   0
  48000   11000000|  1   1  98   1   0   0
  44000 9873000|  1   1  98   0   0   0
  48000   11000000|  0   1  99   0   0   0
  44000 9940000|  0   1  99   0   0   0
  47000   10000000|  1   1  98   0   0   0
  42000 9940000|  1   1  98   0   0   0
  47000   10000000| 12   1  86   1   0   0
  45000   10000000| 25   1  74   0   0   0
  47000   11000000| 25   1  74   0   0   0
  58000 9585000| 24   1  74   0   0   0
  37000 8389000| 25   1  74   0   0   0
  42000 9607000|  4   2  94   0   0   0
  16000 1339000|  0   0  98   1   0   0
1152B    0|  0   0  99   0   0   0
 480B    0|  0   0 100   0   0   0
