   0     0|  1   1  94   4   0   0
1493B 3117B|  8   4  87   1   0   0
  11000   13000| 10  10  80   0   0   0
  17000   18000|  9   7  83   0   0   0
  13000   18000| 10   8  82   0   0   0
9934B   26000|  9   8  82   0   0   0
3676B 9916B|  9   9  80   2   0   0
3750B   90000| 11  10  79   0   0   0
9896B 1070000|  9  10  81   0   0   0
  15000 2665000|  7  10  83   0   0   0
  27000 5054000| 11   8  81   0   0   0
  41000 8363000| 10   9  81   0   0   0
  62000   13000000|  8   9  81   1   0   0
  85000   19000000|  9  13  78   0   0   0
 110000   28000000| 10   9  81   0   0   0
 149000   37000000| 10  11  78   0   0   1
 189000   50000000|  9  12  79   0   0   0
 233000   50000000| 12  11  78   0   0   0
 195000   43000000| 11   9  78   1   0   1
 169000   45000000| 11  11  78   0   0   1
 176000   46000000|  9  10  79   0   0   1
 180000   45000000| 11  13  77   0   0   0
 180000   43000000| 10   9  80   0   0   0
 177000   43000000| 11  10  78   0   0   1
 193000   39000000| 11   9  77   1   0   1
 170000   37000000| 11  13  75   0   0   1
 158000   38000000| 11  10  79   0   0   0
 158000   40000000| 10  10  80   0   0   1
 166000   41000000|  9  10  80   0   0   1
 177000   41000000|  9   9  81   0   0   1
 165000   43000000| 12  30  57   0   0   2
 166000   44000000| 10  11  79   0   0   1
 172000   47000000| 10  10  79   0   0   1
 188000   52000000| 11  12  76   0   0   1
 212000   58000000| 12   9  78   0   0   1
 231000   64000000| 12  11  76   0   0   1
 251000   70000000| 11  12  76   1   0   1
 282000   74000000| 12  16  72   0   0   1
 281000   74000000| 12  11  77   0   0   0
 286000   80000000| 13  15  70   0   0   2
 321000   86000000| 10  11  78   0   0   1
 350000   90000000| 12  17  70   0   0   1
 366000   96000000| 10  13  75   1   0   1
 378000   96000000|  9  12  77   0   0   2
 376000   91000000| 10  16  72   0   0   2
 335000   91000000| 11  13  75   0   0   1
 341000   93000000| 11  14  74   0   0   1
 358000   98000000| 11  11  77   0   0   1
 364000  100000000| 12  18  68   1   0   1
 372000  102000000| 11  19  68   0   0   2
 391000   97000000| 11  16  71   0   0   2
 363000   84000000| 10  12  77   0   0   1
 323000   69000000| 11  20  68   0   0   1
 248000   69000000| 11   9  79   0   0   0
 263000   71000000| 11  11  76   1   0   1
 264000   74000000| 12  20  67   0   0   1
 277000   75000000| 11  11  77   0   0   1
 268000   73000000| 37  12  49   0   0   2
 268000   73000000| 32  20  47   0   0   1
 260000   67000000| 10   8  81   1   0   1
 205000   50000000| 11  10  77   1   0   1
 186000   48000000|  9  11  78   0   0   1
 194000   52000000| 11   9  79   0   0   1
 205000   56000000| 10  10  79   0   0   1
 226000   62000000|  9  11  79   0   0   1
 256000   56000000| 11  12  77   0   0   0
 225000   52000000| 11  20  67   1   0   1
 212000   52000000| 10  10  79   0   0   1
 205000   50000000|  9  10  80   0   0   1
 201000   55000000| 10  18  71   0   0   1
 223000   59000000| 10  11  78   0   0   1
 240000   62000000| 11  10  78   0   0   1
 247000   64000000| 10  11  76   1   0   1
 258000   72000000| 10   9  80   0   0   1
 314000   71000000| 11  17  70   0   0   1
 281000   60000000|  9  10  80   0   0   1
 252000   61000000|  9  13  77   0   0   1
 256000   62000000| 12   9  78   0   0   1
 237000   63000000| 10  10  78   1   0   1
 244000   66000000|  9  21  69   0   0   1
 242000   67000000| 10  12  78   0   0   1
 246000   66000000| 10  18  71   0   0   1
 247000   68000000| 10  10  79   0   0   1
 260000   67000000| 10  12  77   0   0   1
 261000   65000000| 12  13  73   1   0   1
 260000   61000000| 11   9  79   0   0   1
 243000   61000000| 11   9  79   0   0   1
 235000   58000000| 12  10  78   0   0   1
 222000   54000000| 11  11  78   0   0   0
 203000   52000000| 28  18  54   0   0   1
 207000   56000000| 38  13  48   1   0   1
 210000   57000000| 38  10  50   0   0   1
 227000   59000000| 38  11  49   0   0   1
 236000   57000000| 40  13  45   0   0   1
 208000   57000000| 39   9  50   0   0   2
 228000   59000000| 39  11  49   0   0   1
 229000   55000000| 31  15  53   1   0   1
  16E   16E| 10  10  79   0   0   1
  91000   27000000|  9  11  79   0   0   1
  86000   25000000| 11   9  79   0   0   1
  86000   25000000| 11   9  79   0   0   1
  82000   24000000| 11  10  79   0   0   1
  90000   25000000|  9  10  79   1   0   1
  81000   24000000| 10  10  79   0   0   1
  87000   25000000| 11  10  79   0   0   0
  89000   25000000|  9  10  80   0   0   1
  88000   26000000| 10   8  82   0   0   0
  89000   27000000| 10  13  76   0   0   1
  88000   27000000| 10  25  64   1   0   1
  88000   29000000| 10  12  77   0   0   1
 100000   29000000| 27  10  62   0   0   1
  93000   30000000| 37  14  48   0   0   1
  99000   31000000| 38  11  48   0   0   2
 111000   31000000| 36  12  50   0   0   2
 105000   32000000| 42  10  46   0   0   2
 115000   30000000| 68  17  13   0   0   3
 100000   29000000| 68  14  17   0   0   1
  93000   27000000| 68  13  16   0   0   2
1696G 5107G| 47  12  40   0   0   2
 227000   61000000| 38  10  50   0   0   2
 224000   58000000| 36  10  51   2   0   1
 219000   56000000|  8  10  81   0   0   1
 231000   55000000| 10   9  80   0   0   1
 196000   37000000| 11   9  80   0   0   1
 158000   40000000| 16  10  73   0   0   1
 170000   40000000| 36  11  52   0   0   1
 144000   35000000| 37  10  51   1   0   1
 141000   39000000| 35  12  52   0   0   1
 160000   41000000| 36  10  53   0   0   1
 160000   35000000| 10   8  81   0   0   1
 123000   29000000|  9   9  82   0   0   0
 112000   29000000|  9   9  82   0   0   0
 132000   34000000| 10  10  79   1   0   1
 152000   35000000|  8   8  83   0   0   1
 148000   39000000|  9   8  82   0   0   1
 184000   47000000| 10   9  80   0   0   1
 188000   45000000| 10   8  82   0   0   1
 185000   46000000| 11   9  79   0   0   1
 183000   49000000|  9  10  80   1   0   1
 196000   52000000|  9   9  80   0   0   1
 209000   55000000|  8  10  81   0   0   1
 218000   52000000|  9  10  81   0   0   1
 206000   54000000|  8  11  80   0   0   1
 235000   57000000|  8  10  81   0   0   1
 230000   57000000| 10  10  78   1   0   1
 220000   57000000|  9   8  81   0   0   1
 225000   58000000| 11   8  80   0   0   1
 226000   54000000| 11   9  80   0   0   1
 194000   48000000|  9  10  80   0   0   1
 190000   53000000| 10  10  79   0   0   1
 203000   56000000| 10  10  79   1   0   1
 217000   58000000| 10  18  71   0   0   1
 235000   58000000| 11  22  67   0   0   1
 216000   52000000| 11   8  80   0   0   1
 199000   55000000| 10  10  79   0   0   1
 217000   59000000| 10  10  80   0   0   1
 211000   59000000| 10   9  79   1   0   1
 223000   61000000| 11  20  69   0   0   1
 232000   63000000| 35  11  52   0   0   2
 246000   62000000| 37  10  51   0   0   1
 232000   64000000| 38  14  47   0   0   1
 246000   67000000| 37  12  50   0   0   2
 246000   69000000| 37  14  47   1   0   1
 267000   73000000| 36  13  50   0   0   1
 273000   68000000| 36  18  45   0   0   2
 255000   64000000| 37  10  51   0   0   2
 229000   65000000| 35  12  52   0   0   1
 239000   68000000| 37  12  50   0   0   1
 261000   63000000| 13   9  75   1   0   1
 227000   60000000| 10  11  79   0   0   1
 238000   59000000|  9  10  80   0   0   1
 228000   55000000| 10   9  80   0   0   1
 205000   47000000| 10   8  82   0   0   1
 187000   46000000| 10   9  81   0   0   1
 185000   45000000| 10   9  80   1   0   1
 182000   42000000| 10  11  79   0   0   1
 170000   42000000|  9  10  81   0   0   1
 174000   41000000|  9   9  82   0   0   0
 166000   41000000|  8   9  81   0   0   1
 161000   41000000|  9  10  81   0   0   0
 157000   41000000|  8   9  81   1   0   0
 159000   42000000| 27   9  62   0   0   2
 167000   43000000| 37  12  50   0   0   1
 169000   41000000| 35  10  54   0   0   1
 169000   43000000| 35  12  53   0   0   1
 171000   44000000| 36  10  53   0   0   1
 174000   46000000| 36  11  51   1   0   1
 174000   46000000| 37  12  49   0   0   2
 175000   48000000| 36  11  51   0   0   2
 194000   46000000| 35  11  52   0   0   2
 169000   45000000| 36  10  53   0   0   1
 181000   44000000| 35  13  51   0   0   2
 169000   39000000|  7   6  85   1   0   1
 157000   40000000|  8  10  81   0   0   1
 139000   32000000|  9   8  82   0   0   1
 122000   32000000|  9   9  82   0   0   1
 132000   34000000| 11   7  82   0   0   0
 138000   36000000|  9   9  80   2   0   1
 138000   39000000|  9   8  82   0   0   0
 143000   42000000|  9   9  81   0   0   1
 158000   46000000|  8  11  81   0   0   1
 184000   51000000| 10   8  82   0   0   1
 204000   57000000| 10   9  81   0   0   0
 226000   60000000| 24  11  63   1   0   1
 232000   64000000| 36  11  51   0   0   2
 261000   63000000| 37  10  52   0   0   2
 233000   67000000| 36  10  53   0   0   1
 270000   75000000| 37  12  50   0   0   2
 292000   86000000| 37  10  51   0   0   2
 325000   93000000| 31  52  12   1   0   3
 308000   74000000| 38   9  52   0   0   2
 266000   63000000| 10   9  80   0   0   0
 222000   58000000|  9   8  81   0   0   1
 197000   52000000|  8   9  82   0   0   1
 205000   48000000|  9  10  81   0   0   0
 180000   47000000| 10   8  80   2   0   1
 185000   47000000|  9   7  83   0   0   1
 178000   45000000|  9  10  81   0   0   1
 172000   44000000|  8   9  82   0   0   1
 166000   45000000|  9   9  82   0   0   1
 166000   45000000|  9  10  81   0   0   0
 165000   44000000|  8   9  80   3   0   1
 165000   46000000|  9   9  82   0   0   0
 177000   47000000|  8  10  82   0   0   1
 183000   50000000| 27  11  61   0   0   1
 223000   50000000| 35  11  53   0   0   1
 218000   35000000| 35  11  53   0   0   1
 132000   30000000| 36   9  53   1   0   1
 119000   28000000| 36  13  50   0   0   1
 116000   30000000| 35  11  53   0   0   1
 122000   31000000| 37   9  54   0   0   1
 132000   32000000| 36   9  54   0   0   1
 138000   34000000| 34  10  55   0   0   1
 143000   36000000| 35  12  51   1   0   1
 143000   38000000| 35  15  50   0   0   1
 163000   38000000| 36   9  54   0   0   1
 148000   36000000| 34  10  54   0   0   1
 144000   38000000| 34  11  53   0   0   2
 142000   40000000| 35  10  54   0   0   1
 155000   43000000| 35  13  50   1   0   1
 176000   45000000| 21   9  70   0   0   0
 195000   53000000|  9  10  80   0   0   1
 204000   53000000|  9   9  81   0   0   1
 207000   51000000|  8   8  84   0   0   1
 199000   53000000|  9   9  81   0   0   1
 211000   56000000|  9   8  80   2   0   1
 215000   61000000| 10   8  81   0   0   1
 237000   64000000|  9   9  81   0   0   1
 245000   62000000|  9   8  83   0   0   1
 227000   59000000|  8  10  81   0   0   1
 236000   59000000|  9   9  81   0   0   1
 215000   61000000|  9   9  80   1   0   1
 240000   64000000|  8   9  83   0   0   1
 242000   61000000|  9   9  81   0   0   1
 257000   57000000|  9   9  81   0   0   1
 219000   52000000|  8   8  83   0   0   1
 207000   52000000|  8  10  82   0   0   1
 192000   51000000| 22  12  64   1   0   2
 192000   51000000| 35  24  39   0   0   2
 197000   49000000| 36  10  53   0   0   1
 190000   48000000| 36  14  49   0   0   1
 191000   47000000| 33  10  55   0   0   1
 184000   45000000| 34  14  51   0   0   1
 177000   46000000| 35  10  53   1   0   1
 180000   45000000| 35  10  54   0   0   1
 171000   46000000| 26   9  65   0   0   0
 179000   45000000| 34   9  55   0   0   1
 171000   43000000| 35  10  54   0   0   2
 147000   37000000| 34  11  54   0   0   1
 136000   36000000| 35  10  52   2   0   1
 131000   37000000| 31   9  60   0   0   0
 143000   37000000|  9   8  83   0   0   0
 151000   39000000|  8  10  81   0   0   1
 146000   37000000|  8   8  83   0   0   1
 139000   37000000|  7  10  83   0   0   1
 148000   40000000|  9   8  81   2   0   0
 166000   44000000|  9   7  83   0   0   1
 186000   41000000| 10   8  82   0   0   0
 167000   38000000|  7  10  82   0   0   1
 147000   38000000|  7   8  83   0   0   1
 146000   42000000|  7  10  82   0   0   1
 158000   45000000|  9   9  81   1   0   1
 176000   47000000|  8   8  84   0   0   0
 173000   48000000|  7   9  84   0   0   1
 184000   53000000|  8  10  81   0   0   1
 199000   59000000|  9   8  82   0   0   1
 228000   67000000| 10   8  81   0   0   1
 257000   70000000|  9   9  80   1   0   1
 273000   73000000| 10   9  81   0   0   1
 271000   76000000| 19   9  71   0   0   1
 288000   74000000| 35  10  54   0   0   1
 271000   74000000| 29  10  60   0   0   2
 259000   64000000|  8   8  84   0   0   1
 187000   46000000|  8   8  82   1   0   1
 176000   47000000|  8  10  82   0   0   0
 188000   49000000|  9   8  83   0   0   1
 192000   50000000|  8   9  82   0   0   1
 204000   51000000|  8   8  84   0   0   1
 200000   50000000|  9   9  82   0   0   0
 195000   49000000|  8   8  81   1   0   1
 193000   55000000|  8   9  82   0   0   0
 218000   60000000|  8   9  82   0   0   1
 225000   63000000|  9   8  82   0   0   1
 241000   66000000|  8  10  81   0   0   1
 258000   59000000|  8  10  81   0   0   2
 228000   50000000|  7   8  83   1   0   1
 175000   49000000|  9   9  82   0   0   1
 182000   52000000|  8   8  84   0   0   1
 186000   53000000|  9   9  81   0   0   1
 188000   53000000|  8   8  83   0   0   1
 196000   53000000|  9   9  81   0   0   1
 195000   50000000|  7   9  82   1   0   1
 190000   50000000|  7   8  84   0   0   1
 187000   51000000|  9   9  82   0   0   1
 199000   53000000|  8   7  85   0   0   0
 202000   55000000|  8   8  84   0   0   1
 224000   51000000|  8   8  83   0   0   1
 195000   47000000|  7   9  83   1   0   1
 182000   51000000|  7   7  84   0   0   1
 191000   54000000|  8   8  83   0   0   1
 206000   58000000|  8  18  73   0   0   1
 233000   60000000|  8  26  65   0   0   1
 233000   64000000|  8  15  76   0   0   1
 243000   68000000|  9   7  82   1   0   1
 267000   69000000|  8  13  78   0   0   1
 278000   63000000| 10   9  80   0   0   1
 248000   58000000| 35  10  54   0   0   2
 228000   54000000| 32  12  56   0   0   1
 215000   50000000| 34  15  50   0   0   1
 201000   48000000|  7   8  84   1   0   1
 195000   43000000|  8   8  83   0   0   1
 150000   32000000|  8   8  84   0   0   0
 131000   31000000|  8   7  85   0   0   0
 123000   31000000|  7   8  84   0   0   1
 123000   30000000|  8   9  81   1   0   0
 117000   30000000|  7   8  85   0   0   1
 117000   31000000|  8   8  83   0   0   1
 117000   31000000|  6   7  86   0   0   1
 123000   31000000|  9   8  83   0   0   0
 118000   31000000|  7   9  84   0   0   0
 129000   34000000|  8   8  82   1   0   1
 139000   35000000|  7   8  84   0   0   1
 144000   37000000|  7   7  85   0   0   1
 145000   40000000|  8  10  81   0   0   1
 163000   42000000|  7  10  83   0   0   1
 167000   41000000|  8   7  83   1   0   0
 164000   40000000|  8  10  82   0   0   0
 141000   40000000|  6   7  86   0   0   1
 146000   42000000|  7   9  83   0   0   1
 151000   44000000|  8   8  83   0   0   1
 164000   41000000|  7   7  85   0   0   1
 146000   40000000|  8   8  83   1   0   0
 148000   39000000|  6   8  86   0   0   0
 150000   38000000|  8   8  83   0   0   1
 146000   37000000| 14   8  77   0   0   1
 146000   39000000| 35  10  54   0   0   1
 153000   42000000| 35   9  56   0   0   1
 166000   45000000| 34   8  55   1   0   1
 173000   50000000| 35   8  55   0   0   1
 188000   55000000| 35   8  55   0   0   1
 207000   61000000| 35  11  53   0   0   1
 248000   68000000| 34  10  54   0   0   2
 264000   73000000| 35   9  55   0   0   1
 280000   77000000| 47  13  36   1   0   3
 282000   75000000| 33  11  55   0   0   1
 269000   66000000| 34  11  53   0   0   2
 226000   58000000| 34   9  56   0   0   2
 227000   53000000| 34   9  56   0   0   1
 204000   52000000|  8   9  82   0   0   1
 238000   43000000|  8   8  82   1   0   1
 154000   31000000|  7   7  85   0   0   0
 126000   31000000|  7   7  85   0   0   0
 136000   29000000|  8   8  84   0   0   1
 114000   28000000|  6   8  85   0   0   1
 118000   30000000|  8   8  84   0   0   1
 130000   28000000|  9   8  81   1   0   0
 119000   30000000|  6   8  85   0   0   1
 125000   33000000|  8   7  84   0   0   1
 139000   36000000|  8   5  86   0   0   1
 151000   37000000|  7   8  85   0   0   0
 160000   37000000|  8   7  84   0   0   1
 159000   36000000|  7   8  83   1   0   1
 147000   33000000|  7   8  85   0   0   1
 133000   35000000|  7   8  85   0   0   0
 142000   36000000|  6   8  85   0   0   0
 156000   39000000|  8   9  83   0   0   0
 170000   39000000|  8   8  84   0   0   1
 161000   36000000|  6   8  84   1   0   1
 144000   37000000|  6   8  86   0   0   0
 150000   37000000|  8   8  83   0   0   1
 147000   39000000|  7   8  85   0   0   1
 156000   40000000|  7   9  84   0   0   0
 156000   40000000| 22   8  69   0   0   1
 157000   42000000| 33   9  56   1   0   1
 163000   43000000| 33   9  57   0   0   1
 168000   45000000| 33   9  56   0   0   1
 186000   49000000| 34   9  56   0   0   1
 199000   51000000| 36   8  54   0   0   2
 199000   51000000| 34   8  57   0   0   1
 166000   45000000| 33  10  54   2   0   1
 179000   45000000| 33   8  57   0   0   1
 177000   48000000| 33  10  56   0   0   1
 197000   50000000| 33   9  58   0   0   1
 197000   45000000|  8   7  84   0   0   1
 183000   45000000|  7   7  85   0   0   1
 156000   39000000|  8   8  83   1   0   0
 143000   39000000|  7   9  85   0   0   0
 150000   41000000|  7   8  84   0   0   1
 162000   41000000|  8   8  83   0   0   1
 159000   36000000|  7   7  85   0   0   1
 149000   39000000|  6  10  84   0   0   1
 165000   42000000|  7   9  83   1   0   1
 183000   44000000|  7   8  84   0   0   1
 198000   46000000|  6   8  85   0   0   1
 188000   42000000|  6   8  85   0   0   1
 170000   42000000|  7   7  85   0   0   0
 179000   46000000|  7   7  85   0   0   0
 183000   47000000|  7   8  84   1   0   1
 184000   48000000|  5   9  85   0   0   1
 199000   48000000|  7   8  84   0   0   1
 184000   48000000|  8   8  84   0   0   1
 187000   50000000|  6  10  84   0   0   1
 194000   50000000|  7   7  85   0   0   1
 201000   52000000|  8   8  83   1   0   1
 202000   47000000|  7   9  83   0   0   1
 184000   48000000|  7   7  85   0   0   1
 184000   48000000|  8   8  83   0   0   1
 185000   50000000|  6   7  85   0   0   1
 184000   52000000|  7   7  85   0   0   1
 199000   56000000|  7   9  82   1   0   1
 226000   58000000|  6   7  86   0   0   1
 223000   51000000|  8   8  83   0   0   1
 216000   48000000|  6   8  85   0   0   2
 197000   43000000|  8   8  84   0   0   1
 176000   45000000|  6   7  86   0   0   1
 189000   44000000|  8   8  83   1   0   0
 171000   44000000|  9   7  84   0   0   1
 178000   45000000|  8   7  84   0   0   1
 181000   43000000|  7   8  84   0   0   1
 173000   45000000|  7   7  86   0   0   0
 186000   44000000|  7   8  84   0   0   1
 180000   40000000|  7   8  83   1   0   1
 160000   41000000|  6   7  86   0   0   1
 169000   44000000|  8   8  84   0   0   1
 171000   46000000|  6   8  85   0   0   1
 165000   47000000|  7   8  85   0   0   0
 174000   49000000|  7   8  85   0   0   1
 187000   50000000|  7   8  83   1   0   1
 190000   51000000|  6   8  84   0   0   1
 197000   54000000|  6   8  85   0   0   1
 200000   56000000| 35   8  57   0   0   1
 226000   59000000| 32  10  56   0   0   1
 222000   58000000| 33  11  55   0   0   2
 227000   63000000| 33   9  56   1   0   2
 256000   70000000| 31  11  56   0   0   2
 268000   67000000|  7   7  85   0   0   1
 256000   70000000|  8   9  82   0   0   1
 253000   70000000|  7   8  84   0   0   1
 277000   74000000|  8   8  83   0   0   1
 279000   71000000|  8   9  81   2   0   1
 273000   61000000|  6   9  84   0   0   1
 214000   59000000|  7   8  85   0   0   0
 228000   61000000|  6   9  84   0   0   1
 230000   56000000|  7   8  84   0   0   1
 218000   55000000|  6   9  84   0   0   1
 219000   47000000|  7   7  84   1   0   1
 177000   48000000|  8   8  83   0   0   1
 195000   51000000|  7   7  85   0   0   1
 221000   48000000|  8   9  83   0   0   0
 193000   45000000|  6   8  86   0   0   0
 192000   39000000|  7   8  85   0   0   0
 153000   38000000|  7   8  83   2   0   1
 158000   40000000|  7   7  86   0   0   1
 162000   42000000|  5   8  86   0   0   1
 174000   44000000|  8   8  84   0   0   0
 188000   44000000|  7   7  85   0   0   1
 195000   39000000|  6   8  86   0   0   0
 176000   35000000|  6   7  84   1   0   1
 159000   33000000|  7   7  85   0   0   0
 155000   31000000|  7   7  85   0   0   1
 133000   30000000| 10   8  81   0   0   1
 134000   32000000| 32   9  58   0   0   1
 145000   33000000| 32   9  58   0   0   1
 137000   32000000| 32   9  57   1   0   1
 135000   31000000| 32   8  58   0   0   1
 133000   31000000| 34   7  58   0   0   1
 132000   32000000| 34   8  58   0   0   1
 143000   32000000| 33   8  58   0   0   1
 135000   32000000| 33   9  56   0   0   2
 132000   32000000| 33   8  57   1   0   1
 133000   33000000| 34  10  56   0   0   1
 136000   33000000| 32   9  59   0   0   1
 129000   34000000| 34   8  58   0   0   1
 144000   37000000| 32  10  57   0   0   2
 155000   40000000| 32   8  59   0   0   1
 175000   45000000| 33   9  57   1   0   1
 199000   50000000| 32  11  55   0   0   1
 221000   54000000| 33  13  53   0   0   1
 245000   53000000| 15   8  77   0   0   1
 272000   46000000|  7   7  85   0   0   1
 166000   36000000|  8   7  84   0   0   0
 156000   39000000|  5   8  85   2   0   1
 162000   40000000|  7   8  84   0   0   1
 175000   38000000|  5   9  85   0   0   1
 165000   37000000|  5   7  87   0   0   1
 145000   37000000|  6   7  86   0   0   0
 166000   37000000|  5   7  87   0   0   1
 137000   35000000|  6   7  86   1   0   0
 151000   33000000|  6   7  86   0   0   1
 130000   32000000|  8   7  84   0   0   0
 138000   34000000| 32   9  58   0   0   1
 144000   34000000| 33   9  58   0   0   1
 146000   36000000| 32   8  59   0   0   1
 147000   38000000| 32   9  56   2   0   1
 176000   38000000| 32   8  59   0   0   1
 174000   32000000| 33   9  57   0   0   1
 130000   33000000| 32   8  59   0   0   1
 147000   35000000| 48  10  41   0   0   1
 149000   36000000| 63  11  24   1   0   2
 156000   40000000| 55  11  32   0   0   2
 167000   39000000| 33   7  59   0   0   1
 147000   31000000| 31   8  60   0   0   1
 131000   29000000| 31   9  59   0   0   1
 130000   27000000| 32   7  60   0   0   1
 114000   21000000| 32   7  58   2   0   1
 100000   23000000| 33   9  58   0   0   1
  97000   23000000| 30   9  60   0   0   1
  98000   25000000| 30   7  62   0   0   1
 106000   23000000| 17   7  75   0   0   1
 109000   26000000| 30   8  59   2   0   2
 104000   27000000| 32   8  59   0   0   0
 120000   30000000| 31   8  60   0   0   1
 130000   32000000| 31   9  59   0   0   1
 155000   29000000| 33   7  59   0   0   1
 112000   26000000| 31   8  61   0   0   1
 120000   28000000| 32   8  58   1   0   1
 109000   26000000| 33   8  59   0   0   1
 108000   27000000| 32   7  60   0   0   1
 118000   28000000| 31   8  59   0   0   1
 118000   24000000| 32   7  59   0   0   2
 101000   23000000| 31   8  60   0   0   0
 116000   23000000| 32   9  57   2   0   1
 104000   24000000| 31   8  61   0   0   1
 113000   25000000| 52  10  36   0   0   1
 118000   25000000| 61  10  28   0   0   1
 106000   24000000| 55  10  34   0   0   1
 109000   21000000| 31   8  61   0   0   1
 114000   21000000| 30   8  59   2   0   1
  97000   21000000| 31   7  62   0   0   1
  97000   22000000| 31   8  60   0   0   1
 104000   22000000| 31   8  61   0   0   1
  96000   19000000| 32   7  61   0   0   1
  86000   18000000| 31   8  61   0   0   1
  86000   19000000| 30   9  60   1   0   1
  95000   19000000| 31   8  60   0   0   1
  83000   18000000| 32   9  60   0   0   0
  94000   20000000| 32   8  59   0   0   1
  89000   20000000| 31   8  61   0   0   0
  99000   23000000| 31   8  60   0   0   1
  99000   24000000| 30   7  61   1   0   1
 116000   24000000|  8   7  85   0   0   0
 122000   28000000|  6   6  88   0   0   0
 128000   31000000|  6   7  86   0   0   1
 149000   33000000|  6   7  87   0   0   1
 167000   34000000|  6   6  87   0   0   1
 145000   34000000|  6   8  84   2   0   0
 144000   38000000|  6   8  86   0   0   1
 162000   40000000|  5   8  86   0   0   1
 190000   39000000|  6   6  87   0   0   1
 149000   29000000|  7   7  86   0   0   0
 125000   34000000|  6   8  86   0   0   1
 149000   31000000|  7   6  85   1   0   1
 122000   27000000|  6   7  86   0   0   1
 140000   33000000|  6   6  87   0   0   0
 151000   33000000|  5   6  88   0   0   1
 142000   29000000|  7   8  85   0   0   0
 126000   31000000|  6   7  86   0   0   1
 155000   36000000|  6   8  85   1   0   0
 138000   35000000|  6   6  87   0   0   1
 143000   32000000|  5   7  87   0   0   1
 140000   29000000|  5   7  87   0   0   1
 122000   27000000|  6   7  88   0   0   0
 119000   30000000|  5   7  87   0   0   1
 124000   32000000|  6   7  86   1   0   1
 141000   35000000|  5   7  87   0   0   0
 143000   37000000|  6   8  86   0   0   1
 155000   39000000|  7   7  86   0   0   1
 173000   41000000|  6   8  86   0   0   1
 173000   39000000|  6   6  87   0   0   1
 159000   35000000|  6   8  86   1   0   0
 140000   36000000|  6   8  86   0   0   1
 145000   37000000|  5   8  87   0   0   0
 159000   37000000|  5   7  87   0   0   1
 158000   36000000|  4   8  87   0   0   0
 162000   37000000|  5   7  87   0   0   1
 166000   40000000|  6   7  85   1   0   1
 175000   39000000|  6   7  87   0   0   1
 152000   36000000|  6   6  87   0   0   1
 167000   38000000|  7   7  86   0   0   0
 172000   38000000|  6   7  86   0   0   1
 168000   36000000|  6   7  87   0   0   0
 166000   37000000|  6   7  85   1   0   1
 157000   34000000|  6   7  87   0   0   1
 145000   34000000|  6   7  86   0   0   0
 148000   37000000|  5   7  87   0   0   1
 164000   38000000|  5   7  88   0   0   0
 167000   41000000|  6   8  86   0   0   1
 177000   44000000|  6   7  86   1   0   1
 205000   50000000|  5   8  86   0   0   1
 212000   53000000|  5   8  86   0   0   1
 246000   54000000|  5   7  87   0   0   1
 236000   52000000|  6   7  86   0   0   1
 214000   52000000|  6   8  86   0   0   0
 214000   51000000|  6   8  84   1   0   1
 203000   48000000| 10   8  81   0   0   1
 201000   50000000| 31   9  59   0   0   1
 197000   47000000| 31   8  60   0   0   1
 201000   47000000| 32   8  59   0   0   1
 195000   41000000| 31   8  59   0   0   1
 180000   38000000| 31   8  59   1   0   1
 166000   37000000| 31   8  61   0   0   1
 160000   37000000| 32   7  60   0   0   1
 161000   37000000| 32   8  59   0   0   1
 166000   38000000| 30   7  61   0   0   2
 157000   38000000| 30   8  61   0   0   1
 172000   37000000| 13   6  80   1   0   0
 173000   34000000|  4   8  88   0   0   1
 136000   34000000|  5   6  88   0   0   1
 138000   34000000|  5   7  87   0   0   0
 151000   33000000|  5   7  87   0   0   1
 145000   31000000|  6   7  87   0   0   1
 131000   30000000|  5   7  86   1   0   0
 127000   31000000|  6   8  86   0   0   1
 122000   32000000|  4   8  87   0   0   1
 122000   33000000|  5   8  87   0   0   0
 129000   34000000|  4   7  88   0   0   1
 127000   31000000|  6   6  88   0   0   0
 122000   34000000|  6   8  84   1   0   0
 131000   34000000|  6   6  87   0   0   1
 150000   35000000|  7   7  86   0   0   1
 136000   34000000|  6   7  87   0   0   1
 150000   36000000|  5   7  87   0   0   0
 137000   36000000|  5   8  87   0   0   0
 152000   40000000|  6   7  85   1   0   0
 153000   39000000|  5   8  86   0   0   1
 156000   39000000|  6   7  87   0   0   1
 154000   40000000|  5   7  87   0   0   0
 180000   39000000|  7   7  87   0   0   0
 159000   37000000|  7   7  86   0   0   1
 159000   38000000|  7   6  86   1   0   1
 163000   38000000|  5   7  87   0   0   1
 164000   40000000|  6   7  87   0   0   0
 167000   41000000|  6   6  87   0   0   1
 172000   41000000|  6   7  87   0   0   1
 170000   43000000|  5   7  88   0   0   1
 180000   43000000|  6   7  85   1   0   1
 201000   42000000|  6   7  87   0   0   1
 188000   42000000|  6   8  85   0   0   1
 191000   43000000|  6   7  86   0   0   1
 183000   42000000|  6   8  85   0   0   1
 180000   42000000|  4   8  87   0   0   1
 171000   43000000|  6   6  87   1   0   1
 192000   49000000|  6   8  86   0   0   1
 210000   50000000|  6   7  86   0   0   1
 238000   47000000|  5   6  88   0   0   1
 180000   40000000|  5   7  87   0   0   1
 189000   45000000|  6   7  87   0   0   0
 192000   42000000|  6   7  85   1   0   0
 192000   47000000|  7   7  86   0   0   1
 205000   50000000|  5   9  86   0   0   1
 209000   46000000|  6   7  87   0   0   1
 196000   41000000|  6   8  86   0   0   1
 163000   39000000|  4   8  88   0   0   0
 171000   38000000|  6   7  86   1   0   1
 177000   37000000|  6   7  87   0   0   1
 164000   37000000|  5   7  87   0   0   1
 183000   37000000|  5   7  87   0   0   1
 161000   35000000|  4   8  88   0   0   1
 159000   35000000|  5   7  88   0   0   0
 164000   38000000|  6   7  86   1   0   1
 169000   40000000| 28   7  64   0   0   1
 177000   41000000| 30   7  61   0   0   1
 179000   38000000| 30   9  60   0   0   1
 166000   36000000| 31   7  61   0   0   1
 153000   37000000| 31   9  59   0   0   1
 177000   36000000| 26   7  65   1   0   1
 156000   33000000| 21   6  72   0   0   2
 143000   33000000| 29   8  62   0   0   1
 129000   29000000| 30   8  61   0   0   1
 127000   31000000| 30   8  61   0   0   1
 128000   33000000| 31   7  61   0   0   1
 133000   32000000| 32   6  60   1   0   1
 129000   33000000| 32   6  62   0   0   0
 132000   32000000| 51  10  37   0   0   2
 130000   31000000| 60  10  29   0   0   1
 125000   29000000| 39   8  51   0   0   2
 141000   32000000| 28   8  63   0   0   1
 121000   20000000| 31   7  61   0   0   1
  81000   18000000| 30   7  62   0   0   1
  87000   20000000| 31   6  62   0   0   1
  86000   20000000| 30   6  63   0   0   1
  91000   20000000| 30   8  61   0   0   1
 105000   21000000| 31   6  61   1   0   0
  94000   21000000| 29   9  62   0   0   1
 103000   21000000| 31   7  62   0   0   0
  96000   22000000| 30   7  61   0   0   2
 113000   24000000| 29   8  62   0   0   1
 118000   25000000| 29   7  63   1   0   1
 124000   24000000| 13   7  79   0   0   0
 120000   28000000|  5   7  88   0   0   1
 131000   30000000|  4   7  88   0   0   0
 136000   30000000|  5   6  89   0   0   1
 132000   30000000|  5   7  87   0   0   1
 133000   32000000|  7   6  86   2   0   0
 149000   31000000|  5   7  88   0   0   0
 130000   32000000|  6   8  86   0   0   0
 149000   34000000| 11   8  81   0   0   1
 142000   35000000| 30   8  61   0   0   2
 165000   37000000| 31   7  61   0   0   1
 173000   38000000| 30   8  60   1   0   1
 168000   37000000| 30   9  60   0   0   1
 179000   39000000| 30   8  61   0   0   1
 164000   37000000| 30   6  62   0   0   1
 165000   42000000| 30   8  61   0   0   1
 163000   41000000| 30   8  61   0   0   1
 172000   44000000| 31   8  59   1   0   1
 172000   44000000| 31   7  62   0   0   1
 182000   42000000| 13   7  79   0   0   1
 176000   44000000|  5   6  89   0   0   0
 185000   42000000|  4   7  88   0   0   1
 160000   37000000|  6   6  87   0   0   1
 162000   37000000|  5   7  87   2   0   0
 160000   36000000|  4   7  88   0   0   1
 150000   38000000|  5   7  88   0   0   0
 161000   40000000|  5   7  87   0   0   1
 167000   41000000|  5   7  88   0   0   0
 168000   43000000|  5   6  88   0   0   1
 180000   44000000|  5   7  86   2   0   1
 183000   45000000|  5   6  88   0   0   1
 201000   45000000|  4   8  88   0   0   1
 207000   43000000|  5   7  88   0   0   1
 178000   45000000|  5   7  87   0   0   1
 182000   44000000|  6   6  88   0   0   0
 202000   43000000|  5   7  87   1   0   1
 185000   41000000|  6   5  88   0   0   1
 175000   41000000|  5   8  87   0   0   0
 183000   43000000|  5   6  89   0   0   0
 186000   45000000|  5   7  87   0   0   1
 217000   41000000|  4   7  88   0   0   0
 168000   40000000| 19   6  72   1   0   2
 170000   42000000| 31   7  62   0   0   1
 185000   42000000| 30   7  62   0   0   1
 182000   43000000| 30   8  60   0   0   1
 208000   41000000| 31   8  60   0   0   1
 167000   38000000| 31   7  61   0   0   1
 173000   42000000| 30   8  60   1   0   2
 185000   45000000| 30   8  61   0   0   2
 213000   42000000| 31   7  61   0   0   1
 174000   37000000| 30   8  61   0   0   1
 172000   38000000| 30   9  60   0   0   2
 177000   41000000| 30   8  61   0   0   1
 200000   42000000| 29   8  60   1   0   2
 184000   40000000| 29   9  61   0   0   1
 188000   41000000| 29   7  64   0   0   1
 201000   37000000|  7   6  87   0   0   1
 166000   40000000|  6   6  89   0   0   0
 183000   44000000|  5   7  88   0   0   1
 193000   39000000|  5   7  87   1   0   0
 174000   37000000|  5   6  88   0   0   1
 169000   39000000|  5   6  89   0   0   1
 175000   42000000|  3   8  89   0   0   1
 189000   46000000|  5   7  87   0   0   0
 197000   48000000|  5   6  88   0   0   0
 226000   44000000|  4   7  88   1   0   1
 183000   44000000|  5   6  88   0   0   0
 182000   45000000|  5   6  89   0   0   1
 186000   45000000|  3   7  89   0   0   1
 193000   46000000|  4   6  89   0   0   0
 189000   48000000|  5   6  88   0   0   1
 217000   43000000|  4   7  87   1   0   1
 176000   38000000|  5   7  88   0   0   1
 157000   39000000|  4   7  88   0   0   1
 183000   39000000|  5   7  87   0   0   1
 162000   31000000|  4   8  88   0   0   0
 131000   32000000|  4   6  89   0   0   1
 127000   32000000|  5   6  88   1   0   0
 129000   33000000|  4   7  89   0   0   0
 136000   34000000|  5   7  88   0   0   1
 151000   33000000| 17   8  74   0   0   1
 137000   34000000| 29   8  61   0   0   1
 148000   38000000| 30   7  62   0   0   1
 172000   41000000| 29   8  61   1   0   1
 190000   42000000| 30   6  63   0   0   1
 177000   44000000| 30   7  62   0   0   1
 201000   46000000| 30   8  61   0   0   1
 193000   37000000| 31   7  62   0   0   1
 163000   40000000| 30   8  61   0   0   1
 177000   39000000| 28   8  61   1   0   2
 172000   36000000| 30   7  63   0   0   1
 159000   31000000| 18   7  74   0   0   1
 149000   36000000|  4   5  91   0   0   0
 170000   34000000|  4   7  88   0   0   1
 129000   29000000|  4   5  90   0   0   1
 138000   31000000|  4   6  89   1   0   0
 131000   33000000|  4   6  89   0   0   0
 149000   37000000|  4   6  89   0   0   0
 159000   41000000|  4   6  89   0   0   1
 174000   47000000|  5   6  88   0   0   1
 205000   52000000|  4   7  88   0   0   1
 204000   46000000|  5   6  88   1   0   0
 183000   45000000|  5   5  89   0   0   1
 180000   48000000|  4   8  87   0   0   1
 208000   51000000|  5   6  88   0   0   1
 200000   53000000|  5   6  88   0   0   1
 231000   62000000|  5   7  87   0   0   0
 244000   62000000|  4   7  88   1   0   1
 243000   66000000|  5   7  87   0   0   1
 280000   59000000|  5   6  88   0   0   1
 225000   53000000|  5   6  88   0   0   1
 199000   54000000|  5   8  86   0   0   1
 208000   57000000|  6   8  85   0   0   1
 223000   60000000| 29   8  61   1   0   1
 224000   61000000| 29   8  62   0   0   2
 227000   62000000| 30   8  61   0   0   2
 224000   62000000| 30   8  62   0   0   1
 235000   64000000| 30   7  61   0   0   1
 238000   61000000| 30   8  61   0   0   1
 245000   55000000|  9   7  83   1   0   1
 229000   53000000|  4   8  88   0   0   1
 181000   46000000|  4   6  89   0   0   1
 226000   40000000|  5   7  87   0   0   1
 157000   38000000| 16   7  76   0   0   1
 153000   40000000| 29   5  63   1   0   2
 165000   39000000| 30   6  63   0   0   1
 155000   37000000| 29   8  63   0   0   1
 137000   35000000| 29   6  64   0   0   1
 145000   37000000| 29   8  63   0   0   1
 156000   37000000| 30   7  63   0   0   1
 173000   38000000| 32   7  59   1   0   1
 171000   37000000| 30   6  64   0   0   1
 161000   34000000| 29   8  61   0   0   1
 123000   27000000| 29   6  64   0   0   1
 127000   31000000| 30   6  63   0   0   1
 127000   32000000| 29   7  63   0   0   1
 136000   33000000| 28   7  63   2   0   1
 134000   32000000| 30   7  62   0   0   1
 129000   32000000| 28   7  64   0   0   1
 129000   31000000| 29   7  63   0   0   1
 134000   32000000| 30   6  63   0   0   1
 140000   35000000| 28   8  63   0   0   1
 153000   37000000| 28   8  62   1   0   1
 168000   40000000| 29   7  63   0   0   1
 179000   41000000| 28   7  63   0   0   1
 167000   42000000| 22   5  73   0   0   1
 177000   45000000|  4   8  89   0   0   0
 179000   45000000|  4   4  92   0   0   0
 169000   41000000|  2   1  96   2   0   0
 154000   40000000|  2   2  96   0   0   0
 161000   43000000|  3   2  96   0   0   0
 173000   43000000|  2   2  97   0   0   0
 170000   41000000|  3   1  96   0   0   0
 158000   43000000|  2   1  97   0   0   0
 177000   45000000|  2   2  96   1   0   0
 189000   38000000|  2   2  96   0   0   0
 152000   37000000|  2   2  97   0   0   0
 147000   39000000|  2   2  96   0   0   0
 158000   39000000|  2   2  97   0   0   0
 158000   39000000|  2   1  96   0   0   0
 159000   35000000|  2   1  95   1   0   0
 134000   33000000|  1   2  97   0   0   0
 130000   35000000|  2   2  96   0   0   0
 147000   37000000|  2   1  97   0   0   0
 147000   36000000|  2   1  97   0   0   0
 152000   36000000|  2   1  97   0   0   0
 135000   34000000|  3   2  94   1   0   0
 135000   37000000|  1   2  97   0   0   0
 149000   34000000|  2   2  97   0   0   0
 141000   35000000|  2   2  96   0   0   0
 136000   30000000|  2   1  97   0   0   0
 124000   32000000|  1   2  97   0   0   0
 126000   32000000|  2   2  95   1   0   0
 131000   33000000|  2   1  97   0   0   0
 123000   30000000|  2   1  97   0   0   0
 115000   31000000|  2   2  97   0   0   0
 121000   33000000|  2   2  96   0   0   0
 128000   34000000|  3   2  96   0   0   0
 134000   34000000|  1   2  96   1   0   0
 137000   35000000|  2   2  96   0   0   0
 139000   36000000|  2   2  96   0   0   0
 149000   36000000|  1   2  97   0   0   0
 148000   35000000|  3   2  96   0   0   0
 142000   37000000|  1   1  97   0   0   0
 152000   40000000|  2   2  95   1   0   0
 159000   42000000|  2   2  96   0   0   0
 164000   45000000|  2   3  96   0   0   0
 179000   48000000|  2   2  96   0   0   0
 189000   53000000|  2   2  96   0   0   0
 204000   56000000|  1   2  97   0   0   0
 225000   63000000|  2   3  94   1   0   0
 249000   68000000|  2   3  95   0   0   0
 269000   77000000|  2   3  95   0   0   0
 322000   68000000|  2   3  95   0   0   0
 234000   46000000|  2   2  96   0   0   0
 194000   49000000|  2   2  97   0   0   0
 209000   52000000|  2   2  95   1   0   0
 208000   53000000|  2   2  96   0   0   0
 223000   44000000|  2   2  96   0   0   0
 165000   40000000|  2   1  97   0   0   0
 153000   41000000|  2   1  97   0   0   0
 159000   42000000|  2   2  96   0   0   0
 161000   42000000|  3   2  94   1   0   0
 161000   42000000|  2   2  96   0   0   0
 162000   41000000|  2   2  96   0   0   0
 159000   40000000|  2   1  97   0   0   0
 158000   42000000|  9   2  88   0   0   0
 164000   44000000| 26   3  70   0   0   1
 175000   44000000| 26   2  70   1   0   1
 177000   47000000| 26   3  71   0   0   0
 186000   49000000| 26   2  71   0   0   1
 188000   55000000| 26   4  70   0   0   0
 225000   61000000| 26   2  71   0   0   1
 234000   65000000| 26   4  70   0   0   1
 251000   74000000| 35   3  60   1   0   1
 292000   84000000| 54   5  41   0   0   1
 337000   86000000| 40   3  56   0   0   1
 287000   62000000| 26   3  70   0   0   1
 199000   48000000| 44   3  53   0   0   1
 169000   46000000| 31   3  66   0   0   1
 173000   50000000| 25   3  70   2   0   1
 183000   51000000| 26   2  71   0   0   1
 181000   47000000| 26   2  72   0   0   1
 182000   43000000| 26   2  72   0   0   0
 177000   39000000| 26   2  73   0   0   0
 154000   34000000| 25   2  72   0   0   1
 130000   34000000| 10   2  87   1   0   0
 138000   37000000|  1   1  98   0   0   0
 112000   31000000| 18   2  80   0   0   0
 115000   29000000| 26   1  72   0   0   1
 111000   26000000| 26   2  72   0   0   0
 104000   27000000| 26   2  72   0   0   0
 106000   27000000| 25   1  72   2   0   0
 102000   27000000| 26   1  73   0   0   0
 102000   25000000|  9   2  90   0   0   0
  89000   21000000|  0   1  99   0   0   0
  52000   14000000|  0   1  99   0   0   0
  55000   14000000|  1   1  99   0   0   0
  67000   12000000| 17   2  80   2   0   0
  48000   12000000| 25   1  74   0   0   0
  61000   11000000| 25   0  75   0   0   0
  44000 9447000| 25   1  74   0   0   0
  42000   10000000| 25   1  74   0   0   0
  43000   10000000| 25   1  74   0   0   0
  45000   11000000| 25   0  74   1   0   0
  44000   11000000| 25   1  74   0   0   0
  41000   10000000| 18   1  81   0   0   0
  46000 8859000|  1   0  99   0   0   0
  39000 7540000|  0   1 100   0   0   0
5912B 1336B|  0   0 100   0   0   0
2103B    0|  0   0  99   1   0   0
1054B  104B|  0   0 100   0   0   0
 316B    0|  0   0 100   0   0   0
