11	10	13	14	15	14	13	13	14	12	16
10	19	19	22	20	19	22	21	21	21	26
10	14	28	31	28	31	34	33	39	30	45
12	14	37	35	32	40	51	51	58	52	60
13	10	50	30	40	64	72	78	86	59	86
15	11	50	31	43	74	96	103	94	88	90
16	11	43	30	53	84	102	93	98	104	106
19	11	45	28	61	90	95	87	109	63	87
17	11	46	28	70	98	89	93	108	69	91
18	10	45	29	67	94	106	100	84	71	96
13	11	43	26	73	95	97	103	87	79	96
14	11	43	27	73	92	88	107	90	82	96
16	11	39	27	75	67	89	109	87	90	90
15	13	37	28	71	70	91	103	84	97	86
16	13	38	24	73	81	91	101	89	109	88
15	15	40	23	73	79	86	105	88	102	92
15	11	41	24	68	74	90	108	83	102	94
15	12	41	25	63	73	89	105	82	108	95
15	13	43	20	62	75	96	103	87	95	98
13	14	44	21	61	76	96	107	93	86	101
14	14	47	19	58	77	94	108	98	107	107
14	15	52	20	59	78	85	106	106	79	106
15	15	58	19	58	80	95	110	106	71	106
15	15	64	19	57	82	101	104	109	83	102
14	16	70	18	56	85	103	107	104	89	101
15	15	74	19	59	86	99	110	101	94	103
15	16	74	20	53	85	100	107	96	95	101
17	15	80	20	50	88	95	96	91	98	103
18	16	86	20	50	91	100	101	97	98	104
19	15	90	19	49	85	101	104	102	99	104
19	16	96	21	48	89	88	107	103	100	100
21	15	96	22	50	85	88	108	105	101	102
22	16	91	23	49	89	88	109	106	67	94
22	16	91	26	50	94	91	110	101	60	95
19	10	93	23	53	99	93	111	102	47	91
21	10	98	24	56	95	94	112	104	48	92
22	10	100	23	59	100	95	112	106	52	94
22	11	102	22	62	98	96	110	108	52	84
23	11	97	23	64	83	96	108	108	63	87
23	13	84	22	66	85	96	102	105	56	92
24	14	69	20	72	86	95	103	110	66	90
24	15	69	21	73	84	97	108	103	77	95
24	17	71	22	77	91	97	109	103	94	99
10	18	74	21	82	52	102	104	102	105	96
11	21	75	21	85	55	103	105	108	84	99
13	22	73	20	91	56	100	101	98	91	99
14	18	73	21	93	52	81	104	99	97	102
17	18	67	20	94	53	87	107	106	101	105
19	20	50	20	92	43	92	109	110	105	100
16	19	48	20	98	38	84	109	105	107	102
16	15	52	20	94	42	84	108	102	85	105
17	16	56	20	85	52	90	107	106	77	102
16	16	62	21	75	49	90	59	101	80	105
17	17	56	22	77	54	87	61	100	80	106
18	12	52	23	81	53	92	64	106	86	101
18	13	52	23	81	62	97	65	106	90	102
18	13	50	25	77	68	101	68	98	100	104
18	13	55	24	76	64	100	69	70	111	102
18	10	59	23	76	63	94	74	62	89	109
18	11	62	24	74	57	95	72	67	92	100
18	11	64	24	78	51	93	63	68	98	100
18	12	72	26	81	52	89	67	66	105	99
19	11	71	25	79	48	92	70	68	109	101
16	11	60	26	76	50	97	73	74	105	103
12	11	61	25	76	47	103	74	80	101	103
12	12	62	25	72	48	98	81	89	96	108
10	11	63	24	67	52	97	88	100	98	110
11	13	66	24	70	54	88	88	101	99	108
12	12	67	23	73	56	85	79	93	100	104
12	13	66	23	75	55	88	68	102	101	107
13	12	68	23	76	56	89	68	105	102	93
13	13	67	23	74	57	80	72	109	104	103
15	13	65	22	76	57	74	73	106	104	93
14	12	61	22	74	61	75	79	103	88	97
12	13	61	23	72	62	80	83	96	81	107
11	12	58	22	65	60	81	80	101	87	104
13	13	54	21	67	60	82	85	95	92	102
13	11	52	21	67	55	83	71	98	97	94
14	11	56	22	67	55	84	55	102	78	94
14	10	57	21	58	59	80	52	102	88	97
14	12	59	21	58	57	81	58	103	92	96
13	12	57	21	58	57	86	61	96	85	98
11	13	57	21	61	58	80	66	86	89	94
11	13	59	21	60	61	78	59	81	104	90
12	13	55	20	59	59	72	69	73	100	79
12	13	27	20	60	63	73	63	76	106	76
12	13	25	21	56	53	73	59	80	87	74
13	13	25	22	50	50	73	59	83	59	73
12	13	24	23	50	50	76	64	85	49	78
13	13	25	24	48	44	65	66	80	49	80
12	13	24	26	45	42	66	72	87	46	87
13	14	25	28	46	39	66	71	93	28	86
10	13	25	31	45	42	68	78	91	34	87
13	14	26	35	42	38	63	84	92	44	99
16	14	27	37	45	38	65	90	84	53	94
23	13	27	40	47	39	66	99	84	58	97
17	11	29	38	49	38	66	108	88	37	89
21	12	29	42	22	37	68	85	90	34	86
18	11	30	44	40	37	68	100	89	42	92
20	10	31	42	36	42	64	107	98	55	91
20	10	31	33	38	44	63	110	78	76	95
18	11	32	29	40	46	65	105	71	99	102
16	10	30	31	44	55	67	104	66	104	96
16	14	29	28	43	58	68	112	64	92	91
15	14	27	25	44	62	69	79	65	94	93
11	13	61	25	38	65	69	70	69	102	86
12	16	58	26	37	65	69	64	75	111	84
11	15	56	25	38	64	58	66	79	110	84
13	13	55	23	30	66	58	68	86	106	82
12	12	37	22	30	62	58	69	91	87	86
13	13	40	21	37	65	59	71	91	94	93
12	12	40	20	35	66	61	71	99	100	89
10	14	35	20	29	74	59	73	87	106	98
11	13	39	20	30	82	57	75	89	111	97
11	14	41	21	28	93	58	78	100	110	92
11	14	35	22	32	87	57	83	95	109	95
14	14	29	22	32	89	57	91	99	104	87
15	14	29	22	36	82	56	98	95	102	90
18	12	34	22	39	78	59	105	98	106	89
20	11	35	22	45	68	60	106	88	105	92
17	11	39	21	52	69	61	74	88	97	97
19	12	47	21	62	69	63	82	92	100	102
17	12	45	22	64	64	71	94	90	102	104
17	12	46	23	69	60	68	83	91	105	104
17	10	49	23	74	53	69	92	92	108	77
17	10	52	24	81	56	74	96	94	110	86
17	10	55	25	87	50	74	100	91	112	91
14	11	52	27	94	55	78	99	97	110	97
15	12	54	29	105	52	74	101	97	112	98
15	12	57	30	112	55	80	101	101	98	96
17	14	57	32	124	56	81	102	103	103	100
16	15	57	32	110	55	85	95	83	100	104
17	17	58	34	101	58	69	92	91	89	99
17	18	54	35	87	60	64	90	96	94	93
17	10	48	33	93	56	65	88	92	99	97
14	10	53	35	97	59	59	87	87	104	96
13	10	56	38	103	56	61	88	87	109	100
13	11	58	38	106	62	65	94	90	110	92
11	12	58	27	110	55	61	101	89	99	90
12	13	52	20	106	55	60	109	85	104	88
12	15	55	21	96	44	62	97	82	107	92
12	16	59	21	82	46	62	109	85	111	90
10	19	59	23	81	43	60	105	92	110	84
11	19	61	22	83	47	56	108	94	92	86
13	24	63	22	84	47	59	108	97	95	91
13	25	62	24	78	49	65	97	97	102	92
12	30	64	23	76	47	69	63	99	108	86
12	29	67	25	78	45	65	58	102	95	87
13	25	69	23	80	38	60	60	97	71	78
13	20	73	22	85	41	66	54	93	88	79
13	11	68	24	86	44	62	56	97	108	82
12	12	64	26	93	48	64	49	93	106	79
11	14	65	27	98	44	67	49	91	106	71
10	16	68	24	110	42	70	46	93	43	66
11	14	63	22	121	43	73	35	84	44	65
10	13	60	24	122	44	73	40	83	47	67
11	15	59	26	98	33	63	43	83	49	62
10	16	55	29	96	28	70	48	85	52	64
11	13	47	31	102	28	72	45	87	54	62
10	12	46	33	105	33	64	44	88	54	66
10	12	45	31	107	31	63	48	86	57	68
10	14	42	27	109	31	69	59	85	68	74
11	12	42	27	109	30	71	62	84	77	73
10	14	41	28	111	29	79	58	86	89	79
10	13	41	29	110	30	63	55	83	107	80
10	14	41	28	111	31	66	60	85	80	77
10	12	41	26	110	34	67	64	88	80	79
10	11	42	23	112	33	75	64	91	87	83
11	11	43	23	112	40	82	65	88	78	85
10	11	41	23	113	43	90	68	89	82	78
11	10	43	22	115	55	91	65	90	87	74
10	10	44	22	122	57	89	71	94	92	75
11	10	46	23	118	68	85	76	96	95	79
12	10	46	23	114	67	78	81	95	80	80
12	10	48	23	110	69	74	85	91	85	75
12	11	46	24	110	69	73	72	87	98	80
12	13	45	25	112	66	65	71	84	85	82
13	13	44	25	93	68	66	67	81	87	76
13	11	39	27	79	71	65	76	83	93	75
14	10	40	29	77	74	61	77	84	98	79
15	10	32	30	77	76	68	80	82	86	80
15	10	32	33	74	80	64	78	82	98	78
16	10	34	34	75	84	67	72	84	98	75
17	10	36	38	75	80	69	73	81	91	80
16	10	39	42	72	79	72	76	74	89	78
15	10	42	47	77	80	74	75	76	84	81
15	10	46	52	62	82	66	78	55	85	75
14	10	51	49	57	66	64	79	58	84	76
15	10	57	53	54	56	74	82	62	86	66
15	11	60	56	59	60	79	81	66	83	71
16	10	64	55	65	56	85	74	67	78	75
16	11	63	49	78	57	75	72	70	78	69
16	11	67	46	81	53	66	74	70	80	62
14	12	75	46	84	55	55	73	73	74	64
15	12	86	44	82	56	49	67	72	79	63
16	13	93	41	82	57	54	64	73	51	67
16	14	74	35	79	58	50	66	57	33	64
17	14	63	35	67	42	51	60	60	38	66
17	12	58	34	56	45	51	61	62	37	67
18	12	52	29	64	47	49	60	68	38	59
18	14	48	32	75	51	50	64	71	38	59
19	13	47	29	77	54	49	62	74	38	63
19	11	47	25	78	55	48	67	77	39	68
17	10	45	27	69	58	46	63	85	39	68
17	12	44	25	75	59	46	65	81	41	57
12	11	45	25	75	63	42	70	81	43	60
10	12	45	24	77	61	45	74	87	46	61
10	12	44	27	82	63	42	79	93	50	61
10	12	46	27	91	66	41	79	93	57	51
10	12	47	23	106	62	41	86	88	63	39
11	11	50	22	116	60	40	96	92	70	26
12	11	50	24	114	63	39	83	89	83	21
12	13	35	23	111	61	42	84	96	89	22
14	14	30	24	113	61	42	83	93	88	23
12	17	28	24	106	58	45	82	86	92	25
11	19	30	25	111	50	41	83	95	92	27
13	21	31	26	108	50	45	73	98	94	29
13	25	32	27	105	53	47	65	98	93	26
11	27	34	29	107	43	48	72	102	94	23
10	33	36	32	108	43	50	78	80	84	16
10	33	38	36	105	44	53	79	84	67	0.011
10	41	38	39	107	44	58	83	90	68	0.02
10	29	36	46	108	45	59	81	83	70	0.024
11	33	38	42	109	44	54	77	64	70	0.029
10	34	40	47	109	46	56	74	62	68	0.018
11	35	43	48	104	48	57	68	62	69	0.01
10	11	45	46	106	44	52	66	61	71	0.873
11	16	53	46	109	41	53	60	61	67	2.837
11	28	53	49	115	45	53	60	63	67	6.323
11	32	51	47	115	47	54	61	67	65	9.038
11	31	53	48	120	49	49	58	61	35	7.005
11	31	56	43	125	49	45	51	59	33	8.072
12	34	61	45	120	54	50	55	62	22	8.131
11	35	64	36	117	51	49	57	61	24	5.196
11	36	62	32	123	40	51	62	56	25	5.356
11	38	59	36	120	40	52	65	43	26	6.204
13	26	59	40	110	41	55	73	43	28	6.605
10	30	61	40	110	39	49	77	40	31	1.87
11	23	64	37	116	39	52	83	42	33	
10	16	61	38	118	39	51	84	45	36	
10	15	57	37	125	42	50	96	43	41	
10	17	52	38	118	40	51	95	46	45	
10	15	52	32	86	40	51	100	38	51	
11	13	51	30	81	42	52	99	35	56	
12	12	51	33	81	43	51	92	31	63	
10	14	49	32	83	46	49	75	30	71	
10	11	48	32	77	48	53	76	26	62	
11	10	47	32	78	51	56	73	25	57	
11	11	45	33	79	57	59	72	26	38	
11	11	46	34	79	61	59	68	26	39	
10	10	45	32	63	61	59	66	28	16	
11	10	46	33	46	63	54	67	28	0.117	
10	10	45	30	38	67	51	55	26	0.414	
10	10	43	30	44	72	49	47	27	0.869	
13	11	37	31	49	66	49	48	27	1.387	
12	10	36	33	58	69	51	48	27	2.989	
11	11	37	32	62	63	51	48	24	4.494	
11	10	37	34	67	66	52	45	23	8.726	
11	11	39	35	58	66	53	42	22		
12	10	37	37	53	63	50	41	23		
12	11	37	37	59	61	48	39	22		
11	11	40	40	62	58	48	35	23		
11	11	44	35	72	56	48	32	24		
11	11	41	34	75	56	52	33	26		
12	12	38	34	82	52	48	33	27		
12	12	38	34	82	55	50	31	24		
13	13	42	36	85	57	55	27	22		
12	13	45	32	71	60	56	29	25		
11	14	47	30	48	65	33	27	27		
11	12	48	27	44	62	35	23	23		
10	11	53	29	51	64	36	17	23		
10	13	59	30	57	64	36	14	18		
11	13	67	29	58	64	37	14	18		
12	14	70	28	54	63	36	16	0.012		
15	14	73	29	52	61	34	15	0.018		
15	15	76	25	55	63	37	15	0.021		
15	15	74	26	50	62	38	16	0.026		
13	15	74	25	42	63	40	16	0.016		
12	13	64	24	42	55	39	17	0.374		
12	11	46	27	42	59	40	18	2.285		
13	12	47	28	43	53	44	19	4.75		
13	11	49	28	42	57	45	20	7.378		
12	11	50	30	42	59	49	21	5.671		
12	13	51	31	41	64	53	22	5.67		
11	12	50	33	43	51	46	23	6.071		
11	13	49	34	43	48	35	26	6.204		
11	12	55	31	45	50	29	30	6.275		
11	14	60	31	48	45	31	32	6.266		
11	13	63	33	51	39	25	34	6.337		
10	14	66	34	51	40	27	28	6.204		
10	14	59	34	53	37	23	28	6.404		
13	13	50	34	56	39	17	29	6.404		
12	13	49	33	57	38	13	25	6.271		
13	13	52	36	62	40	10	25	6.804		
14	14	53	35	66	41	10	25	6.805		
15	13	53	28	73	43	11	22	7.471		
12	14	53	30	75	40	10	21	1.415		
13	14	50	23	79	44	10	16			
13	15	50	20	75	48	12	16			
10	15	51	21	76	54	11	12			
10	17	53	21	77	58	13	13			
11	17	55	20	79	61	14	13			
12	19	51	21	72	57	14	13			
11	20	47	19	72	48	12	11			
10	21	51	14	74	50	14	10			
10	23	54	17	72	49	13	11			
11	17	58	22	72	50	10	10			
11	20	60	26	71	46	12	10			
12	20	64	27	73	48	10	10			
13	17	68	31	73	48	12	10			
15	10	69	35	75	49	12	0.013			
16	15	63	42	75	46	10	0.016			
21	22	58	40	78	49	11	0.019			
24	35	54	35	79	50	12	0.013			
36	37	50	35	84	54	12	0.012			
27	34	48	36	89	57	13	0.151			
27	34	43	33	95	61	13	1.482			
26	34	32	33	97	60	10	3.174			
26	28	31	33	86	63	10	4.532			
24	32	31	34	80	59	10	7.935			
24	31	30	34	84	65	10	9.086			
23	35	30	34	88	55	13	9.607			
25	34	31	35	87	58	0.016	5.36			
26	38	31	35	92	48	0.026	4.724			
23	36	31	34	99	53	0.029	4.882			
21	36	31	36	106	31	0.025	4.736			
22	35	34	35	116	31	0.013	5.003			
23	18	35	39	116	28	0.01	5.137			
19	11	37	34	114	25	1.742	4.898			
21	18	40	33	114	25	4.45	4.258			
18	28	42	31	119	27	7.375	4.47			
18	43	41	28	122	27	9.407	4.936			
18	34	40	29	115	28	9.532	5.137			
19	34	40	29	114	30	9.951	5.261			
16	34	42	31	109	32	9.784	5.279			
11	34	44	32	102	34	6.208	5.537			
13	34	41	33	103	39	6.416	5.537			
14	34	40	33	112	50	6.748	5.537			
15	34	39	36	117	56	7.316	5.503			
13	34	38	37	123	52	7.852	4.67			
14	34	37	42	114	55	8.525	4.249			
13	34	39	43	105	55	9.906	4.803			
11	34	42	47	86	50	9.471	4.87			
10	34	45	44	51	43	9.827	5.337			
11	38	50	48	44	44	9.636	5.338			
11	10	55	52	48	45	6.721	1.816			
11	18	61	53	48	40	4.481				
11	15	68	51	51	41	4.84				
11	16	73	49	50	42	5.162				
11	17	77	49	53	42	6.059				
11	12	75	49	54	43	6.738				
11	14	66	52	56	40	8.272				
11	13	58	51	57	36	9.013				
12	15	53	55	55	33	8.284				
11	13	52	42	61	32	9.345				
10	15	43	45	68	33	9.747				
10	10	31	47	81	32	9.735				
11	12	31	50	90	31	4.07				
11	11	29	51	95	32	4.136				
11	12	28	51	100	30	3.647				
13	12	30	47	110	30	1.631				
13	11	28	41	98	30	2.335				
15	11	30	42	92	31	2.868				
16	12	33	39	99	33	3.202				
17	15	36	36	108	34	3.202				
17	16	37	35	118	33	3.469				
18	19	37	35	119	34	3.269				
16	21	36	35	120	36	3.367				
16	24	33	38	120	34	3.371				
15	27	35	38	110	23	3.335				
15	21	36	38	100	20	3.536				
15	12	39	38	105	19	3.602				
15	18	39	42	114	20	3.733				
16	15	36	40	111	21	3.989				
14	14	37	44	103	23	4.553				
13	11	37	42	74	23	2.403				
12	13	39	39	65	22	2.935				
10	11	40	35	67	22	2.705				
13	11	40	36	67	23	1.802				
13	10	42	37	65	22	2.535				
11	10	43	37	60	23	2.868				
11	12	45	30	62	23	1.521				
11	12	49	28	63	22					
12	13	51	30	67	13					
11	14	51	27	67	13					
12	16	45	29	69	14					
10	12	45	30	68	15					
11	13	48	33	68	16					
11	14	50	35	77	16					
12	15	45	38	83	17					
12	15	45	39	81	18					
13	16	39	43	83	16					
12	16	39	43	83	17					
13	12	41	33	76	18					
13	12	41	25	73	19					
14	13	36	25	78	19					
15	13	39	26	76	20					
13	13	42	28	84	20					
14	14	44	27	79	20					
15	13	46	27	71	20					
16	10	42	28	74	20					
16	10	42	18	80	20					
15	10	46	18	78	20					
13	11	47	19	82	21					
14	10	48	21	79	18					
14	11	48	22	79	0.011					
15	11	48	24	85	0.01					
15	12	50	23	91	0.011					
14	11	50	21	88	0.015					
13	12	52	19	82	0.601					
13	11	47	20	76	1.605					
13	12	48	21	70	3.1					
13	11	48	20	72	4.794					
12	12	50	22	71	8.121					
12	11	52	24	72	8.953					
10	12	56	22	66	9.507					
11	12	58	24	67	6.069					
12	10	51	24	65						
11	10	48	26	66						
10	11	43	25	65						
10	11	45	25	69						
11	12	44	25	70						
11	12	44	26	73						
11	13	45	24	77						
11	12	43	23	80						
11	13	45	24	74						
10	12	44	25	69						
10	12	40	27	81						
10	13	41	29	82						
10	12	44	32	68						
10	13	46	33	70						
10	12	47	38	77						
10	13	49	40	84						
11	13	50	48	86						
10	19	51	45	78						
12	29	54	35	66						
12	23	56	35	70						
13	26	59	36	70						
13	28	58	34	75						
14	28	63	38	78						
13	30	70	36	86						
12	29	67	35	74						
11	32	70	30	76						
12	30	70	33	81						
12	33	74	37	79						
12	31	71	35	87						
13	28	61	40	87						
11	23	59	35	93						
10	26	61	42	91						
10	25	56	41	93						
10	27	55	40	94						
10	27	47	40	91						
10	27	48	35	87						
12	15	51	37	90						
12	21	48	40	86						
14	35	45	40	71						
15	36	39	36	47						
18	34	38	37	49						
12	26	40	33	50						
13	30	42	38	52						
14	21	44	39	56						
15	23	44	35	60						
17	23	39	34	67						
13	24	35	37	76						
10	25	33	32	89						
11	24	31	26	87						
10	26	30	28	88						
10	22	32	26	85						
10	19	33	29	91						
11	13	32	31	93						
12	15	31	33	93						
13	14	31	29	87						
14	16	32	29	77						
14	15	32	32	75						
16	16	32	30	76						
16	16	32	25	77						
10	16	33	28	77						
11	13	33	29	74						
10	10	34	26	76						
11	10	37	29	76						
11	11	40	28	77						
12	10	45	26	76						
11	11	50	26	77						
10	12	54	27	80						
11	13	53	27	78						
12	15	46	24	83						
10	16	36	22	74						
11	18	39	25	76						
10	14	40	20	77						
10	15	38	19	65						
10	16	37	20	51						
10	17	37	21	56						
11	16	37	22	42						
10	13	35	25	28						
11	14	33	27	29						
11	14	32	30	25						
11	15	34	34	26						
12	14	34	37	26						
11	11	36	41	27						
11	11	38	46	26						
10	12	38	39	27						
10	10	32	42	27						
10	11	33	36	26						
10	11	35	37	26						
10	13	36	38	26						
10	13	40	37	24						
10	16	39	34	26						
11	16	31	35	27						
13	20	29	36	29						
15	21	27	40	26						
17	25	21	43	26						
17	27	23	48	27						
13	23	23	48	29						
14	23	25	43	29						
13	20	23	35	29						
11	18	26	38	21						
10	17	27	37	10						
10	20	30	39	11						
11	18	32	41	13						
11	21	29	38	13						
12	16	26	38	17						
14	21	28	33	12						
16	25	26	31	77						
15	21	27	31	75						
13	26	28	31	76						
13	24	24	29	77						
13	24	23	27	77						
12	19	23	26	75						
13	18	24	28	75						
13	15	25	26	76						
13	16	25	20	77						
13	16	24	18	75						
13	16	21	19	76						
13	18	21	20	79						
13	16	21	21	78						
14	18	22	23	84						
11	16	22	24	74						
12	18	19	27	74						
13	16	18	29	80						
14	18	19	28	66						
12	17	19	30	52						
13	18	18	36	55						
12	17	20	42	46						
12	18	20	31	29						
12	18	23	29	29						
12	18	24	24	25						
10	20	24	23	26						
11	19	28	22	26						
11	17	31	20	27						
10	15	33	16	27						
10	19	34	14	27						
10	33	34	11	27						
10	24	38	12	25						
10	30	40	10	26						
10	29	39	10	26						
10	32	29	11	24						
10	33	34	10	25						
11	33	31	12	27						
11	35	27	11	29						
10	34	33	12	26						
10	38	33	15	26						
10	31	29	16	27						
10	27	31	17	29						
11	25	36	20	29						
11	30	35	24	29						
12	26	32	23	24						
12	22	29	21	11						
14	19	27	19	12						
14	10	30	19	14						
16	16	32	18	16						
17	24	35	17	13						
18	31	37	18	26						
20	28	39	18	26						
23	29	41	19	27						
26	32	39	20	27						
14	25	35	23	27						
14	25	36	27	27						
11	23	37	30	27						
12	27	37	33	25						
13	25	36	32	26						
12	28	37	39	26						
11	26	40	38	24						
10	27	39	44	25						
10	27	36	38	27						
11	28	38	41	28						
11	27	38	38	26						
13	20	36	39	26						
14	21	37	34	27						
13	15	34	28	29						
13	17	34	29	29						
14	10	37	28	29						
13	13	38	27	20						
14	12	41	26	11						
15	11	44	26	12						
12	11	50	25	14						
12	10	53	23	16						
12	11	54	21	11						
14	10	52	23	0.015						
14	11	52	21	0.018						
14	11	51	22	0.019						
13	10	48	21	0.02						
13	11	50	22	0.412						
13	10	47	23	1.484						
14	12	47	23	2.944						
14	11	41	25	4.948						
14	13	38	25	8.727						
14	12	37	24	9.667						
14	15	37	26	7.436						
14	14	37	28	6.912						
13	17	38	27	7.498						
12	17	38	24	7.043						
13	17	37	26	7.501						
14	15	34	26	7.042						
14	16	34	26	7.951						
11	18	34	27	7.762						
10	17	33	21	8.022						
11	19	31	22	8.422						
13	18	30	22	8.978						
13	20	31	21	6.436						
11	18	32	21	9.795						
11	20	33	22	7.245						
10	19	34	21	7.104						
11	20	31	18	7.307						
10	17	34	18	7.234						
0.067	15	34	16	7.31						
0.27	10	35	17	7.233						
0.591	11	34	13	7.695						
0.732	13	36	14	7.825						
1.413	15	36	14	8.086						
2.109	17	40	13	8.231						
3.587	20	39	12	9.042						
4.905	23	39	13	9.652						
6.616	26	40	13	7.676						
9.882	29	39	13	9.922						
8.251	33	37	13	7.244						
9.94	37	38	13	7.104						
9.519	36	38	13	7.243						
8.822	29	40	14	7.298						
9.049	29	41	14	7.309						
7.894	31	41	15	7.297						
7.494	12	43	15	7.76						
7.783	13	43	16	7.826						
8.339	12	42	19	8.149						
9.006	14	42	18	8.295						
9.206	14	43	20	9.169						
3.937	15	42	19	9.908						
4.204	16	42	19	6.436						
4.01	15	43	19							
4.198	17	49	20							
4.039	15	50	20							
4.312	17	47	22							
4.695	11	40	23							
5.058	13	45	25							
5.521	12	42	25							
6.939	10	47	23							
7.596	11	50	23							
8.777	11	46	24							
8.096	11	41	24							
7.457	11	39	26							
7.294	11	38	25							
6.349	12	37	23							
6.629	11	37	24							
6.696	12	37	22							
7.19	11	35	22							
7.019	12	35	20							
7.405	11	38	20							
7.338	12	40	22							
7.672	11	41	22							
7.738	13	38	19							
8.405	12	36	19							
9.164	14	37	18							
9.787	15	36	14							
4.263	15	33	14							
3.003	17	33	15							
3.137	13	29	15							
3.203	14	31	11							
3.619	14	33	10							
4.099	16	32	10							
4.538	15	33	11							
4.019	17	32	11							
5.079	10	31	0.011							
5.678	11	29	0.012							
6.162	13	32	0.408							
6.105	14	20	1.471							
6.404	16	18	2.462							
6.271	18	20	4.505							
5.515	20	20	7.534							
5.737	24	20	8.312							
5.87	27	21	8.37							
6.337	30	21	7.359							
5.313	34	21	7.262							
4.621	38	22	6.982							
3.032	37	24	7.316							
3.269	28	25	7.117							
3.335	21	24	7.299							
3.536	23	28	6.523							
3.402	22	30	6.133							
3.435	14	30	5.992							
3.487	10	30	6.939							
3.042	11	32	7.141							
3.402	12	31	8.497							
3.632	14	32	9.72							
4.04	13	34	9.905							
4.67	12	35	9.659							
5.07	12	37	9.504							
4.911	13	38	9.682							
4.683	14	37	9.299							
5.478	14	39	5.671							
5.22	15	37	5.715							
5.337	14	42	5.694							
5.67	15	41	6.229							
5.604	15	44	6.712							
5.983	15	44	6.884							
5.786	15	42	6.804							
5.976	15	44	7.205							
5.89	11	42	6.911							
6.185	12	37	6.915							
6.038	13	37	7.156							
5.439	13	36	6.999							
6.071	14	38	7.826							
6.715	11	40	7.805							
7.059	11	41	7.379							
6.677	15	43	7.156							
7.697	22	44	7.491							
7.849	18	45	7.759							
8.291	22	45	7.943							
7.787	20	43	8.18							
8.205	17	45	8.155							
7.489	16	44	8.22							
7.138	16	43	7.86							
7.338	13	41	8.265							
7.148	13	41	7.978							
7.016	14	43	8.767							
7.021	13	45	8.872							
7.538	15	41	8.026							
7.271	14	40	7.685							
7.738	12	42	8.073							
8.005	10	42	8.472							
7.672	12	43	4.772							
7.596	11	41	3.906							
5.801	13	38	3.802							
5.93	12	42	3.687							
6.005	12	45	3.218							
6.619	13	42	3.226							
6.124	12	37	2.403							
6.595	10	38	1.594							
7.273	11	41	1.674							
7.225	11	42	1.714							
8.605	12	40	2.019							
8.008	11	41	2.081							
7.805	13	37	2.038							
8.539	12	40	1.831							
8.739	13	44	1.927							
9.273	12	39	2.026							
9.099	12	37	1.819							
9.579	13	39	1.767							
9.402	12	42	1.812							
8.217	13	46	2.176							
8.806	12	48	1.949							
9.94	13	44	2.129							
8.262	10	44	2							
8.048	10	45	2.308							
7.838	10	45	2.268							
7.046	10	46	2.569							
7.176	11	48	3.069							
7.519	11	43	4.034							
6.154	12	38	4.767							
6.572	12	39	5.154							
6.604	12	39	6.167							
6.804	12	31	7.575							
6.776	12	32	8.607							
6.248	12	32	4.729							
6.766	12	33	3.995							
7.405	12	34	4.023							
7.417	12	33	3.693							
7.071	12	34	3.392							
7.471	12	38	3.693							
7.738	13	41	3.599							
8.072	13	42	3.514							
8.138	14	44	3.426							
8.23	14	46	3.335							
7.385	16	37	3.402							
7.805	17	40	1.934							
7.169	18	39	1.267							
7.107	20	36	1.267							
7.236	21	31	1.266							
7.233	24	36	1.469							
5.817	26	34	1.535							
6.026	20	29	1.868							
5.916	21	31	2.068							
6.417	18	33	2.602							
2.763	16	37	1.417							
2.003	17	41								
1.869	17	47								
1.936	18	52								
1.923	15	46								
2.027	12	45								
2.528	17	48								
2.691	28	51								
3.745	40	53								
4.535	35	62								
6.635	32	62								
8.098	29	66								
9.957	31	59								
8.294	33	53								
4.927	34	54								
3.871	35	57								
4.071	37	60								
4.137	35	61								
3.953	34	62								
4.449	34	62								
4.246	31	64								
4.853	26	61								
4.981	18	55								
5.949	10	53								
5.776	11	46								
6.549	14	40								
6.782	16	38								
7.591	16	40								
8.285	14	39								
9.05	15	37								
9.888	16	35								
9.63	17	37								
8.57	18	37								
8.865	18	38								
9.148	19	37								
9.206	18	34								
9.35	19	27								
9.129	18	31								
9.406	19	32								
9.243	19	33								
9.437	19	32								
9.539	18	32								
6.314	19	31								
4.753	19	32								
3.963	19	35								
4.137	19	37								
4.42	14	40								
4.772	15	41								
3.86	17	42								
4.093	17	45								
3.668	18	45								
4.6	18	41								
5.513	10	40								
7.849	11	43								
8.445	13	43								
8.481	14	41								
6.927	17	43								
7.605	19	45								
7.205	23	38								
8.005	26	37								
7.938	30	39								
8.472	33	39								
8.562	37	39								
9.379	38	35								
8.817	34	33								
9.45	34	35								
9.127	34	37								
9.339	40	36								
9.606	16	36								
7.507	10	34								
7.471	17	37								
8.138	13	34								
8.138	16	35								
8.539	16	30								
8.007	17	32								
7.805	17	32								
8.205	19	33								
8.199	18	30								
8.678	19	31								
8.872	19	33								
8.963	19	34								
9.182	19	34								
8.726	19	35								
7.371	19	36								
8.072	19	36								
7.666	19	35								
6.515	17	37								
6.922	15	40								
7.138	16	42								
6.939	17	45								
5.785	17	48								
2.27	18	53								
2.336	18	56								
2.203	19	63								
2.62	19	68								
2.732	20	77								
3.048	19	68								
3.644	19	46								
4.225	14	49								
5.18	12	52								
5.765	12	53								
7.018	12	44								
7.873	12	40								
6.972	14	41								
6.795	13	42								
5.627	15	42								
5.731	14	42								
5.814	16	41								
4.596	16	40								
4.971	15	42								
5.436	16	44								
5.592	15	44								
4.951	16	47								
5.022	15	49								
5.137	15	55								
5.337	11	61								
5.449	13	65								
5.558	13	74								
5.537	15	84								
5.639	14	86								
5.635	16	62								
5.824	15	48								
5.562	15	46								
5.875	16	50								
6.24	14	51								
7.004	12	47								
7.313	10	43								
6.254	11	39								
6.749	11	34								
6.068	10	34								
5.847	10	37								
6.094	10	31								
6.229	11	29								
6.913	0.08	26								
7.126	0.181	27								
7.578	0.374	27								
8.146	0.522	27								
8.73	1.076	25								
7.903	1.663	21								
6.321	3.201	14								
6.623	4.336	14								
7.107	8.005	12								
5.495	8.543	12								
5.673	9.406	11								
5.985	9.806	10								
6.004	9.606	10								
5.967	9.606	11								
6.01	9.75	11								
5.857	9.806	10								
5.363	9.873	0.013								
5.65	9.795	0.018								
6.119	0.036	0.018								
6.361	0.165	0.026								
6.804	0.338	0.09								
7.205	0.445	1.07								
7.538	0.827	2.665								
7.912	1.278	5.054								
8.806	2.473	8.363								
9.858	3.427	9.447								
9.139	5.848	8.859								
9.94	7.878	7.54								
8.952	7.483									
7.608	7.707									
7.339	8.703									
7.872	8.739									
7.672	9.539									
8.005	9.135									
8.138	9.944									
8.001	9.421									
7.001	9.791									
7.089	9.806									
6.511	9.339									
6.871	9.806									
7.605	9.473									
7.938	9.762									
8.672	7.284									
9.806	0.034									
9.947	0.191									
8.893	0.311									
9.339	0.522									
8.42	0.881									
7.873	1.305									
7.672	2.348									
7.738	3.555									
7.872	5.821									
7.738	9.072									
7.805	9.606									
7.805	9.273									
8.073	8.285									
8.376	7.872									
5.269	2.792									
5.205	0.017									
5.472	0.163									
6.338	0.305									
5.054	0.706									
5.688	1.076									
4.741	2.283									
5.048	3.279									
5.479	6.14									
6.662	9.87									
7.775	9.273									
9.673	7.295									
9.839	8.205									
9.465	8.232									
8.838	8.579									
9.139	8.872									
9.072	8.606									
9.473	9.139									
9.406	8.574									
8.141	9.17									
8.739	8.539									
8.872	9.273									
9.015	8.472									
7.747	9.606									
7.62	9.006									
7.904	8.845									
7.538	0.036									
7.75	0.144									
7.104	0.359									
7.173	0.489									
6.902	1.044									
7.239	1.696									
7.037	3.331									
7.138	4.759									
7.071	4.883									
7.538	5.07									
7.471	5.47									
8.339	5.537									
8.958	6.004									
9.627	6.071									
8.779	5.67									
9.279	6.204									
1.869	5.604									
1.936	6.204									
2.27	5.737									
2.202	6.471									
2.218	6.137									
2.418	6.671									
2.541	6.738									
2.691	7.405									
3.224	7.938									
3.82	8.567									
5.356	9.978									
7.044	8.791									
7.547	7.374									
6.936	7.004									
8.287	7.805									
9.258	7.538									
8.644	8.144									
8.605	8.02									
7.313	8.251									
6.671	8.205									
6.37	8.005									
6.192	8.339									
5.095	7.872									
5.556	8.339									
5.882	8.272									
6.039	9.006									
6.137	8.739									
6.337	9.806									
6.294	5.168									
6.314	0.017									
4.815	0.196									
5.306	0.294									
5.737	0.489									
5.651	0.888									
5.301	1.233									
5.67	2.249									
5.737	2.934									
5.937	5.188									
5.829	4.014									
5.979	4.722									
5.896	3.373									
6.023	4.003									
6.403	3.736									
6.828	4.336									
6.967	3.869									
7.568	4.269									
8.509	4.04									
9.711	4.099									
8.223	4.136									
8.872	4.069									
9.339	4.536									
8.942	4.536									
9.539	5.137									
8.932	5.27									
6.073	6.337									
5.937	6.637									
6.471	8.373									
5.672	8.605									
5.405	9.01									
4.612	9.473									
4.56	9.74									
4.217	9.873									
4.183	8.358									
3.421	8.405									
3.802	8.539									
3.608	9.806									
3.602	9.406									
3.802	9.622									
3.759	7.82									
3.494	7.805									
3.519	8.605									
3.777	8.205									
3.693	9.139									
3.912	8.285									
4.003	3.304									
4.269	0.035									
4.352	0.176									
4.987	0.294									
4.713	0.522									
4.885	0.685									
5.322	1.239									
5.119	1.729									
4.802	1.927									
4.96	1.927									
4.87	1.935									
4.803	2.268									
4.346	2.201									
4.455	2.201									
4.554	2.335									
4.862	2.135									
4.963	2.268									
5.314	2.268									
5.203	2.468									
5.894	2.668									
5.916	3.002									
5.485	3.469									
5.829	2.88									
5.65	3.135									
5.532	3.202									
5.162	3.669									
5.516	3.602									
5.624	3.736									
5.937	3.669									
5.884	3.736									
5.99	3.602									
5.832	3.802									
6.042	3.669									
6.004	4.003									
6.575	4.203									
6.333	4.47									
6.457	4.936									
7.004	5.47									
7.953	6.204									
6.755	7.205									
6.804	8.272									
6.116	9.673									
6.161	9.273									
6.314	9.473									
6.337	9.444									
6.333	4.585									
5.565	0.08									
5.87	0.163									
5.937	0.359									
6.537	0.554									
6.373	1.076									
6.14	1.598									
5.199	3.266									
5.294	4.47									
5.337	7.049									
5.47	6.315									
5.67	6.165									
5.352	7.31									
5.137	6.085									
5.604	5.67									
5.368	5.47									
5.317	6.204									
5.403	5.737									
5.31	6.604									
5.47	5.894									
5.47	6.619									
5.621	5.899									
5.034	6.671									
5.301	6.337									
4.633	6.271									
5.073	6.738									
5.181	6.671									
5.87	7.605									
6.137	7.405									
6.521	8.939									
7.208	8.81									
8.09	9.308									
8.828	0.057									
9.683	0.154									
7.79	0.391									
7.892	0.652									
7.996	1.435									
5.864	2.283									
5.085	4.459									
5.789	6.357									
6.004	9.919									
6.844	8.072									
7.101	8.111									
6.592	6.271									
5.783	0.729									
5.35	0.055									
5.526	0.246									
6.234	0.334									
5.89	0.522									
5.475	0.717									
4.736	0.971									
5.07	0.815									
5.298	1.152									
4.514	1.018									
4.425	1.158									
1.615	1.014									
1.832	1.222									
1.841	1.056									
1.937	1.179									
1.835	1.285									
2.109	1.517									
1.488	1.801									
0.817	2.335									
1.371	2.735									
1.655	3.736									
1.12	4.269									
1.385	5.737									
1.514	6.938									
1.653	7.658									
2.259	6.723									
2.17	7.004									
2.465	7.872									
2.419	8.005									
2.585	8.605									
2.849	8.472									
2.92	8.672									
2.952	8.739									
2.808	9.072									
3.33	8.672									
3.269	9.006									
3.469	8.855									
3.426	8.823									
4.071	9.006									
4.044	9.072									
4.936	9.673									
4.895	9.873									
4.427	7.931									
4.803	9.006									
5.236	9.339									
5.571	0.034									
5.356	0.162									
5.784	0.341									
5.513	0.709									
5.761	1.281									
5.537	2.446									
5.937	2.384									
5.882	2.63									
6.526	2.836									
7.338	3.101									
7.725	2.868									
9.289	3.069									
8.152	2.935									
8.806	3.002									
9.273	3.202									
9.434	3.335									
8.605	3.37									
9.94	3.301									
9.339	3.802									
9.873	3.936									
9.539	4.803									
9.673	4.87									
9.673	6.204									
9.492	6.671									
9.188	8.481									
8.866	9.464									
7.583	9.901									
7.504	0.113									
7.892	0.228									
7.938	0.326									
8.539	0.652									
8.739	0.848									
8.939	1.696									
8.883	2.396									
8.862	4.24									
8.939	6.337									
8.939	0.08									
9.139	0.176									
9.673	0.503									
9.407	0.821									
9.692	1.591									
9.308	2.682									
7.433	4.846									
7.024	7.538									
7.56	0.061									
7.417	0.202									
7.86	0.372									
7.738	0.587									
6.856	1.207									
6.798	1.631									
7.605	3.371									
7.892	4.336									
8.852	8.072									
9.339	9.182									
8.741	8.184									
9.273	6.708									
9.654	5.184									
7.038	5.737									
7.918	5.67									
8.03	6.071									
8.797	5.804									
8.972	6.137									
6.286	5.67									
1.619	6.137									
1.79	5.804									
1.789	6.438									
1.892	6.237									
1.519	6.368									
1.534	6.773									
1.534	7.004									
1.599	7.738									
1.606	8.072									
1.469	9.406									
1.737	9.74									
1.901	8.917									
2.13	0.145									
2.319	0.261									
2.814	0.554									
3.648	0.848									
4.351	1.866									
5.243	3.221									
6.108	4.711									
7.308	8.431									
8.629	8.935									
9.473	9.873									
9	9.947									
8.857	8.002									
9.94	8.605									
9.572	8.739									
9.139	9.339									
9.94	9.006									
9.519	9.606									
9.895	8.872									
7.805	9.606									
7.938	8.806									
8.527	9.606									
6.699	9.006									
7.205	9.806									
7.205	9.633									
7.538	9.913									
7.405	2.378									
7.471	0.017									
7.738	0.154									
8.072	0.261									
7.729	0.563									
7.846	0.913									
8.447	1.892									
8.634	2.708									
7.532	5.26									
7.513	6.957									
5.949	6.09									
6.352	7.205									
6.704	7.071									
6.142	5.89									
6.002	5.403									
5.338	6.317									
5.63	5.958									
5.537	6.604									
5.737	5.937									
5.47	6.578									
5.937	6.03									
5.67	6.537									
5.878	6.471									
5.443	6.337									
6.311	6.871									
7.006	6.604									
7.605	7.471									
8.339	7.271									
9.206	8.539									
9.941	8.715									
9.639	9.053									
9.922	9.072									
8.425	9.038									
8.379	4.588									
9.099	0.095									
9.139	0.246									
8.617	0.522									
6.752	0.913									
7.538	1.826									
7.095	2.993									
7.605	5.571									
7.205	7.872									
7.421	6.361									
5.707	0.08									
6.646	0.181									
6.938	0.374									
5.811	0.457									
6.136	0.978									
5.824	1.358									
5.097	2.686									
5.137	3.528									
5.073	6.327									
4.762	8.939									
5.111	0.034									
5.604	0.193									
5.532	0.329									
5.397	0.698									
5.589	1.141									
5.06	2.316									
5.257	3.359									
4.64	6.431									
4.757	9.806									
5.045	7.975									
5.306	6.674									
5.306	6.537									
4.962	7.271									
4.922	7.071									
5.27	7.738									
5.337	7.071									
4.742	7.672									
4.736	7.338									
5.07	7.379									
5.124	7.497									
5.417	7.471									
5.394	7.805									
2.711	7.738									
2.816	8.339									
3.07	8.539									
3.421	9.339									
2.9	9.766									
3.137	8.899									
3.719	9.089									
3.968	9.79									
4.308	9.024									
4.057	7.334									
4.246	7.538									
4.539	8.205									
4.484	7.872									
4.392	8.539									
4.256	8.272									
4.337	8.673									
4.47	5.646									
4.536	0.017									
2.415	0.163									
1.521	0.258									
1.439	0.492									
1.565	0.913									
1.751	1.287									
2.098	2.431									
2.628	2.277									
3.289	2.436									
4.55	2.668									
4.794	3.002									
5.792	2.935									
7.903	3.002									
7.139	2.935									
7.798	3.002									
7.028	2.962									
7.206	3.042									
6.508	3.135									
6.901	3.402									
6.546	3.469									
6.862	3.869									
6.671	4.269									
6.871	5.101									
7.471	5.639									
7.228	6.831									
6.603	7.645									
6.029	6.781									
6.537	6.738									
6.871	7.538									
6.764	7.703									
5.89	8.174									
4.914	8.405									
5.587	8.339									
5.604	8.672									
4.865	8.272									
4.47	8.672									
4.87	8.272									
4.813	8.797									
4.926	8.348									
4.99	9.006									
4.803	8.739									
5.017	9.406									
4.969	9.74									
4.839	1.671									
4.908	0.111									
5.627	0.221									
5.913	0.465									
6.471	0.652									
7.004	1.174									
7.938	2.152									
8.208	3.721									
6.699	6.071									
7.206	9.473									
5.792	0.08									
6.223	0.196									
6.185	0.391									
5.673	0.554									
5.064	1.076									
5.172	1.402									
5.389	2.642									
5.47	3.49									
5.303	6.271									
5.249	8.472									
5.214	0.08									
5.326	0.196									
5.448	0.391									
5.559	0.685									
5.737	1.109									
4.784	1.631									
5.317	2.9									
5.69	4.175									
6.404	7.176									
6.604	9.149									
7.805	0.08									
8.146	0.222									
7.86	0.43									
7.028	0.554									
7.004	1.076									
7.405	1.533									
7.471	2.772									
7.51	4.057									
7.267	6.377									
7.872	8.7									
8.205	9.94									
7.621	9.406									
7.672	9.74									
6.921	5.808									
6.619	0.017									
5.915	0.15									
5.369	0.307									
5.663	0.457									
6.245	0.815									
5.884	1.663									
5.454	1.678									
5.363	1.729									
5.737	1.865									
5.483	1.868									
4.976	1.935									
4.302	2.201									
3.952	2.135									
4.269	2.201									
4.192	2.201									
4.189	2.268									
4.108	2.268									
4.336	2.535									
4.003	2.935									
4.384	3.135									
4.089	4.136									
4.606	4.57									
4.767	3.638									
5.178	4.203									
5.943	4.269									
5.353	4.936									
6.404	4.536									
6.871	5.07									
8.539	4.536									
9.072	5.07									
8.392	4.536									
8.758	5.07									
8.869	4.598									
6.921	5.323									
5.021	3.854									
4.902	4.379									
5.025	4.493									
4.929	4.87									
5.012	5.07									
5.009	5.027									
5.337	5.38									
5.125	4.965									
4.864	5.406									
3.994	5.039									
3.584	5.27									
3.936	5.137									
4.269	5.568									
4.572	5.639									
4.17	6.071									
3.903	6.671									
4.069	7.138									
4.536	8.138									
4.458	8.806									
4.333	0.08									
4.1	0.228									
3.942	0.308									
3.86	0.605									
4.173	0.848									
4.026	1.631									
3.758	2.152									
3.456	3.979									
3.266	5.186									
3.512	9.091									
3.469	9.673									
3.802	0.034									
3.989	0.144									
3.896	0.291									
3.804	0.362									
4.453	0.75									
4.553	1.305									
4.243	1.794									
2.604	2.351									
3.136	3.402									
3.604	3.777									
4.539	5.229									
5.53	6.071									
6.954	7.704									
8.496	5.856									
9.261	7.004									
9.59	6.91									
8.918	5.642									
9.274	5.604									
8.11	6.137									
7.168	6.071									
7.5	6.471									
7.875	6.271									
6.939	6.271									
6.404	6.368									
5.51	6.173									
5.325	6.471									
4.653	6.137									
3.432	6.871									
3.679	6.671									
3.961	7.338									
3.678	7.538									
3.402	8.478									
3.536	8.933									
3.493	0.145									
3.104	0.216									
2.944	0.497									
3.251	0.689									
3.469	1.435									
3.536	2.087									
3.736	4.295									
3.802	6.29									
3.653	8.365									
3.362	7.778									
3.235	8.138									
3.414	9.101									
3.381	7.111									
3.802	7.16									
3.829	7.004									
3.63	7.738									
3.536	7.405									
3.899	8.138									
3.697	7.405									
4.069	8.072									
4.075	7.672									
4.069	7.872									
3.694	5.922									
3.58	6.426									
3.768	6.738									
3.871	7.205									
3.989	7.471									
4.157	7.605									
4.73	7.938									
5.519	7.538									
5.927	7.984									
6.818	7.626									
7.532	7.938									
9.339	7.672									
9.735	8.014									
9.713	8.13									
8.806	8.272									
9.339	8.672									
9.419	9.006									
9.138	9.806									
8.208	0.058									
6.359	0.153									
6.339	0.359									
6.52	0.62									
5.023	0.848									
5.598	1.729									
6.026	2.511									
6.32	4.489									
7.5	6.337									
8.319	9.473									
9.608	0.036									
8.61	0.144									
6.978	0.326									
7.144	0.424									
6.686	0.815									
6.271	1.109									
6.271	2.12									
6.604	3.192									
6.576	5.403									
6.754	7.872									
6.692	9.273									
7.062	8.413									
7.216	0.017									
6.671	0.13									
6.707	0.294									
6.179	0.489									
5.988	0.848									
6.137	1.631									
6.106	2.479									
5.924	4.68									
6.139	7.205									
6.035	0.017									
6.337	0.163									
6.204	0.252									
6.471	0.498									
6.537	0.652									
6.785	1.305									
6.957	2.007									
7.738	1.887									
8.33	1.831									
9.615	2.388									
9.184	2.276									
9.827	1.822									
9.823	1.801									
4.399	1.868									
4.289	1.979									
4.453	1.957									
4.471	1.935									
4.452	1.967									
4.681	2.029									
4.876	2.09									
5.135	2.252									
6.13	2.535									
7.151	2.736									
8.828	3.335									
8.932	3.869									
8.499	4.67									
8.558	5.67									
8.106	6.871									
8.505	8.072									
7.317	0.013									
7.952	0.058									
8.339	0.218									
8.472	0.326									
8.826	0.717									
8.878	1.044									
8.912	2.037									
8.253	1.542									
8.063	2.065									
8.605	1.935									
9.606	2.268									
8.608	2.201									
9.74	2.238									
8.503	2.231									
8.408	2.268									
9.507	2.28									
5.951	2.256									
5.471	2.496									
5.338	2.507									
6.007	3.269									
5.705	3.269									
6.435	4.203									
6.007	3.238									
5.749	3.785									
5.792	3.869									
7.476	4.203									
9.12	4.269									
8.453	4.536									
7.046	4.47									
6.938	4.403									
7.872	4.536									
5.73	4.336									
6.071	4.536									
5.87	4.403									
6.337	4.936									
6.271	5.003									
6.337	5.337									
6.404	6.004									
5.913	6.671									
5.049	7.538									
4.994	8.405									
5.254	0.034									
5.78	0.176									
6.071	0.294									
5.577	0.522									
5.627	0.717									
5.98	1.305									
6.244	1.826									
6.44	3.356									
6.071	4.536									
5.633	7.672									
5.537	6.625									
5.937	0.057									
6.537	0.187									
6.471	0.391									
6.871	0.652									
6.471	0.848									
6.871	1.631									
6.44	2.185									
6.835	3.948									
6.938	5.203									
7.338	9.339									
8.005	8.296									
8.64	9.873									
9.772	9.139									
7.54	9.673									
8.34	9.873									
9.074	9.94									
9.845	9.94									
9.766	9.585									
8.623	8.389									
8.03	9.607									
8.546	1.339									
5.313										
2.206										
2.266										
2.16										
2.279										
2.348										
2.584										
3.003										
3.653										
4.735										
6.253										
7.645										
9.48										
9.016										
8.635										
9.654										
9.808										
8.293										
8.9										
9.378										
9.539										
9.873										
9.01										
9.406										
9.94										
9.725										
9.596										
9.94										
7.783										
5.205										
5.271										
5.538										
5.739										
6.151										
6.791										
7.47										
8.758										
9.683										
9.37										
6.574										
4.204										
3.905										
4.17										
4.405										
4.615										
5.397										
5.995										
6.923										
8.472										
7.508										
8.029										
3.67										
2.655										
2.815										
2.836										
3.218										
3.285										
3.736										
4.136										
5.497										
5.786										
8.005										
8.739										
8.835										
6.684										
7.338										
5.122										
6.536										
7.32										
7.605										
7.805										
8.539										
8.684										
9.461										
6.96										
8.405										
9.339										
9.473										
9.244										
9.114										
8.909										
8.668										
7.886										
8.272										
8.217										
8.863										
9.003										
9.539										
8.665										
9.74										
9.957										
9.919										
8.293										
8.683										
8.895										
9.117										
9.406										
9.339										
9.94										
9.94										
9.276										
9.339										
8.38										
8.072										
9.138										
9.541										
9.539										
8.946										
6.629										
7.141										
8.045										
8.339										
8.939										
8.872										
8.872										
9.006										
8.672										
7.795										
8.041										
8.872										
9.206										
9.649										
7.935										
6.34										
7.405										
8.614										
6.434										
6.555										
7.454										
7.872										
4.299										
1.669										
2.203										
2.269										
2.537										
2.714										
2.83										
2.862										
3.386										
3.364										
2.057										
2.069										
2.446										
2.352										
2.728										
2.772										
3.226										
3.297										
3.93										
3.829										
3.893										
4.427										
4.16										
3.968										
3.645										
4.47										
4.269										
4.865										
3.819										
4.536										
4.652										
5.104										
5.085										
5.902										
6.422										
8.22										
9.673										
9.852										
9.058										
8.921										
8.365										
8.159										
8.405										
9.072										
8.872										
9.046										
8.82										
9.178										
7.295										
8.302										
8.257										
6.88										
6.37										
6.404										
6.804										
6.671										
6.795										
6.613										
6.871										
6.681										
6.44										
6.938										
7.056										
7.548										
7.943										
8.239										
8.872										
9.442										
9.602										
9.95										
9.222										
8.97										
8.592										
8.577										
9.059										
9.114										
9.673										
9.391										
9.954										
9.968										
9.224										
4.301										
1.869										
1.869										
1.869										
1.846										
2.037										
2.218										
2.138										
2.615										
3.502										
4.644										
5.187										
1.568										
2.034										
2.207										
2.409										
2.496										
2.307										
2.493										
2.424										
2.488										
2.443										
2.744										
2.983										
3.602										
4.093										
4.934										
5.819										
6.489										
5.746										
5.479										
6.042										
6.025										
6.643										
6.345										
6.996										
6.738										
6.904										
6.938										
6.804										
7.196										
7.022										
8.13										
8.205										
9.539										
7.712										
7.231										
6.613										
6.91										
7.004										
7.538										
7.271										
6.3										
6.137										
6.604										
6.738										
7.271										
7.738										
8.133										
8.878										
9.273										
9.409										
7.046										
8.57										
6.985										
8.543										
8.989										
2.337										
2.203										
2.403										
2.337										
2.668										
2.468										
3.002										
2.956										
1.493										
1.852										
2.603										
2.709										
3.097										
3.002										
2.035										
1.993										
2.403										
2.47										
2.671										
2.668										
2.602										
2.535										
2.67										
2.537										
2.885										
2.958										
3.3										
3.469										
4.069										
2.495										
2.927										
3.403										
3.937										
4.005										
4.341										
4.729										
4.899										
5.288										
5.872										
6.873										
6.036										
9.104										
9.541										
7.624										
9.072										
9.473										
9.74										
8.9										
8.605										
9.006										
9.406										
9.339										
9.74										
9.845										
9.71										
8.499										
8.939										
8.748										
7.657										
7.068										
6.125										
7.205										
7.071										
7.471										
7.405										
7.405										
7.504										
7.608										
7.703										
7.938										
8.251										
8.693										
9.539										
3.404										
3.736										
3.688										
3.721										
3.746										
3.936										
4.062										
4.256										
4.172										
3.242										
3.484										
2.453										
3.079										
3.418										
3.358										
3.41										
3.706										
3.931										
3.94										
3.736										
3.123										
4.302										
4.936										
6.096										
6.712										
8.368										
7.565										
7.812										
8.005										
9.139										
9.539										
9.273										
9.022										
6.29										
7.612										
7.434										
6.727										
6.552										
7.052										
5.648										
6.168										
6.071										
5.561										
5.91										
5.83										
6.471										
6.071										
6.659										
6.171										
6.134										
5.403										
6.071										
6.302										
6.794										
6.784										
7.426										
7.918										
8.405										
9.539										
6.177										
7.338										
8.472										
9.206										
9.539										
9.72										
5.61										
4.204										
4.338										
4.47										
4.739										
4.738										
3.767										
4.071										
4.378										
5.082										
5.93										
6.06										
6.299										
6.137										
6.871										
6.404										
7.071										
7.138										
7.471										
8.005										
8.113										
7.299										
7.938										
8.806										
8.939										
9.834										
8.6										
9.926										
6.1										
2.451										
4.516										
3.516										
2.623										
2.845										
3.058										
3.586										
4.349										
5.501										
7.265										
9.31										
9.428										
9.339										
9.606										
9.94										
9.944										
3.604										
1.517										
2.529										
2.539										
3.215										
2.852										
3.651										
2.526										
2.903										
3.162										
3.398										
2.999										
3.802										
4.427										
4.385										
5.555										
6.011										
6.585										
4.066										
5.334										
6.01										
6.566										
6.871										
7.381										
7.829										
8.339										
9.139										
9.673										
9.295										
3.471										
3.203										
3.604										
3.579										
3.368										
3.353										
3.826										
4.422										
4.907										
5.562										
7.182										
8.339										
8.585										
9.274										
8.45										
9.098										
9.047										
9.523										
8.889										
9.673										
6.822										
7.899										
6.278										
6.44										
6.235										
6.791										
6.751										
6.671										
6.871										
6.738										
6.776										
6.383										
6.871										
6.778										
6.244										
6.42										
7.055										
6.956										
6.988										
6.816										
7.197										
7.205										
7.405										
7.022										
5.344										
5.137										
5.27										
4.504										
3.964										
4.536										
4.87										
5.403										
5.796										
4.587										
4.269										
4.47										
4.67										
4.803										
5.203										
5.537										
6.004										
6.804										
7.729										
6.397										
7.111										
4.843										
5.184										
5.156										
5.337										
5.07										
5.203										
5.137										
5.337										
5.312										
4.096										
4.536										
4.736										
5.27										
5.137										
5.47										
5.47										
5.565										
5.575										
5.537										
5.59										
5.55										
5.737										
5.936										
6.339										
6.738										
7.605										
8.005										
9.539										
9.987										
8.411										
5.861										
6.671										
6.343										
7.154										
6.849										
7.271										
6.738										
7.338										
6.738										
5.448										
5.67										
6.271										
6.671										
6.668										
6.823										
0.44										
