   0     0|  1   0  98   1   0   0
3627B   36000|  4   4  67  25   0   0
2954B   56000|  3   3  71  24   0   0
2162B 6182B|  3   3  94   0   0   0
2214B 2772B|  4   2  93   0   0   0
 896B   34000|  4   3  93   0   0   0
2161B  163000|  2   3  95   0   0   0
2948B  405000|  3   2  93   1   0   0
3948B  750000|  4   3  93   0   0   0
5160B 1141000|  4   3  94   0   0   0
9314B 1989000|  4   3  94   0   0   0
  13000 3281000|  3   4  93   0   0   0
  20000 5163000|  4   2  94   0   0   0
  24000 7178000|  5   2  93   1   0   0
  43000   12000000|  5   4  92   0   0   0
  62000   17000000|  5   9  86   0   0   0
 100000   27000000|  4   8  88   0   0   0
 119000   32000000|  5  14  81   0   0   0
 159000   42000000|  5   5  90   0   0   0
 125000   34000000|  5   4  90   1   0   0
 109000   34000000|  4   3  92   0   0   0
 111000   34000000|  4   3  93   0   0   0
 113000   34000000|  5   3  93   0   0   0
 112000   34000000|  5   4  92   0   0   0
 117000   34000000|  5   2  74  19   0   0
 124000   34000000|  5   4  56  35   0   0
 123000   34000000|  5   3  53  39   0   0
 114000   34000000|  4   3  69  24   0   0
 111000   34000000|  3   4  93   0   0   0
 109000   34000000| 10   3  86   0   0   0
 159000   39000000|  7   6  87   0   0   0
4474B 4984B|  3   3  93   2   0   0
4682B 2808B|  3   2  91   4   0   0
  26000 4484B|  4   5  73  18   0   0
  91000 7104B|  4   3  71  23   0   0
 255000 4350B|  4   2  59  35   0   0
 138000  214000|  4   2  67  27   0   0
  37000  510000|  4   3  60  33   0   0
1033000  766000|  4   2  48  47   0   0
 563000 1720000|  4   2  56  39   0   0
 602000 2862000|  4   3  59  34   0   0
  60000 4894000|  3   3  70  23   0   0
 227000 8243000| 10  10  69  11   0   0
  48000   13000000| 18  14  67   0   0   0
  75000   20000000| 19  13  68   0   0   0
 113000   31000000| 20  12  68   0   0   0
 171000   48000000| 20  14  65   0   0   0
 222000   60000000| 13  10  64  13   0   0
 313000   75000000|  6   8  64  22   0   1
 296000   68000000|  6  21  54  18   0   1
 317000   71000000|  6   5  67  22   0   0
 296000   64000000|  6   4  62  28   0   0
 359000   60000000|  4   5  54  37   0   0
 521000   61000000|  5   4  63  27   0   0
 796000   63000000|  5   5  45  46   0   0
1221000   64000000|  6   6  43  44   0   0
1897000   64000000|  5   7  43  45   0   1
3032000   69000000|  7   3  45  45   0   0
2146000   67000000|  6   8  65  21   0   0
4271000   69000000|  7  14  61  18   0   1
5826000   69000000| 24   5  47  22   0   2
9255000   67000000| 21  10  66   2   0   1
9395000   96000|  8   6  74  12   0   0
 142000 7684B|  7   5  66  21   0   0
 111000 9938B|  4   3  70  23   0   0
 275000   13000|  6   6  50  38   0   0
 668000   14000|  3   2  48  47   0   0
 182000   14000|  5   6  41  48   0   0
2372000   29000|  4   2  37  57   0   0
 842000  346000|  6   7  41  46   0   0
1841000  877000|  5   3  39  53   0   0
 863000 1757000|  7   6  56  32   0   0
 234000 2875000| 19  12  33  35   0   0
2486000 6095000| 23  17  27  33   0   0
 393000 9691000| 32  25  21  21   0   0
1505000   15000000| 31  26  28  13   0   1
 536000   24000000| 29  23  23  25   0   0
5918000   38000000| 21  14  27  38   0   1
 622000   58000000| 15  14  31  39   0   0
 519000   89000000|  9   7  31  53   0   0
4207000  102000000|  8   8  27  57   0   1
6252000   98000000|  8  23  22  45   0   2
5228000   77000000|  7  30  15  46   0   2
5835000   81000000|  7  27  36  29   0   2
5504000   86000000|  7  18  57  18   0   1
6720000   80000000|  7  13  59  19   0   1
5671000   64000000|  9  31  41  17   0   2
4893000   67000000| 13  71   9   4   0   4
5256000   57000000| 18  35  30  15   0   2
4145000   71000000|  6  25  36  31   0   1
6074000   66000000|  8  52  23  14   0   3
7052000   67000000| 16  43  23  16   0   2
6193000   66000000| 20  20  39  20   0   1
6185000   70000000|  6  40  27  24   0   3
1701000   68000000|  7   9  44  39   0   1
3523000   70000000| 16  18  28  37   0   1
 879000   69000000| 27  10  12  50   0   2
1088000   57000000|  6   4  31  59   0   0
 606000   40000000|  6   3  49  43   0   0
1002000   42000000|  7   2  46  44   0   0
1287000   41000000|  7   6  56  31   0   1
 833000   42000000|  7   7  40  46   0   1
 611000   42000000|  5   4  36  55   0   0
2406000   44000000|  6   4  51  39   0   0
3447000   44000000|  6   9  32  52   0   1
 857000   46000000|  5   4  23  67   0   1
6782000   48000000|  6   6  22  64   0   1
  11000000   50000000| 11   5  30  53   0   1
1282000   54000000| 40   6   9  44   0   2
   0     0| 42   7  12  36   0   2
4855000  104000000|  5   2  45  48   0   1
 273000   22000000|  3   2  45  50   0   0
 536000   22000000| 27   3  23  47   0   0
 757000   22000000| 25   3  35  37   0   0
2859000   20000000|  3   2  62  33   0   0
3357000   38000|  7   7  47  39   0   0
3993000   54000|  3   1  70  26   0   0
3803000   47000|  3   3  71  24   0   0
4279000   60000|  3   2  71  24   0   0
   0     0|  3   3  51  44   0   0
   0     0|  2   3  51  44   0   0
3144000   64000|  6   6  47  41   0   0
4481000   47000|  8   6  36  49   0   0
4005000  162000|  6   5  40  49   0   0
1094000 1212000|  6   5  23  65   0   0
4091000 2336000|  3   2  23  72   0   0
4292000 4387000|  3   1  23  73   0   0
5499000 7640000|  4   2  24  69   0   0
2979000   14000000|  5   5  23  67   0   0
3748000   23000000|  5   4  34  56   0   1
4158000   38000000|  7   7  36  49   0   1
3742000   56000000|  7   6  28  58   0   0
4287000   89000000| 10  11  19  59   0   1
3281000   97000000| 16  12   7  65   0   1
6710000  106000000| 21  20  12  46   0   2
1900000   93000000| 28  23   0  47   0   1
4203000   91000000| 35  27   7  29   0   2
4529000   96000000| 34  33   0  32   0   2
1420000  100000000| 39  38   7  15   0   1
3197000  102000000| 30  46   1  21   0   3
2942000   84000000| 21  74   0   1   0   4
2723000   84000000| 35  30   2  31   0   2
  10000000   91000000| 32  39   7  20   0   3
8423000   96000000| 20  26   8  43   0   3
 491000   93000000| 13  76   0   7   0   4
 680000   65000000|  8  30   0  60   0   1
1266000   91000000|  9  11   3  76   0   1
2956000   85000000|  6  73   2  16   0   4
6450000   79000000|  6  67   1  21   0   5
  12000000   71000000| 13  59   6  17   0   5
  14000000   88000000| 12  63   1  18   0   6
7224000   75000000| 12  50   9  24   0   5
7946000   99000000|  8  30   8  52   0   2
7140000  104000000|  9   8  19  64   0   1
2963000   96000000|  6  79   0  11   0   5
6137000   59000000| 10  76   0  11   0   4
8822000   84000000| 12  67   0  15   0   6
8024000   70000000| 15  54   0  26   0   4
7125000   91000000| 38  12   6  41   0   2
5890000   86000000| 26  26  13  34   0   2
1503000   72000000| 32   6   1  61   0   1
1126000   66000000| 31   8   0  60   0   2
2903000   72000000|  7   5  19  68   0   1
   0     0|  6   6   8  78   0   2
   0     0| 19  11   6  63   0   1
   0     0| 14  13   9  62   0   2
   0     0|  8   6  21  64   0   1
   0     0|  8  28  16  46   0   2
   0     0| 19  20   0  59   0   2
   0     0| 29  53   5   9   0   4
   0     0| 24  25  16  33   0   2
  60000000  628000000|  7   7  30  56   0   0
4601000   60000000|  6   4  20  70   0   0
4354000   64000000| 16   6  15  62   0   1
8605000   53000000|  7   6  31  56   0   0
6078000   31000000|  7   7  15  71   0   0
2899000   36000000|  5   5  25  65   0   0
6961000   35000000|  5   4  28  63   0   0
3309000   42000000| 12   8  19  61   0   0
3628000   42000000|  7   9  25  59   0   0
1766000   50000000|  8   9  23  60   0   0
4101000   53000000| 22   9  18  52   0   1
2856000   61000000| 35  10   8  45   0   2
3905000   67000000| 24   8   4  64   0   1
6518000   65000000|  7   6   9  78   0   0
6785000   61000000|  5   4  15  76   0   0
3939000   70000000| 27   5  12  55   0   1
6623000   72000000| 20   6  16  56   0   1
  10000000   30000000|  4   4  10  82   0   1
9642000   11000000|  3   2   9  86   0   0
  11000000   14000000|  2   3  23  72   0   0
8335000   15000000|  4   4  15  78   0   0
9178000   18000000|  4   3  25  68   0   0
5114000   20000000|  4   4  22  69   0   0
4779000   23000000| 14   4   9  73   0   0
1205000   27000000| 29   6   7  57   0   1
6529000   21000000|  7   6   4  82   0   0
 464000   28000|  3   4  26  67   0   0
 122000 8144B|  2   3  23  71   0   0
 317000   21000|  4   3  35  59   0   0
 897000   17000|  2   2   0  95   0   0
2215000   29000|  2   4  23  71   0   0
3588000   49000|  2   3  22  73   0   0
4823000   62000|  2   3   5  90   0   0
1020000   34000|  7   9   0  84   0   0
4461000   57000|  3   4   0  92   0   0
5003000  202000|  5   6   0  89   0   0
4725000 1326000|  5   3   0  92   0   0
5137000 2966000|  5   4   0  91   0   0
 716000 5436000|  7   9   7  77   0   0
2142000 9734000|  8   7   0  84   0   0
1834000   16000000|  7  10   8  76   0   0
3117000   27000000|  4   6  13  76   0   0
4566000   43000000|  6   5   0  88   0   0
6339000   64000000|  7   5  21  66   0   0
3906000  100000000|  9  10   7  74   0   1
   0     0|  8  10   0  80   0   2
   0     0| 20  20   0  59   0   1
   0     0| 23  24   1  51   0   1
  16000000  371000000| 34  31   0  33   0   2
6963000   98000000| 32  31   7  27   0   2
  12000000  102000000| 32  28   3  35   0   3
  14000000  104000000| 22  23   0  54   0   2
7492000  105000000| 29  28   0  40   0   3
4063000  106000000| 24  23   0  51   0   2
6652000  106000000| 29  29   0  41   0   1
4265000  106000000| 35  27   0  37   0   1
9367000  107000000| 35  28   0  36   0   2
7998000  107000000| 25  40   0  32   0   3
  12000000   85000000| 19  61   0  15   0   5
  13000000   94000000|  6  87   0   1   0   7
  11000000   46000000|  7  73   3  12   0   5
9447000   72000000| 18  50   1  28   0   4
  14000000   67000000| 11  75   0   8   0   5
  16000000   77000000| 17  72   3   3   0   6
  14000000   97000000| 22  64   3   6   0   6
6729000   89000000| 16  72   0   8   0   5
 382000   78000000| 14  60   0  23   0   3
 646000  101000000|  5  51   0  40   0   4
1191000   96000000| 17  24   0  56   0   2
3235000  108000000| 22  34   0  42   0   3
3966000  105000000| 13  56   0  25   0   6
8153000   61000000| 11  66   0  20   0   3
5949000   90000000| 35  28   0  36   0   2
8919000   99000000| 16  52   5  23   0   5
8336000  108000000|  9  19  14  56   0   2
8530000  108000000|  7  41   2  46   0   4
9242000   88000000|  7   7   3  81   0   1
9753000   85000000| 21  21   0  56   0   2
6569000   89000000| 30  30   2  35   0   3
8923000   93000000| 29  55   0   9   0   7
7803000   81000000| 37  42   2  15   0   4
8808000   88000000| 37   7  18  35   0   3
  10000000   79000000| 28   7   9  55   0   1
8846000   61000000| 15  12   0  73   0   1
  10000000   60000000|  8   7   0  85   0   0
9110000   60000000| 28  25   0  46   0   1
  11000000   67000000| 28  20   0  51   0   2
6166000   68000000| 37  20   0  42   0   1
   0     0| 44  20   0  34   0   2
   0     0| 41  18   0  39   0   2
   0     0|  8   5   0  87   0   1
   0     0| 24  16   0  57   0   3
   0     0| 20   5   3  69   0   2
  47000000  445000000| 15  13   0  72   0   1
  12000000   53000000| 50  21   0  27   0   2
  18000000   57000000| 59  24   0  14   0   3
  23000000   61000000| 53  22   1  20   0   4
  11000000   58000000| 38  20   6  35   0   2
4585000   54000000| 42  19   1  36   0   2
3445000   50000000| 20  18   0  62   0   0
9021000   36000000| 31  20   0  48   0   1
  11000000   43000000| 48  20   0  30   0   2
6802000   47000000| 14   5   9  72   0   1
  17000000   28000000| 24   6   0  68   0   2
  16000000   31000000| 28  11   0  60   0   2
  19000000   15000000|  7   6   0  86   0   1
6432000  140000|  8   5   0  86   0   1
  21000000  242000|  3   3   0  94   0   0
8563000  177000|  4   3   0  93   0   0
6785000  148000|  4   3   0  92   0   1
  17000000  361000|  6   8   0  85   0   0
7956000  226000|  7   8   0  84   0   1
9698000  245000| 11   5   0  84   0   0
  12000000  140000| 15   7   0  78   0   0
  13000000  143000|  3   1   1  95   0   0
  11000000  143000|  5   5   6  84   0   1
  11000000  223000|  4   6   2  89   0   0
5974000  450000|  9   8   0  82   0   1
8844000 2010000|  8  10   0  82   0   0
  14000000 3266000|  7   6   0  87   0   0
8121000 6417000|  5   3   0  91   0   0
9340000   10000000|  7   8   0  84   0   1
  10000000   19000000|  5   7   0  88   0   1
7764000   30000000| 13  13   0  73   0   1
  10000000   52000000| 20  19   8  52   0   1
  10000000   75000000| 20  20   0  59   0   1
  12000000  109000000| 16  19   0  63   0   2
7309000   78000000| 17  19   0  63   0   1
   0     0| 18  19   4  58   0   1
   0     0| 25  29   0  44   0   2
   0     0| 22  22   0  54   0   1
   0     0| 21  18   0  60   0   2
   0     0| 35  33   2  28   0   2
  29000000  471000000| 30  33   0  35   0   2
6811000   86000000| 24  20   1  55   0   1
7091000   89000000| 33  27   0  37   0   3
8583000   92000000| 36  27   0  35   0   2
4460000   97000000| 24  25   0  51   0   0
6167000   98000000| 21  19   0  59   0   1
9135000  100000000| 17  17   0  65   0   1
7749000  103000000| 20  15   0  63   0   2
8994000   63000000| 10   9   0  79   0   1
5958000   73000000|  9  16   0  75   0   1
6494000   84000000| 12  13   0  74   0   1
2446000   93000000| 21  38   0  38   0   3
4008000   92000000| 22  26   0  50   0   2
4481000   91000000| 22  28   0  48   0   2
9122000   87000000| 21  29   0  49   0   1
9415000   90000000| 17  31   0  50   0   3
7819000   94000000| 15  30   3  49   0   2
  10000000   95000000| 22  19   0  57   0   1
  11000000  100000000| 20  45   0  30   0   5
  12000000   62000000| 24  60   0  13   0   3
  14000000   65000000| 34  33   0  31   0   3
  11000000   81000000| 12  52   0  33   0   3
  12000000   77000000| 10  43   0  43   0   4
  19000000   61000000| 25  30   0  42   0   2
4141000   66000000| 26  31   0  41   0   2
 222000   62000000| 20  27   0  53   0   1
 238000   63000000| 20  20   0  60   0   1
 242000   63000000| 17  24   0  58   0   1
 240000   64000000| 15  25   0  59   0   1
 220000   64000000|  6   8   0  85   0   0
 328000   64000000|  7   9   0  84   0   0
 692000   67000000| 23  26   0  50   0   2
1295000   66000000| 31  19   0  47   0   3
4063000   71000000| 22  45   3  27   0   3
4275000   64000000|  7   4   0  88   0   1
  14000000   60000000| 20  13   0  66   0   1
  12000000   56000000|  8  17   0  74   0   1
 216000   57000000|  7  23   0  69   0   1
 248000   66000000|  6  11   0  83   0   1
 251000   71000000|  6   6   0  87   0   0
 282000   71000000|  4  84   0   7   0   5
 251000   70000000|  6  22   0  70   0   1
 581000   76000000|  6  51   0  40   0   2
1242000   86000000|  5  51   0  41   0   3
2742000   58000000| 15  39   0  44   0   3
9059000   79000000| 32  23   0  41   0   3
9102000   87000000| 45  24   0  28   0   3
3821000   75000000| 45  31   0  20   0   4
  16000000   65000000| 50  27   0  21   0   2
6853000   64000000| 57  24   0  17   0   3
   0     0| 54  30   0  14   0   2
   0     0| 42  20   0  37   0   2
   0     0| 22  18   0  59   0   1
  58000000  198000000| 54  22   0  21   0   3
  13000000   50000000| 50  27   0  20   0   3
9020000   48000000| 35  11   0  52   0   1
  21000000   35000000| 48  13   0  36   0   3
5644000   32000000| 51  11   0  37   0   2
  10000000   32000000| 61  12   0  24   0   3
8221000   34000000| 57  13   0  28   0   2
  15000000   32000000|  7  11   0  81   0   1
  17000000   24000000| 27   6   0  65   0   2
  12000000   18000000| 30   5   0  65   0   1
  15000000   20000000| 30   3   0  67   0   1
  17000000   21000000| 42  12   0  43   0   2
  17000000   23000000| 36   7   0  56   0   1
  17000000   26000000| 14   6   1  79   0   1
1644000   28000000|  4   4   0  91   0   1
3225000   24000000|  4   3   0  93   0   0
  13000000   26000000|  4   4   0  92   0   0
  21000000   31000000| 12   6   0  81   0   0
  16000000   38000000| 16  11   0  73   0   1
4296000   43000000| 25   7   0  67   0   1
7055000   41000000| 28   3   0  68   0   1
 205000   43000000| 45   6   0  49   0   1
 418000   35000000| 10   1   0  89   0   0
 838000   17000000|  1   1   0  98   0   0
2319000   15000000|  2   1   0  98   0   0
7506000   16000000|  2   1   0  97   0   0
  13000000   19000000|  2   1   0  97   0   0
8372000   22000000|  8   9   0  82   0   1
2203000   25000000| 37  12   0  51   0   1
  12000000   27000000| 14   2   0  83   0   0
  10000000 6473000|  6   7   0  87   0   1
  10000000  176000|  3   6   0  91   0   0
  14000000  169000|  2   1   0  96   0   1
  15000000  260000|  3   5   0  91   0   0
9612000  165000|  6   6   0  89   0   0
  17000000  198000|  2   2   0  96   0   0
  16000000  188000|  3   1   0  96   0   0
  16000000  215000|  3   3   0  94   0   1
  17000000  219000|  5   6   0  88   0   0
  13000000  242000|  3   5   0  92   0   1
7312000  785000|  3   2   0  94   0   0
5572000 1555000|  4   2   0  94   0   0
6549000 2470000|  2   1   0  97   0   0
8058000 3774000|  1   2   0  97   0   0
7534000 7168000|  2   2   0  95   0   0
8864000   10000000|  2   2   0  96   0   0
8479000   18000000|  3   2   0  95   0   0
7306000   26000000|  9  12  12  67   0   1
5833000   40000000|  2   2   0  96   0   0
9188000   56000000|  3   4   0  92   0   0
8732000   66000000|  4   6   0  89   0   1
9154000   77000000|  5   4   0  90   0   1
8440000   99000000| 10  13   0  76   0   1
8235000   96000000|  9  11   0  78   0   1
6892000   26000000|  4   2   0  94   0   0
8590000   15000000|  5   5   0  90   0   0
  10000000   20000000|  2   2   0  95   0   0
9257000   24000000|  4   3   0  93   0   0
  11000000   31000000|  1   3   0  96   0   0
  10000000   39000000|  4   5   0  90   0   1
  10000000   47000000|  4   7   0  89   0   0
9750000   52000000|  5   6   0  88   0   1
 323000   55000000|  4   3   0  93   0   0
1484000   53000000|  4   9   0  87   0   0
5768000   55000000|  2   4   0  94   0   0
  13000000   55000000|  3   3   0  94   0   1
  21000000   58000000|  3   5   0  92   0   1
  21000000   56000000|  6   6   0  86   0   2
1630000   59000000|  4   3   0  93   0   0
 212000   61000000|  4   3   0  93   0   0
 711000   61000000|  4   5   0  91   0   1
2541000   59000000|  3   3   0  93   0   1
6693000   59000000|  4   8   0  88   0   1
9232000   63000000| 10  21   0  68   0   2
  17000000   66000000| 20  21   1  56   0   2
  13000000   69000000| 21  29   0  49   0   2
6451000   73000000| 18  16   0  65   0   1
8215000   86000000| 18  48   0  29   0   4
  11000000   90000000| 11  38   2  47   0   2
  13000000   84000000|  6  28   0  64   0   2
 926000   75000000|  6   6   0  89   0   0
2267000   86000000| 15   6   0  78   0   1
6009000   96000000| 27  40   0  30   0   3
  11000000   66000000| 10  13   0  76   0   1
3816000   73000000| 35  16   0  49   0   1
2878000   75000000| 35  23   0  41   0   1
8081000   47000000| 16  14   0  69   0   0
  13000000   41000000| 16  15   0  68   0   0
   0     0| 15  16   0  67   0   1
  23000000   86000000|  8   6   0  85   0   1
8743000   41000000| 34  14   0  50   0   1
8076000   41000000| 53  18   0  27   0   2
3993000   29000000| 45  18   0  35   0   2
8142000   17000000| 30  15   0  55   0   0
   0     0| 18  15   0  67   0   1
   0     0|  9   9   0  81   0   1
  28000000   34000000| 10  10   0  79   0   1
  10000000 6684000| 17  14   0  69   0   1
  10000000 6594000| 16  12   0  71   0   1
  10000000 6786000| 15  13   0  71   0   1
  10000000 7075000| 18  15   0  67   0   0
9385000 7498000| 13   8   0  79   0   0
  10000000 8306000| 28   5   0  65   0   1
   0     0| 44  10   0  45   0   1
   0     0| 31   5   0  63   0   1
   0     0| 27   2   0  70   0   1
   0     0|  9  11   0  80   0   0
  45000000   48000000| 16  17   0  67   0   1
  11000000  128000| 17  18   0  64   0   1
  12000000  156000| 23  15   0  62   0   1
  12000000  131000| 31  18   0  52   0   0
  13000000  223000| 11  12   0  77   0   1
  11000000  189000|  6   5   0  89   0   1
  10000000  215000|  2   3   0  95   0   0
5734000   88000|  2   4   0  94   0   0
8115000  174000| 12  12   0  75   0   1
7371000  267000| 21  21   0  58   0   1
  10000000  222000| 17  16   0  66   0   1
  11000000  292000| 22  15   0  62   0   1
  11000000  116000| 30  19   0  50   0   1
  11000000  129000|  8   7   0  85   0   0
7676000  169000|  2   1   0  97   0   0
6628000   71000|  2   1   0  97   0   0
6874000  130000| 17  18   0  64   0   0
7109000  103000| 14  14   0  72   0   0
9418000   97000| 16  12   0  72   0   1
9225000   98000| 18  16   0  66   0   0
9753000  225000| 17  14   0  70   0   0
  10000000  123000| 11   6   0  82   0   1
9295000  102000| 19   9   0  71   0   1
  10000000  130000|  2   4   0  94   0   1
6260000  186000|  3   2   0  95   0   0
   0     0|  3   3   0  94   0   0
   0     0|  4   3   0  93   0   0
   0     0|  2   1   0  97   0   0
   0     0|  3   7   0  90   0   0
   0     0|  3   3   0  93   0   0
   0     0|  2   2   0  95   0   1
   0     0|  6   4   0  89   0   1
   0     0| 17  17   0  65   0   1
  85000000 5927000| 24  17   0  58   0   1
  14000000 4466000| 31  21   0  47   0   1
8631000 6661000| 20  17   0  63   0   1
9993000   12000000| 18  13   0  68   0   1
  11000000   17000000|  9  11   0  79   0   1
8501000   29000000| 19  18   0  62   0   1
  13000000   41000000| 20  18   0  62   0   1
  15000000   62000000| 20  18   0  60   0   2
  14000000   82000000| 23  22   0  53   0   2
  14000000  106000000| 33  24   0  40   0   3
7891000   87000000|  7   9   0  84   0   0
 553000   91000000|  4   5   0  90   0   1
1316000   97000000|  8   9   0  83   0   0
3100000  102000000|  8   9   0  82   0   0
4541000  107000000|  7   8   0  84   0   1
  10000000  103000000| 20  24   0  54   0   2
  11000000  104000000| 21  68   0   5   0   6
  13000000   59000000| 17  79   0   1   0   4
1766000   51000000| 23  58   0  17   0   2
9586000   70000000| 17  17   0  65   0   1
5508000   84000000|  5   9   0  85   0   0
6449000   76000000|  4  70   0  22   0   4
9775000   25000000|  3  67   0  26   0   3
9557000   46000000|  4  16   0  79   0   2
  10000000   62000000|  6  29   0  63   0   2
7282000   63000000| 10  66   0  20   0   4
9169000   64000000|  6   8   0  86   0   1
  11000000   72000000| 10   9   0  80   0   1
  11000000   71000000|  5   5   0  90   0   0
  11000000   72000000|  5  47   0  44   0   4
4788000   75000000| 10  28   0  61   0   2
2175000   67000000|  4   8   0  88   0   1
5738000   73000000|  5   9   0  85   0   1
  10000000   55000000|  5   7   0  87   0   1
  11000000   50000000| 10  18   0  71   0   1
  12000000   58000000| 43  14   0  41   0   2
  11000000   55000000| 10   5   0  84   0   1
9266000   40000000|  6   9   0  84   0   1
3478000   40000000|  6   7   0  86   0   1
6841000   41000000|  9   6   0  84   0   1
  13000000   40000000|  9  11   0  79   0   1
  11000000   40000000|  5   4   0  91   0   0
9403000   45000000|  4   5   0  91   0   0
  11000000   43000000|  8  11   0  80   0   1
  13000000   45000000| 19  16   0  65   0   1
  13000000   43000000|  9   7   0  83   0   0
  10000000   48000000| 18   5   0  76   0   1
6355000   46000000| 42  26   0  30   0   2
8287000   49000000| 53  30   0  14   0   2
  10000000   46000000| 39  26   0  33   0   2
  11000000   41000000| 33  26   0  39   0   2
  11000000   42000000| 46  32   0  20   0   2
   0     0| 35  19   0  45   0   1
   0     0| 37  10   0  52   0   1
   0     0| 16   8   0  75   0   1
   0     0| 26   7   0  66   0   2
  38000000  233000000| 46  19   0  33   0   2
5563000   51000000| 55  19   0  25   0   2
  13000000   43000000| 44  15   0  39   0   2
5918000   34000000| 54  15   0  30   0   1
2001000   23000000| 53  20   0  26   0   1
2295000   20000000| 15   7   0  78   0   0
2878000 3060000|  3   4   0  93   0   1
5875000 3564000|  5   5   0  90   0   0
  10000000 2859000|  2   2   0  96   0   0
9619000  100000|  2   2   0  96   0   0
9923000  116000|  2   2   0  96   0   0
9993000  109000|  2   4   0  94   0   0
9899000  126000| 20  21   0  58   0   1
9517000  183000| 18  14   0  66   0   1
  11000000  137000| 16  15   0  68   0   1
  11000000  341000| 22  17   0  61   0   1
  11000000  157000| 16  14   0  70   0   0
  13000000  186000|  2   2   0  95   0   0
  13000000  155000|  2   2   0  96   0   0
  15000000  287000|  6   4   0  89   0   1
  15000000  208000| 20  15   0  64   0   1
  11000000  194000| 16  15   0  68   0   1
  11000000  166000| 16  14   0  70   0   0
  12000000  154000| 21  18   0  60   0   1
  15000000  159000| 31  23   0  45   0   1
5163000  161000| 13  10   0  77   0   0
4158000   50000|  2   2   0  96   0   0
  11000000  120000|  2   2   0  96   0   0
8805000  133000|  3   3   0  94   0   0
6513000  106000|  3   3   0  94   0   0
  11000000  150000|  3   2   0  94   0   0
  10000000  172000|  2   2   0  95   0   0
  14000000  158000|  2   4   0  94   0   0
  12000000  167000|  8   8   0  83   0   1
  14000000  902000|  7   6   0  86   0   1
  12000000 1828000|  9   5   0  85   0   1
  14000000 3514000| 17  10   0  71   0   1
5770000 5800000|  6   3   0  91   0   0
8656000   11000000|  4   4   0  91   0   1
  12000000   16000000|  8   8   0  84   0   1
  12000000   24000000|  9   9   0  82   0   1
  14000000   33000000|  4   5   0  90   0   0
  13000000   50000000|  7   5   0  87   0   1
  14000000   77000000|  7   8   0  84   0   1
  14000000  100000000|  5   6   0  88   0   1
  14000000   90000000|  8   6   0  86   0   0
  16000000   67000000| 22  12   0  64   0   1
  15000000   64000000|  7   7   0  86   0   0
  18000000   68000000|  5   4   0  91   0   1
  16000000   67000000| 10  10   0  79   0   1
  14000000   29000000|  5   3   0  91   0   1
  21000000   15000000|  5   5   0  90   0   0
  12000000   20000000|  7   5   0  89   0   0
  24000000   23000000| 22  13   0  64   0   1
  10000000   28000000|  5   4   0  91   0   0
7673000   31000000|  6   6   0  88   0   0
7175000   34000000|  6   6   0  88   0   0
2154000   41000000|  5   6   0  89   0   0
4395000   50000000|  5   3   0  92   0   1
5164000   58000000|  6   7   0  87   0   0
5251000   72000000|  5   9   0  85   0   1
5616000   85000000|  6  21   0  71   0   2
5223000   36000000|  5  15   0  79   0   1
5475000   24000000|  5  16   0  77   0   1
2243000   29000000|  4   4   0  91   0   0
4660000   32000000|  4   5   0  90   0   0
5828000   35000000|  4  15   0  81   0   1
5182000   32000000|  4  18   0  78   0   1
5845000   37000000|  4  13   0  82   0   1
5542000   44000000|  4   6   0  89   0   1
6439000   57000000|  4   9   0  86   0   1
6038000   64000000|  4   7   0  89   0   0
7553000   77000000|  5   8   0  86   0   1
7207000   85000000|  4   6   0  88   0   1
6082000   98000000|  8  13   0  77   0   1
5552000   39000000|  5   5   0  89   0   1
8246000   18000000|  5   5   0  89   0   1
  12000000   17000000|  4   8   0  88   0   0
  14000000   20000000|  3   3   0  93   0   0
  15000000   22000000|  5  11   0  83   0   0
3824000   22000000|  3   3   0  93   0   0
5555000   23000000|  6   8   0  86   0   0
7521000   24000000|  5   8   0  86   0   1
5790000   27000000|  7  12   0  80   0   1
5731000   30000000|  9   9   0  81   0   1
5549000   36000000| 28   6   0  64   0   1
5228000   37000000| 30   5   0  64   0   1
9605000   39000000| 17   4  11  67   0   1
9502000   39000000|  4   5   0  91   0   0
7446000   21000000|  5   6   0  88   0   1
5907000   25000000|  5   6   0  89   0   0
  10000000   30000000|  5   5   0  90   0   0
9262000   34000000|  6   8   0  85   0   1
9709000   41000000|  5   6   0  88   0   1
  11000000   48000000|  6   6   0  87   0   0
8702000   53000000|  5   7   0  86   0   1
8156000   20000000|  5   5   0  89   0   1
7154000   28000000|  5   7   0  88   0   0
  12000000   39000000|  8  10   0  81   0   1
8282000   35000000| 10  11   0  79   0   0
  11000000   26000000|  4   7   0  88   0   1
  12000000   29000000|  5   5   0  90   0   0
  10000000   30000000|  6  13   0  80   0   2
  12000000   31000000|  4   9   0  86   0   1
  10000000   33000000|  7  10   0  82   0   1
7856000   34000000|  3   3   0  93   0   0
9150000   31000000|  5   6   0  89   0   0
  11000000   35000000|  4  10   0  85   0   1
  11000000   41000000|  4   8   0  88   0   0
  11000000   48000000|  6   8   0  86   0   1
2642000   54000000|  7  10   0  82   0   1
9509000   56000000|  6   7   0  86   0   1
  14000000   63000000| 45  11   0  41   0   3
  12000000   34000000| 57  11   0  29   0   3
  14000000   22000000| 59   9   0  30   0   3
5032000   26000000| 57  10   0  32   0   1
  10000000   31000000| 53  18   0  25   0   4
  13000000   36000000| 44  10   0  44   0   2
  13000000   42000000|  7   2   0  91   0   0
  13000000   39000000| 15   6   0  78   0   2
  11000000   32000000| 28   6   0  64   0   1
7979000   34000000| 30   6   0  63   0   1
3130000   38000000| 27   7   0  66   0   1
5791000   45000000|  5   8   1  85   0   1
3788000   33000000|  2   5   0  92   0   1
4416000   38000000|  4   4   0  92   0   0
6785000   24000000|  2   3   0  95   0   0
9534000 7044000|  2   2   0  96   0   0
9176000 8368000|  2   3   0  95   0   0
  11000000 9627000| 22   6   0  71   0   1
5911000   11000000| 28   3   0  68   0   1
  11000000   14000000| 29   2   0  69   0   0
8859000   16000000| 31   7   0  60   0   1
7715000   17000000| 31  10   0  59   0   1
  11000000   22000000| 32   7   0  60   0   1
  12000000   25000000| 29   3   0  67   0   1
7123000   33000000| 38   7   0  53   0   1
4739000   40000000| 53  17   0  28   0   2
7901000   30000000| 11  10   0  78   0   1
  11000000 2662000|  1   3   0  96   0   0
7400000 4583000|  2   3   0  95   0   0
  11000000 6727000|  3   3   0  94   0   0
  13000000 7106000|  3   5   0  92   0   1
  12000000 1681000|  2   3   0  95   0   0
  10000000 2603000|  5   6   0  88   0   0
8507000 3663000|  4   5   0  92   0   0
2676000 5997000|  4   4   0  92   0   0
  14000000 6565000|  2   4   0  94   0   0
7833000 9378000|  4   4   0  92   0   0
  16000000   11000000|  6   6   0  87   0   0
  22000000   14000000|  3   5   0  92   0   0
  12000000   14000000|  9  10   0  81   0   0
  18000000   17000000| 27   4   0  67   0   1
9647000   17000000| 28   3   0  70   0   0
  16000000   17000000|  4   3   0  93   0   0
  11000000  123000|  1   2   0  96   0   0
  14000000  154000|  1   2   0  98   0   0
  15000000  161000|  7   6   0  87   0   0
  14000000  150000|  3   3   0  94   0   0
 844000  159000|  3   4   0  92   0   0
2524000  190000|  3   4   0  93   0   0
  11000000  139000|  3   4   0  93   0   0
6124000  141000|  3   4   0  93   0   0
8445000  224000|  7   9   0  83   0   1
9876000  135000|  1   2   0  96   0   0
  11000000  198000|  2   2   0  95   0   0
  13000000  144000|  2   2   0  96   0   0
5234000  179000|  3   4   0  93   0   0
8769000  138000|  2   2   0  97   0   0
8797000   90000|  2   2   0  97   0   0
9999000  115000|  4   5   0  91   0   1
6426000  553000|  4   6   0  90   0   0
3327000  973000|  6   9   0  84   0   0
  11000000 1392000|  3   4   0  93   0   0
3253000 2423000|  5   4   0  91   0   0
  11000000 3634000|  2   3   0  95   0   0
  11000000 5686000|  2   2   0  95   0   0
  11000000 9375000|  2   2   0  95   0   1
  11000000   15000000|  3   2   0  96   0   0
9797000   22000000|  3   3   2  91   0   0
  10000000   33000000|  5   3   0  92   0   0
9311000   45000000|  5   5   0  90   0   1
  10000000   60000000|  6   8   0  85   0   1
  10000000   60000000|  6   6   0  88   0   1
  12000000   58000000|  4   7   0  88   0   1
  13000000   55000000|  5   4   0  91   0   1
  13000000   38000000|  2   4   0  94   0   0
  14000000   44000000|  2   3   0  94   0   0
7551000   43000000|  6   6   0  88   0   0
6058000   30000000|  7   8   0  84   0   0
  12000000   24000000| 10  11   0  78   0   1
  16000000   22000000|  3   3   0  94   0   0
8697000   24000000|  5   4   0  90   0   1
  11000000   25000000|  2   2   0  95   0   0
  15000000   26000000|  4   4   0  92   0   0
4010000   26000000|  4   5   0  91   0   0
8766000   27000000|  4   3   0  93   0   0
7842000   27000000|  3   4   0  93   0   0
  11000000   27000000|  9   7   0  84   0   1
  11000000   26000000|  5   3   0  92   0   0
  12000000   20000000|  5   4   0  90   0   0
3993000   21000000|  7   8   0  84   0   0
6619000   22000000|  7   8   0  84   0   0
9724000   23000000|  3   3   0  94   0   0
9851000   24000000|  8  10   0  81   0   1
  13000000   17000000|  3   3   0  94   0   0
  13000000   19000000|  4   3   0  94   0   0
  13000000   20000000|  2   3   0  95   0   0
  12000000   21000000|  4   5   0  90   0   0
5764000   21000000|  3   4   0  93   0   0
  10000000   22000000|  3   3   0  94   0   0
  13000000   21000000|  6   6   0  87   0   1
  14000000   21000000|  2   3   0  95   0   0
  11000000   22000000|  6   8   0  85   0   1
5983000   23000000|  4   5   0  91   0   0
  15000000   23000000|  4   3   0  93   0   0
9258000   25000000|  4   5   0  91   0   0
  15000000   26000000|  5   5   0  91   0   0
  10000000   30000000|  7   7   1  85   0   0
  14000000   31000000|  7  11   0  81   0   1
3235000   28000000|  3   3   0  94   0   0
 365000   23000000|  4   3   0  93   0   0
1004000   26000000|  3   4   0  92   0   0
2777000   28000000|  3   4   0  93   0   0
8215000   28000000|  7   9   0  83   0   1
  14000000   30000000|  3  10   0  85   0   1
  14000000   29000000|  3   6   0  91   0   0
9889000   31000000| 26   9   0  64   0   1
5391000   28000000| 27   4   0  67   0   2
  10000000   30000000| 12   8   0  79   0   1
6448000   12000000|  1   2   0  97   0   0
  12000000 8918000|  2   5   0  93   0   0
4298000   12000000|  6   8   0  86   0   0
  13000000   10000000|  4   5   0  90   0   1
  13000000   13000000|  4   3   0  94   0   0
  13000000   15000000|  5   3   0  91   0   0
  12000000   16000000| 44   7   0  48   0   1
  13000000   15000000| 55   6   0  38   0   1
2299000   15000000| 56  11   0  31   0   2
  12000000   15000000| 43   9   0  46   0   2
9566000   10000000| 31   7   0  62   0   1
9068000 5537000| 30   7   0  61   0   1
6668000 5639000| 33   9   2  55   0   1
  12000000 6027000| 29  10   0  61   0   1
  13000000 6639000|  7   7   0  86   0   1
  14000000 7233000|  6   7   0  86   0   0
  14000000 5701000|  2   6   0  90   0   1
5003000  153000|  3   5   0  92   0   0
5360000  200000|  4   5   0  91   0   0
  14000000  181000|  3   6   0  91   0   0
  17000000  229000|  3   3   0  95   0   0
  17000000  330000|  3   7   0  90   0   0
  15000000  236000|  2   4   0  94   0   1
7263000  234000|  5   4   0  91   0   0
7090000  331000|  3   4   0  93   0   0
  15000000  175000|  4   5   0  91   0   0
  14000000  233000|  3   4   0  93   0   0
  18000000  206000|  3   3   0  94   0   0
8230000  330000|  5   7   0  87   0   0
  17000000  968000|  2   3   0  95   0   0
  20000000 1588000|  3   4   0  92   0   1
3623000 2259000|  3   4   0  93   0   0
9689000 4041000|  3   2   0  95   0   0
8063000 6023000|  5   6   0  90   0   0
  11000000   10000000|  3   3   0  94   0   0
  12000000   15000000|  3   3   0  94   0   0
  12000000   26000000|  4   3   0  93   0   0
  12000000   37000000|  3   5   0  91   0   1
5396000   62000000|  5   4   0  91   0   0
3681000   48000000|  6   6   0  87   0   1
6028000   52000000|  7   8   0  85   0   1
9155000   49000000|  4   6   0  89   0   1
6213000   39000000|  4   8   0  88   0   1
  11000000   38000000|  5   3   0  92   0   0
7352000   43000000|  5   6   0  89   0   1
 588000   40000000|  4   4   0  92   0   0
 772000   32000000|  4   4   0  92   0   0
 568000   32000000|  6   7   0  87   0   0
 529000   33000000|  4   6   0  89   0   0
 477000   28000000|  6   6   0  87   0   0
 382000   26000000|  4   3   0  93   0   0
 431000   23000000|  3   3   0  94   0   0
 379000   23000000|  3   3   0  94   0   0
 333000   23000000|  3   3   0  94   0   0
 385000   24000000|  3   4   0  93   0   0
 395000   24000000|  3   3   0  94   0   0
 343000   25000000|  3   4   0  94   0   0
 319000   24000000|  3   3   0  94   0   0
 277000   25000000|  3   4   0  93   0   0
 270000   25000000|  3   3   0  94   0   0
 272000   24000000|  3   3   0  95   0   0
 294000   24000000|  3   4   0  93   0   0
 298000   26000000|  2   4   0  94   0   0
 378000   27000000|  3   3   0  94   0   0
 462000   30000000|  3   3   0  93   0   0
 639000   29000000|  3   3   0  94   0   0
 907000   26000000|  3   3   0  94   0   0
1222000   23000000|  3   4   0  93   0   0
1760000   26000000|  3   3   0  94   0   0
2506000   27000000|  4   5   0  91   0   0
1809000   19000000|  7   8   0  85   0   0
4189000   22000000|  3   4   0  93   0   0
4418000   22000000|  3   3   0  94   0   0
7761000   21000000|  4   3   0  93   0   0
6688000   21000000|  5   7   0  88   0   0
6440000   19000000|  3   8   0  88   0   1
  13000000   17000000|  2   9   0  89   0   0
  15000000   16000000|  4   4   0  92   0   0
2868000   15000000|  4   4   0  92   0   0
 809000   16000000|  4  11   0  84   0   0
 446000   16000000|  5  11   0  84   0   0
2103000   16000000|  4  10   0  85   0   0
 598000   16000000|  3  11   0  86   0   0
3986000   15000000|  4  10   0  85   0   1
3630000   14000000|  3   4   0  93   0   0
 945000   13000000|  3   3   0  94   0   0
6492000   13000000|  3   4   0  93   0   0
9274000   13000000|  6   4   0  90   0   0
  11000000   14000000|  3   6   0  91   0   1
9722000   12000000|  6   8   0  85   0   0
2823000   13000000|  5   5   0  90   0   0
5151000   12000000|  6   7   0  87   0   1
 887000   14000000|  5   5   0  89   0   0
5774000   14000000|  4   8   0  87   0   1
8204000   16000000|  5   6   0  89   0   0
7081000   16000000|  5   8   0  86   0   0
4702000   18000000|  8   9   0  84   0   0
  11000000   18000000|  4   5   1  91   0   0
6164000   21000000|  5   6   0  89   0   0
2308000   25000000|  4   3   0  92   0   0
9881000   24000000|  4   5   0  91   0   0
  11000000   27000000|  5   3   0  92   0   0
3856000   29000000|  5  14   0  80   0   1
 561000   37000000|  4   5   0  91   0   0
  12000000   41000000|  4   3   0  94   0   0
  19000000   54000000|  4   9   0  86   0   1
3013000   53000000|  7   7   0  86   0   0
9164000   43000000| 35  15   0  49   0   2
2357000   51000000| 27   6   1  65   0   1
3156000   53000000| 35   6  17  41   0   1
 299000   40000000| 32   3  14  50   0   1
 528000   25000000|  6   2   0  92   0   0
 253000 4530000|  2   4   0  94   0   0
1103000 3453000|  1   1   0  98   0   0
3282000 4175000|  2   3   0  94   0   0
1973000 4875000|  1   2   0  97   0   0
2807000 5895000|  1   1   0  97   0   0
2656000 6885000|  2   3   0  95   0   0
1430000 8457000|  2   4   0  95   0   0
 308000 9989000|  2   2   0  96   0   0
2259000   11000000|  6   7   0  87   0   0
1439000   14000000|  2   2   0  96   0   0
 592000   15000000|  2   2   0  96   0   0
2717000   17000000|  1   1   0  98   0   0
5729000   15000000|  2   1   0  97   0   0
5127000   19000000|  1   1   0  98   0   0
4097000   16000000| 26   4   9  61   0   1
1537000   24000000|  7   6   3  84   0   0
1981000  219000|  2   3   0  95   0   0
5469000   64000|  2   2   0  97   0   0
2268000  157000|  1   3   0  96   0   0
3450000  265000|  5   5   0  91   0   0
4210000   69000|  0   2   0  98   0   0
7634000   92000|  1   2   0  98   0   0
5175000  112000|  1   3  16  80   0   0
1232000  155000|  1   1   0  98   0   0
 103000   77000|  1   2   0  98   0   0
1264B  658B|  1   1   0  98   0   0
 119000   16000|  1   1   0  98   0   0
  75000  910B|  1   1   0  98   0   0
 325000   17000|  1   1   0  98   0   0
 965000   70000|  2   3   0  95   0   0
2346000  659000|  6   7   0  87   0   0
5340000 1611000|  2   2   0  96   0   0
  11000000 2133000|  5   6   0  89   0   0
9116000 3330000|  4   5   0  90   0   0
6573000 5776000|  3   3   0  93   0   1
2103000 8486000|  6   6   0  88   0   0
5633000   13000000|  8   9   1  83   0   1
4469000   18000000|  3   3   0  94   0   0
 603000   30000000|  4   4   0  92   0   0
4752000   36000000|  4   3   0  93   0   1
3445000   40000000|  3   3   0  95   0   0
  15000000   21000000|  3   3   0  93   0   0
5887000   26000000|  3   2   0  95   0   0
5217000   25000000|  3   5   0  91   0   0
1480000   28000000|  6   5   4  84   0   1
4964000   29000000|  4   7   0  88   0   1
 350000   30000000|  3   2   0  95   0   0
 967000   24000000|  4   3   0  93   0   0
2832000   25000000|  6   7   0  86   0   1
2161000   24000000|  6   8   2  84   0   1
5420000   24000000|  4   2   0  94   0   0
5340000   25000000|  5   5   0  89   0   0
2364000   26000000|  5   5   0  90   0   0
5499000   27000000|  3   3   0  94   0   0
6518000   29000000|  3   2   0  95   0   0
5716000   32000000|  3   2   0  95   0   0
6178000   34000000|  3   2   0  95   0   0
6051000   27000000|  3   2   0  95   0   0
5331000   30000000|  3   4   0  93   0   0
2804000   31000000|  4   3   0  93   0   0
5658000   33000000|  4   5   0  91   0   1
6241000   33000000|  4   5   0  91   0   0
7047000   35000000|  2   2   0  96   0   0
6834000   35000000|  2   2   0  96   0   0
7805000   36000000|  3   2   0  94   0   0
8447000   36000000|  2   3   0  95   0   0
3829000   34000000|  3   3   0  93   0   1
3179000   35000000|  3   3   0  94   0   0
  11000000   28000000|  3   2   0  94   0   1
  12000000   25000000|  6   6   0  88   0   0
7854000   29000000|  4   3   0  93   0   0
  12000000   29000000|  5   6   0  89   0   0
7209000   31000000|  4   7   2  87   0   0
5549000   30000000|  5   6   0  89   0   0
  17000000   32000000|  4   5   0  90   0   1
 258000   31000000|  2   2   0  96   0   0
 560000   31000000|  2   3   0  95   0   0
1710000   32000000|  3   2   0  95   0   0
4322000   32000000|  3   3   0  94   0   0
3885000   34000000|  5   5   0  91   0   0
1006000   35000000|  5   6   0  88   0   1
7594000   36000000|  5   6   0  88   0   1
4611000   40000000|  4   4   0  92   0   0
  12000000   39000000|  3   3   0  93   0   1
7719000   40000000|  4   7  18  70   0   1
  10000000   37000000|  4  21   0  74   0   1
5484000   36000000|  5   7   0  88   0   1
5687000   39000000|  5   5   0  89   0   1
1595000   39000000|  3   5   0  91   0   0
6357000   31000000|  5   3   0  92   0   0
 385000   32000000|  2   9   0  89   0   0
1092000   35000000|  2  23   0  74   0   1
2457000   35000000|  6  10   0  84   0   0
5030000   36000000|  3   8   0  89   0   1
5227000   37000000|  3  16   0  81   0   1
5628000   38000000|  2   3   0  94   0   1
4625000   37000000|  3   2   0  94   0   1
3326000   37000000|  3   4   0  93   0   0
2926000   38000000|  4   5   0  91   0   0
4959000   38000000|  6   8   0  86   0   0
5651000   35000000|  3   4   0  93   0   0
4396000   36000000|  2   2   0  96   0   0
3653000   27000000|  2   1   0  96   0   0
4312000   27000000|  2   3   0  95   0   0
4498000   29000000| 12   3   0  86   0   0
2966000   24000000| 28  18   0  53   0   1
1051000   24000000| 29  26   1  43   0   2
2179000   25000000| 29   4   0  66   0   1
1787000   26000000| 28  15   0  56   0   1
4902000   24000000| 27   1   0  72   0   0
4482000   19000000| 26   3   0  70   0   0
4790000   18000000| 44   3   0  53   0   1
1841000   21000000| 56   6   0  37   0   1
2819000   24000000| 46   5   0  48   0   1
3569000   27000000| 28   3   0  68   0   1
3896000   22000000| 12   4   1  82   0   1
3975000   16000000|  2   2   0  96   0   1
6996000   13000000|  3   2   0  95   0   0
3150000   15000000|  2   2   0  96   0   0
3400000   17000000|  9   1   0  90   0   0
3109000   18000000| 27   3   0  69   0   1
2592000   21000000| 27   2   0  71   0   1
5652000   25000000| 22   6  14  57   0   1
4151000   19000000|  3   3   0  94   0   1
8052000   10000000|  4   1   0  95   0   0
  11000000   10000000| 26   2   0  72   0   0
 784000 7665000| 26   1   0  74   0   0
 186000 8541000| 27   1   0  73   0   0
 483000 8543000| 26   1   0  74   0   0
1176000   10000000| 26   1  11  61   0   0
1941000   10000000| 18   2   8  72   0   1
1988000   12000000|  1   1   0  98   0   0
2557000 6843000|  1   1   0  98   0   0
2613000 7031000|  1   1   0  98   0   0
1572000 8695000|  1   1   0  98   0   0
1010000   11000000|  1   1   0  99   0   0
1515000   12000000|  1   1   0  98   0   0
1263000   12000000|  1   1   0  99   0   0
1031000   11000000|  1   1  11  88   0   0
1013000   12000000|  1   1   0  98   0   0
1336000   13000000|  1   1   0  98   0   0
1245000   13000000| 18   1   0  81   0   0
 788000   14000000| 25   1   0  74   0   1
 834000   14000000| 23   2   0  75   0   0
 543000 9784000|  0   0   0 100   0   0
 778000   25000|  2   2   0  96   0   0
 900000  159000|  1   1   0  98   0   0
 962000   74000|  2   1   0  98   0   0
 676000   32000|  1   0   0  99   0   0
 332000   15000|  1   0   0  99   0   0
 460000   12000|  1   0   0  99   0   0
 400000   13000|  1   0   0  99   0   0
 260000   20000|  1   0   0  99   0   0
 186000 3462B|  1   1   0  99   0   0
 227000 2730B|  1   0   0  99   0   0
 275000   59000|  1   1  19  80   0   0
 215000   15000|  1   0  25  74   0   0
 160000  256000|  3   2  24  72   0   0
 250000 1023000|  2   1  23  74   0   0
 289000 1942000|  2   1   0  98   0   0
 255000 3122000|  2   1   0  97   0   0
 264000 5319000|  2   1   0  97   0   0
 314000 8290000|  3   1   0  96   0   0
 392000   14000000|  2   1   0  98   0   0
 528000   21000000|  3   1   0  96   0   0
 472000   35000000|  2   2  21  75   0   0
 485000   42000000|  3   2  24  71   0   0
 666000   41000000|  3   2  24  71   0   0
 625000   46000000|  3   2  24  71   0   0
 659000   57000000|  4   2  24  71   0   0
 607000   61000000|  3   2  24  71   0   0
 639000   68000000|  3   4   7  85   0   0
 475000   46000000|  3   2   0  94   0   1
 468000   18000000|  3   1   0  97   0   0
 580000   18000000|  2   1   0  97   0   0
 506000   20000000|  2   1   0  97   0   0
 283000   19000000|  2   1   0  96   0   0
 403000   20000000|  2   2   0  96   0   0
 528000   21000000|  2   2   0  96   0   0
 574000   22000000|  2   2   0  97   0   0
 451000   22000000|  2   1   0  97   0   0
 311000   23000000|  2   1   0  96   0   0
 441000   25000000|  2   1   0  96   0   0
 433000   25000000|  2   1   0  97   0   0
 392000   28000000|  2   2   0  96   0   0
 361000   27000000|  2   1   0  96   0   0
 314000   30000000|  3   1   0  96   0   0
 239000   31000000|  2   1   0  96   0   0
 390000   31000000|  2   2   0  96   0   0
 385000   34000000|  2   1   0  97   0   0
 443000   19000000|  2   1   0  97   0   0
 399000   16000000|  2   1   0  97   0   0
 267000   18000000|  2   0   0  97   0   0
 284000   13000000|  3   1   0  96   0   0
 335000   12000000|  1   1   0  98   0   0
 306000   13000000|  2   1   0  97   0   0
 314000   16000000|  2   1   0  98   0   0
 377000   17000000|  3   2   0  95   0   0
 457000   21000000|  2   1   0  97   0   0
 525000   23000000|  2   1   0  97   0   0
 721000   22000000|  2   1   0  97   0   0
1014000   24000000|  2   1   0  97   0   0
1377000   27000000|  2   1   0  97   0   0
2105000   23000000|  1   0   0  99   0   0
1961000   16000000|  1   1   0  98   0   0
1679000   16000000|  2   1  22  75   0   0
 988000   17000000|  3   2   3  92   0   0
 369000   22000000|  1   1   0  97   0   0
 391000   26000000|  2   1   2  95   0   0
 450000   29000000|  2   1   0  97   0   0
 443000   32000000|  2   1   0  97   0   0
 433000   33000000|  2   2   0  96   0   0
 500000   22000000|  2   1   0  97   0   0
 267000   25000000|  3   1   4  91   0   0
 590000   26000000|  2   2   0  96   0   0
 777000   28000000|  3   1   4  92   0   0
 786000   27000000|  3   1   0  96   0   0
 723000   29000000|  2   2   0  97   0   0
 868000   26000000|  3   1   0  96   0   0
 504000   28000000|  2   1  16  81   0   0
 807000   30000000|  2   1  25  73   0   0
 804000   30000000|  3   1  24  71   0   0
 926000   31000000|  3   2  24  72   0   0
 514000   33000000|  3   1   7  89   0   0
 302000   33000000|  3   2   0  95   0   0
 264000   32000000|  2   1   0  96   0   0
 311000   36000000|  4   2   0  95   0   0
 358000   39000000|  3   2   0  96   0   0
 335000   40000000|  2   2   1  96   0   0
 353000   42000000|  3   2  24  72   0   0
 378000   44000000|  2   2  23  73   0   0
 424000   45000000|  3   2  24  72   0   0
 577000   43000000|  3   1  24  72   0   0
 591000   34000000|  2   1  24  73   0   0
 592000   36000000| 18   3   7  72   0   0
 771000   40000000| 27   6   0  67   0   0
 737000   42000000| 29  13   0  57   0   1
 765000   43000000| 27  13   0  59   0   0
 544000   45000000| 28  19   0  52   0   1
 482000   47000000| 29  16   0  54   0   1
 535000   44000000| 27  23   0  49   0   0
 583000   34000000| 10   4   0  86   0   0
 540000   36000000|  1   1   0  98   0   0
 606000   30000000|  1   1   0  98   0   0
 532000   29000000|  2   1   0  98   0   0
 433000 8221000|  0   1   0  99   0   0
 523000 8453000|  1   0   0  99   0   0
 559000 8694000|  1   2   8  89   0   0
 696000   11000000| 25   2   1  72   0   1
 263000   12000000| 27   4   0  69   0   0
 615000   16000000| 26   1   0  72   0   0
 680000   20000000| 27   2   0  71   0   0
 805000   28000000| 27   2   0  70   0   0
 815000   34000000| 28   3   0  69   0   1
1039000   42000000| 28   2   0  69   0   0
 726000   48000000| 28   4   0  68   0   1
 624000   55000000| 28   4   0  67   0   1
 603000   61000000| 13   3  18  65   0   1
 610000   60000000| 14   2  25  59   0   0
 449000   37000000|  1   1  25  73   0   0
 321000   28000000|  1   1  45  53   0   0
 348000   26000000|  1   1  49  49   0   0
 209000   16000000|  1   1  49  50   0   0
 257000   15000000|  1   1  49  49   0   0
 222000   16000000|  1   1  26  73   0   0
 214000   15000000|  0   1  25  74   0   0
 252000   16000000|  0   1  25  74   0   0
 281000   16000000|  1   1  24  74   0   0
 261000   17000000|  0   1  24  75   0   0
 229000   17000000|  0   1  25  74   0   0
 166000   19000000|  1   1  24  74   0   0
 169000   11000000|  1   1  25  74   0   0
 186000   12000000|  0   1  25  74   0   0
 180000   13000000|  1   1  24  74   0   0
 196000   13000000|  1   1  24  75   0   0
 203000   16000000|  1   1  25  74   0   0
 268000   16000000|  1   1  25  74   0   0
 383000   12000000|  0   0  25  75   0   0
 529000 6810000|  1   0  25  74   0   0
 469000   11000000|  1   0  25  74   0   0
 433000 4755000|  0   0  25  75   0   0
 504000 5522000|  0   0  25  75   0   0
 273000 5860B|  0   0  25  75   0   0
 383000 6954B|  0   0  25  75   0   0
 266000 3780B|  0   0  25  75   0   0
 336000 4200B|  5   1  20  74   0   0
 267000  312000| 56   4   3  37   0   0
 361000  800000| 75   2   0  23   0   0
 374000 1022000| 75   1   0  24   0   0
 393000 2207000| 76   1   0  23   0   0
 539000 3115000| 75   1   0  23   0   1
 637000 6217000| 76   1   0  23   0   0
 700000 8861000| 75   2   0  22   0   1
 434000   16000000| 75   1   0  23   0   1
 773000   22000000| 74   2   0  23   0   2
 543000   30000000| 46   3  17  33   0   1
 650000   18000000|  0   0  25  75   0   0
 702000   13000000|  0   0  24  76   0   0
 673000 8120B|  0   0  25  74   0   0
 801000 9520B|  1   0  25  75   0   0
 356000 6938B|  0   0  25  75   0   0
 500000 7630B|  0   0  25  75   0   0
 632000 9520B|  0   0  25  75   0   0
 584000   10000|  0   0  25  74   0   0
 689000 9310B|  0   0  25  75   0   0
 780000 9940B|  1   0  25  74   0   0
 671000 8120B|  0   0  25  75   0   0
 816000   11000|  0   0  25  75   0   0
 777000 9800B|  0   0  25  75   0   0
 891000   12000|  0   0  25  74   0   0
 598000   11000|  0   0  25  74   0   0
 306000 4862B|  1   0  25  74   0   0
 537000 8680B|  0   0  25  75   0   0
 575000 9170B|  0   0  25  75   0   0
 588000 9310B|  1   0  25  74   0   0
 601000 9520B|  1   0  25  74   0   0
 530000   14000|  0   0  48  52   0   0
 367000 4620B|  0   0  50  50   0   0
 324000 6188B|  0   0  50  50   0   0
 310000 4970B|  0   0  42  58   0   0
 340000 9496B|  0   0   0 100   0   0
 400000 5670B|  0   0   0 100   0   0
 349000 4480B|  0   0   0 100   0   0
 394000 5320B|  0   0   0 100   0   0
 408000 5600B|  1   0   0  99   0   0
 323000 6836B|  0   1   0  99   0   0
 383000   57000|  0   0   7  93   0   0
 382000   39000|  1   1  24  74   0   0
6290B  132000|  0   0  25  75   0   0
  82000   21000|  2   2   1  95   0   0
 346000   86000|  1   1  20  78   0   0
 441000  168000|  0   0  25  75   0   0
 554000   33000|  1   1  25  74   0   0
 509000   12000|  1   0  26  73   0   0
 369000   20000|  1   0   6  93   0   0
 346000   85000|  1   1   0  99   0   0
 439000  280000|  2   1   0  97   0   0
 250000  748000|  1   1   0  98   0   0
 358000  936000|  1   0   0  99   0   0
 359000 1669000|  1   1   0  98   0   0
 412000 2614000|  1   1   0  98   0   0
 362000 5315000|  1   1   0  98   0   0
 442000 7987000|  1   1   2  96   0   0
 268000   14000000|  1   2   1  96   0   0
 126000   20000000|  2   1   0  97   0   0
 459000   32000000|  2   2   4  92   0   0
 420000   47000000|  1   3  17  78   0   0
 566000   74000000|  2   5  18  75   0   0
 676000   91000000|  4   4  18  75   0   0
 592000   82000000|  3   3   0  94   0   0
 476000   26000000|  1   2   0  97   0   0
 451000   27000000|  2   1   0  97   0   0
 541000   29000000|  2   1   0  97   0   0
 433000   29000000|  1   2   0  97   0   0
 562000   32000000|  1   2   0  97   0   0
 516000   30000000|  2   2   0  97   0   0
 656000   33000000|  1   1   0  98   0   0
 666000   30000000|  2   1  20  77   0   0
 701000   32000000|  2   2  19  78   0   0
1100000   31000000|  1   2   3  94   0   0
 676000   31000000|  2   2   0  97   0   0
 936000   30000000|  2   2   0  97   0   0
 645000   28000000|  1   1   0  98   0   0
 867000   28000000|  2   1   0  97   0   0
 596000   28000000|  1   1   0  97   0   0
 675000   28000000|  2   0   0  98   0   0
 746000   31000000|  2   2   0  97   0   0
 610000   31000000|  1   1   0  97   0   0
 601000   31000000|  1   1   0  98   0   0
 707000   30000000|  2   1   0  96   0   0
 671000   24000000|  1   1   0  98   0   0
 671000   25000000|  2   1   0  97   0   0
 699000   26000000|  1   1   0  98   0   0
 717000   24000000|  2   2   0  97   0   0
 755000   24000000|  2   1   0  97   0   0
 502000   25000000|  1   1   0  98   0   0
 585000   25000000|  1   1   0  98   0   0
 757000   15000000|  1   1   0  98   0   0
 688000   15000000|  1   1   0  98   0   0
 643000   14000000|  1   1   0  98   0   0
 599000   14000000|  1   1   0  98   0   0
 582000   15000000|  1   1   0  99   0   0
 605000   17000000|  1   1   0  98   0   0
 632000   17000000|  1   1   0  98   0   0
 580000   16000000|  1   1   0  99   0   0
 638000   18000000|  1   1   0  98   0   0
 641000   17000000|  1   1   0  98   0   0
 336000   15000000|  1   1   0  98   0   0
 254000   12000000|  1   0   0  99   0   0
 289000 5429000|  1   0   0  99   0   0
 300000 3539000|  0   0   0 100   0   0
 324000 4140000|  0   0   0 100   0   0
 298000 5474000|  0   0   0 100   0   0
 230000 6810000|  0   0   0 100   0   0
 294000 3740000|  0   0   0 100   0   0
 308000 3474000|  0   0   0 100   0   0
 156000 4339000|  0   0   0 100   0   0
 267000 1671000|  0   0   0 100   0   0
 300000 4426B|  0   0   0 100   0   0
 289000 3850B|  0   0   0 100   0   0
 275000 3640B|  0   0   0 100   0   0
 275000 3360B|  0   0   0 100   0   0
 401000 5670B|  0   0   0 100   0   0
 467000 6370B|  0   0   0 100   0   0
 631000 7420B|  0   0   0 100   0   0
 998000   12000|  0   0   0 100   0   0
1441000   18000|  0   0   0 100   0   0
1712000  192000| 12   2   0  86   0   0
1085000  591000| 25   1   0  74   0   0
1415000  923000| 26   1   0  73   0   0
 823000 1659000| 26   0   0  74   0   0
 732000 1951000| 26   0   0  74   0   0
 395000 3408000| 26   1   0  74   0   0
 429000 4381000| 26   0   0  74   0   0
 465000 8053000| 26   2   0  72   0   0
 619000   10000000| 26   1   0  73   0   1
 558000   17000000| 26   1   0  73   0   0
 555000   21000000| 22   2   3  73   0   0
 716000   30000000|  1   1  24  74   0   0
 701000   26000000|  1   1  25  73   0   0
 847000   26000000|  1   1  24  74   0   0
 626000   22000000|  0   0  25  75   0   0
 750000   23000000| 23   2   5  70   0   0
 820000   29000000| 26   1   2  71   0   0
 368000   26000000| 26   1   3  70   0   0
  28000 8319000| 25   0   0  75   0   0
  30000   10000000| 14   1  12  74   0   0
  50000   14000000|  1   0  25  74   0   0
  39000 2826000|  0   0  24  76   0   0
 120000 2454B|  1   0  25  75   0   0
 258000   71000| 17   1  24  57   0   0
  21000  330000| 26   0  25  50   0   0
2164B  488000| 25   0  25  50   0   0
7306B  659000| 25   0  25  50   0   0
  82000  913000| 26   1  40  34   0   0
 357000 1151000| 25   0  50  25   0   0
 925000 1878000| 25   1  49  25   0   0
 877000 2481000| 25   0  50  25   0   0
 969000 4281000| 13   1  60  26   0   0
 986000 5698000|  1   1  13  85   0   0
1074000 9839000|  0   0  12  87   0   0
 308000  812000|  1   2  22  75   0   0
  75000 1844B|  1   0  25  75   0   0
 142000   17000|  1   1  25  74   0   0
  98000 7368B|  1   0  25  74   0   0
 127000 5868B|  0   0  24  76   0   0
 124000   10000|  1   0  25  75   0   0
 236000 4332B|  1   0  25  75   0   0
 294000 4410B|  0   1  25  75   0   0
 500000   67000|  1   0  25  74   0   0
 315000  176000|  1   0  25  74   0   0
 540000  446000|  1   1  37  62   0   0
 565000  757000|  1   1  50  50   0   0
 597000 1182000|  0   0  50  50   0   0
 563000 2226000|  1   0  50  50   0   0
 298000 3001000|  0   1  49  50   0   0
 194000 5366000|  1   1  28  71   0   0
 157000 6463000|  1   0   4  95   0   0
 408000 9758000|  1   1  17  82   0   0
 433000   15000000|  1   1  25  74   0   0
 479000   22000000|  1   1  25  74   0   0
 468000   30000000|  1   1  42  56   0   0
 350000   37000000|  1   1  49  50   0   0
 521000   35000000|  1   1  49  49   0   0
 493000   23000000|  1   1  49  49   0   0
 517000   24000000|  1   1  49  49   0   0
 390000   26000000|  1   1  49  49   0   0
 437000   27000000|  1   1  49  49   0   0
 314000   24000000|  1   1  32  66   0   0
 296000   20000000|  2   1  24  74   0   0
 448000   21000000|  2   2  29  67   0   0
 342000   22000000|  1   1  25  74   0   0
 394000   21000000|  1   1  25  74   0   0
 428000   25000000|  1   1  35  64   0   0
 505000   22000000|  2   1  31  67   0   0
 421000   25000000|  1   1  25  73   0   0
 472000   23000000|  1   1  25  74   0   0
 490000   24000000|  1   1  25  74   0   0
 375000   23000000| 13   1  18  69   0   0
 365000   24000000| 21   2  26  51   0   1
 222000   17000000|  1   1  25  74   0   0
  81000   21000|  2   2  18  79   0   0
 135000 9306B|  0   0  22  78   0   0
 155000   10000|  0   1  25  75   0   0
 174000   41000|  2   0  25  74   0   0
 176000   10000|  0   0  25  75   0   0
 195000 3914B|  0   1  46  53   0   0
 270000   16000|  0   0  50  50   0   0
 201000 3430B|  1   0  50  50   0   0
 245000 3360B|  0   0  50  50   0   0
 195000   15000|  0   1  41  58   0   0
  14000   95000|  0   0  24  76   0   0
3702B  145000|  1   0  25  74   0   0
2804B  341000|  1   1  25  74   0   0
6234B  352000|  1   0  25  75   0   0
 123000  466000|  0   1  66  33   0   0
 157000  711000|  0   1  49  50   0   0
 242000 1303000|  0   1  49  50   0   0
 270000 1962000|  1   0  49  50   0   0
 287000 3551000|  0   1  49  50   0   0
 215000 5322000|  1   1  49  50   0   0
 182000 7676000|  1   1  49  50   0   0
 252000   13000000|  1   0  49  50   0   0
 228000   13000000|  1   1  49  50   0   0
 249000   21000000|  1   1  49  49   0   0
 332000   18000000|  1   1  49  49   0   0
 330000   17000000|  1   1  49  49   0   0
 439000   18000000|  1   0  49  49   0   0
 576000   19000000|  1   1  49  49   0   0
 909000   18000000|  1   0  49  49   0   0
 992000   18000000|  1   1  49  49   0   0
 746000   10000000|  0   1  49  50   0   0
 971000   11000000|  1   1  49  49   0   0
 662000   11000000|  1   1  49  50   0   0
 660000   10000000|  1   0  49  50   0   0
 468000 8387000|  1   0  50  49   0   0
 578000 2942000|  1   1  49  49   0   0
 759000 4078000|  0   1  49  50   0   0
 731000 6346000|  1   0  49  49   0   0
 534000 8547000|  1   1  48  50   0   0
 398000 9477000|  1   1  49  50   0   0
 399000   10000000|  1   0  50  49   0   0
 469000 8067000|  1   0  49  50   0   0
 323000 7344000|  1   1  49  49   0   0
 177000 7819000|  0   1  49  50   0   0
 199000 7997000|  1   0  50  50   0   0
 178000 7942000|  1   0  49  50   0   0
 174000 8474000|  1   0  49  50   0   0
 206000 8074000|  1   0  49  50   0   0
 230000 8695000|  1   0  49  49   0   0
 213000 8322000|  1   1  49  50   0   0
 154000 7942000|  0   0  49  50   0   0
 193000 8640000|  0   0  50  50   0   0
 172000 6085000|  0   0  50  50   0   0
 204000 2870B|  0   0  50  50   0   0
 162000 2240B|  0   0  50  50   0   0
 203000 2870B|  0   0  50  50   0   0
 245000 4130B|  0   0  50  50   0   0
 340000 4550B|  0   0  50  50   0   0
 550000 7910B|  0   0  50  50   0   0
 666000   11000|  0   0  50  50   0   0
 447000 7036B|  0   0  50  50   0   0
 290000 6658B|  0   0  50  50   0   0
 421000 5390B|  0   0  50  50   0   0
 401000 5040B|  0   0  50  50   0   0
 421000 5250B|  0   0  50  50   0   0
 426000 5600B|  0   0  50  50   0   0
 418000 5110B|  0   0  50  50   0   0
 485000 6790B|  0   0  50  50   0   0
 589000 6930B|  0   0  50  50   0   0
 730000 8890B|  0   0  50  50   0   0
 934000   11000|  0   0  50  50   0   0
1450000   16000|  0   0  50  50   0   0
1599000   70000|  1   1  54  44   0   0
 336000  280000|  0   0  37  62   0   0
 121000  278000|  1   1   0  99   0   0
 348000  558000|  0   0   0 100   0   0
 951000  846000|  1   1  23  76   0   0
1062000 1236000|  1   1  25  74   0   0
 485000 2181000|  0   1  19  80   0   0
 520000 3372000|  1   0   0  99   0   0
 483000 5209000|  1   1   0  99   0   0
 361000 6810000|  1   1   3  95   0   0
 415000 9153000|  1   1  39  60   0   0
 473000   10000000|  1   1  24  74   0   0
 526000   14000000|  1   1  25  74   0   0
 316000 8778000|  1   0  25  74   0   0
 394000   10000000|  0   1  26  73   0   0
 393000   10000000|  1   1   6  93   0   0
 306000   12000000|  1   1  15  82   0   0
 350000   12000000|  1   1  36  63   0   0
 466000   12000000|  1   1  49  49   0   0
 432000   13000000|  1   1  43  56   0   0
 608000   12000000|  1   1  49  49   0   0
 270000   12000000| 17   1  27  54   0   0
 542000   13000000| 25   1  20  54   0   0
 971000   13000000| 25   1  16  58   0   0
1612000   12000000| 12   1  36  50   0   0
 360000   10000000|  1   1  41  57   0   0
 746000   41000|  1   2  49  49   0   0
  65000   18000|  0   1  50  49   0   0
1132000   29000|  0   0  50  50   0   0
 511000   10000|  1   0  50  50   0   0
 489000   11000|  0   1  48  51   0   0
 468000   11000|  1   0  50  50   0   0
 584000   23000|  1   1  50  50   0   0
 591000  137000|  1   0  50  50   0   0
 602000  334000|  1   0  49  50   0   0
 571000  500000|  0   0  49  50   0   0
 609000 1084000|  1   0  48  51   0   0
 270000 1585000|  0   1  43  56   0   0
 634000 2972000|  2   2  37  60   0   0
 457000 4642000|  1   0  74  25   0   0
 893000 7107000|  1   1  74  25   0   0
 694000   12000000|  1   1  74  25   0   0
 940000   16000000|  1   1  73  26   0   0
 910000   26000000|  1   2  68  30   0   0
 382000   32000000|  1   1  29  68   0   0
 209000   34000000|  1   1  53  45   0   0
  82000  859000|  1   0  75  25   0   0
  23000  137000|  1   1  74  25   0   0
3090B  267000|  0   0  75  25   0   0
  11000  300000|  1   0  74  25   0   0
  22000  527000|  1   0  75  25   0   0
  28000  957000|  0   1  75  25   0   0
 158000 1337000|  0   0  75  25   0   0
 407000 2690000|  1   0  74  24   0   0
 972000 3709000|  1   1  73  25   0   0
  41000 7132000|  1   0  75  24   0   0
  48000 9211000|  2   1  73  24   0   0
 105000   17000000|  1   1  72  26   0   0
  94000   22000000|  2   1  64  34   0   0
 146000   32000000|  1   1  65  33   0   0
 253000   37000000|  1   1  73  25   0   0
 143000   36000000|  1   1  73  24   0   0
 152000   29000000|  1   1  74  24   0   0
  62000   10000000|  1   1  74  25   0   0
  71000   17000000|  1   1  74  25   0   0
 112000   25000000|  1   1  74  24   0   0
 110000   30000000|  1   1  74  24   0   0
 113000   31000000|  1   1  74  24   0   0
 123000   33000000|  1   2  81  16   0   0
  54000   33000000| 19   1  80   0   0   0
 176000   39000000| 10   1  89   0   0   0
  46000 4622000|  1   1  98   0   0   0
1195B  823B|  0   0  98   2   0   0
7456B 4710B|  0   0 100   0   0   0
3308B 4476B|  1   0  99   0   0   0
5192B 2826B|  0   0 100   0   0   0
2939B 6664B|  0   0 100   0   0   0
1134B  992B|  1   0  99   0   0   0
2218B   81000|  0   1  98   1   0   0
1684B  218000|  0   0  99   0   0   0
4544B  500000|  0   0 100   0   0   0
3634B  652000|  1   0  99   0   0   0
9042B 1305000|  1   0  99   0   0   0
  13000 1859000|  0   1  99   0   0   0
  19000 3909000|  1   1  98   1   0   0
  26000 5143000|  1   0  99   0   0   0
  34000 9508000|  0   1  99   0   0   0
  75000   13000000|  1   1  98   0   0   0
  82000   21000000|  1   1  98   0   0   0
 101000   14000000|  1   1  99   0   0   0
 100000   16000000|  1   1  98   1   0   0
  78000   16000000|  1   0  99   0   0   0
  79000   18000000|  1   1  99   0   0   0
  77000   18000000|  1   1  98   0   0   0
  76000   19000000|  1   1  99   0   0   0
  94000   20000000|  1   1  98   0   0   0
  83000   19000000|  0   1  98   1   0   0
  91000   20000000|  1   1  98   0   0   0
  94000   19000000|  1   1  98   0   0   0
  78000   20000000|  1   1  98   0   0   0
  82000   19000000|  1   1  98   1   0   0
  36000   18000000|  1   1  74  25   0   0
  86000   20000000|  1   1  75  23   0   0
  92000   19000000|  1   1  98   0   0   0
  80000   19000000|  1   1  98   0   0   0
  80000   20000000|  1   1  98   0   0   0
  95000   20000000|  1   2  98   0   0   0
  95000   21000000|  0   1  98   0   0   0
 107000   20000000|  0   1  98   1   0   0
 122000   22000000|  1   1  98   0   0   0
 104000   21000000|  1   1  98   0   0   0
 129000   24000000|  1   1  98   0   0   0
 116000   24000000| 22   1  77   0   0   0
 119000   25000000| 19   2  80   0   0   0
  89000   14000000|  0   1  98   1   0   0
1744B 1464B|  1   1  99   0   0   0
3306B 3094B|  0   0 100   0   0   0
3096B 1692B|  1   0 100   0   0   0
2408B 3252B|  0   0 100   0   0   0
2916B 4796B|  1   1  97   1   0   0
3846B 4910B|  0   0 100   0   0   0
3298B 2120B|  0   0 100   0   0   0
3090B 3124B|  1   0  99   0   0   0
2344B 4796B|  1   1  98   0   0   0
4466B 5106B|  0   0 100   0   0   0
3016B 1432B|  0   0  99   1   0   0
2076B 3252B|  0   0  99   0   0   0
2168B 5544B|  0   0 100   0   0   0
4658B 5164B|  1   1  98   0   0   0
3778B 1432B|  0   0 100   0   0   0
4478B 3252B|  0   0 100   0   0   0
1984B 1648B|  0   0  99   1   0   0
3442B 7084B|  0   1  98   0   0   0
4636B 3140B|  0   0 100   0   0   0
2452B 3322B|  0   0  99   0   0   0
1797B 1846B|  0   0 100   0   0   0
3763B 7142B|  1   2  98   0   0   0
4284B 3140B|  0   0  99   1   0   0
3294B 2984B|  0   0  99   0   0   0
1632B 1884B|  0   1 100   0   0   0
3941B 7080B|  0   1  98   0   0   0
4978B 3266B|  0   0 100   0   0   0
2452B 3220B|  0   0  99   0   0   0
1591B 1884B|  1   0  99   1   0   0
4049B 6932B|  0   1  99   0   0   0
2491B 1633B|  0   0 100   0   0   0
1236B 1540B|  0   0 100   0   0   0
1742B 1012B|  1   0 100   0   0   0
2248B 3940B|  1   1  98   1   0   0
4780B 3266B|  0   0 100   0   0   0
2306B 3080B|  0   0  99   0   0   0
1996B 2024B|  0   0 100   0   0   0
3752B 7080B|  1   1  98   0   0   0
4716B 3266B|  0   1  98   2   0   0
2152B 3080B|  0   0  99   0   0   0
2866B 2024B|  0   0 100   0   0   0
3136B 6722B|  1   1  98   0   0   0
2181B 1757B|  0   0 100   0   0   0
2154B 1626B|  0   0 100   0   0   0
1090B 1012B|  0   0  99   1   0   0
1644B 3800B|  1   1  98   0   0   0
4866B 3406B|  0   0 100   0   0   0
2654B 3080B|  0   0  99   0   0   0
2508B 2024B|  0   0 100   0   0   0
2816B 6800B|  1   1  98   0   0   0
3732B 3374B|  0   0  98   2   0   0
2984B 1692B|  0   0  99   0   0   0
2796B 3584B|  0   0 100   0   0   0
3072B 6644B|  1   1  98   0   0   0
3706B 3530B|  0   0 100   0   0   0
2952B 1692B|  1   0  98   1   0   0
3244B 3252B|  0   0 100   0   0   0
5564B 4796B|  1   1  98   0   0   0
3418B 3731B|  0   0 100   0   0   0
2088B 1296B|  0   0 100   0   0   0
1560B 1562B|  0   0 100   0   0   0
1600B 2532B|  1   1  97   2   0   0
3710B 4234B|  0   0 100   0   0   0
4024B 2120B|  0   0 100   0   0   0
2400B 3392B|  0   0 100   0   0   0
4020B 4796B|  1   1  98   0   0   0
4680B 5312B|  0   0  98   2   0   0
3784B 2624B|  0   0  99   0   0   0
2336B 3124B|  0   0 100   0   0   0
1864B 4796B|  1   1  98   0   0   0
4598B 5222B|  0   0 100   0   0   0
3300B 2308B|  0   0 100   0   0   0
3136B 3124B|  0   0  98   2   0   0
3326B 5064B|  0   2  98   0   0   0
3978B 5036B|  0   0 100   0   0   0
3160B 2120B|  0   0  99   0   0   0
2508B 3392B|  0   0 100   0   0   0
3326B 4962B|  1   1  98   0   0   0
3133B 4049B|  0   0  98   2   0   0
2486B 8796B|  1   1  99   0   0   0
1298B 1562B|  0   0 100   0   0   0
2358B 2532B|  1   1  98   0   0   0
3480B 4234B|  0   1 100   0   0   0
3225B 2120B|  0   0  99   1   0   0
2386B 3124B|  0   0 100   0   0   0
2120B 4796B|  1   1  98   0   0   0
4406B 5026B|  0   0 100   0   0   0
3006B 1432B|  0   0 100   0   0   0
7174B 4000B|  0   0 100   0   0   0
3759B 4796B|  1   0  98   2   0   0
3976B 3905B|  1   1  99   0   0   0
1724B  716B|  0   0 100   0   0   0
1234B 1626B|  0   0 100   0   0   0
1626B 2772B|  1   1  98   0   0   0
3843B 4180B|  0   0 100   0   0   0
3289B 1432B|  0   0  98   2   0   0
2464B 3252B|  1   0  99   0   0   0
2543B 5544B|  0   0 100   0   0   0
6134B 5222B|  1   1  98   0   0   0
3128B 1432B|  0   0 100   0   0   0
3004B 3252B|  0   0  99   0   0   0
  10000 1738B|  0   0  98   2   0   0
3149B 6813B|  1   1  98   0   0   0
2690B 1570B|  0   0  99   0   0   0
1894B 1492B|  0   0 100   0   0   0
1332B 1092B|  0   0 100   0   0   0
4932B 5988B|  1   1  98   0   0   0
3326B 1572B|  0   0  98   2   0   0
2464B 3252B|  0   0  99   0   0   0
2173B 1648B|  0   0 100   0   0   0
3414B 7142B|  1   1  98   0   0   0
4664B 3140B|  1   0 100   0   0   0
3127B 2984B|  1   0 100   0   0   0
3563B 1884B|  0   0  98   1   0   0
2090B 4196B|  0   0 100   0   0   0
2031B  103000|  1   1  98   0   0   0
2832B  384000|  1   0  99   0   0   0
4951B  586000|  1   0  99   0   0   0
5486B 1078000|  1   0  99   0   0   0
8215B 1727000|  0   1  99   1   0   0
  13000 2969000|  1   1  99   0   0   0
  37000 5120000|  1   0  99   0   0   0
  40000 8613000|  1   1  99   0   0   0
  59000   13000000|  1   0  99   0   0   0
  96000   20000000|  1   1  98   0   0   0
 194000   31000000|  1   2  96   1   0   0
 190000   49000000|  2   2  96   0   0   0
 296000   65000000|  2   2  97   0   0   0
 340000   77000000|  2   2  96   0   0   0
 277000   65000000|  1   2  97   0   0   0
 169000   23000000|  1   1  98   0   0   0
  86000   23000000|  1   1  96   2   0   0
 122000   25000000|  1   1  98   0   0   0
 109000   25000000|  1   0  99   0   0   0
 135000   25000000|  1   1  98   0   0   0
  92000   20000000|  1   1  98   0   0   0
 102000   23000000|  1   1  98   0   0   0
 110000   22000000|  1   1  97   1   0   0
 101000   25000000|  1   1  98   0   0   0
 133000   26000000|  1   1  98   0   0   0
 117000   29000000|  1   1  98   0   0   0
 153000   33000000|  1   1  98   0   0   0
 169000   38000000|  1   1  98   0   0   0
 217000   47000000|  1   1  96   1   0   0
 280000   59000000|  6   2  92   0   0   0
 277000   61000000| 26   2  72   0   0   0
 239000   52000000|  2   2  96   0   0   1
 126000   16000000|  0   1  99   0   0   0
  61000   14000000|  1   0  99   0   0   0
  97000   23000000|  0   1  97   1   0   0
 163000   31000000|  1   1  98   0   0   0
 168000   28000000|  0   1  99   0   0   0
  77000   13000000|  1   0  99   0   0   0
 102000   20000000|  0   1  99   0   0   0
 102000   25000000| 14   1  85   0   0   0
 123000   26000000| 24   1  73   2   0   1
 140000   23000000|  3   1  97   0   0   0
  39000 2729000|  0   1  99   0   0   0
 618B   70B|  0   0 100   0   0   0
 480B    0|  0   0 100   0   0   0
