   0     0|  1   1  94   4   0   0
1057B  817B|  4   3  93   1   0   0
2838B 1570B|  3   2  95   0   0   0
2212B 2128B|  3   2  95   0   0   0
1384B 1304B|  3   3  94   0   0   0
1744B 2116B|  3   4  91   2   0   0
3129B  114000|  3   2  95   0   0   0
3486B  294000|  3   2  95   1   0   0
4693B  554000|  3   2  95   0   0   0
  10000 1337000|  4   2  94   0   0   0
  12000 2283000|  3   3  94   0   0   0
  25000 4851000|  3   4  91   1   0   0
  31000 7005000|  3   3  94   0   0   0
  55000   12000000|  4   2  94   0   0   0
  71000   17000000|  4   4  91   0   0   0
 125000   29000000|  4   5  91   0   0   0
 157000   39000000|  6   8  86   0   0   0
 165000   35000000|  4   4  91   1   0   0
 156000   34000000|  5   3  92   0   0   0
 166000   34000000|  5   3  92   0   0   0
 159000   34000000|  3   5  91   0   0   0
 166000   34000000|  3   2  94   0   0   0
 159000   32000000|  5   5  90   0   0   0
 166000   36000000|  3   4  91   1   0   0
 162000   34000000|  5   2  93   0   0   0
 175000   34000000|  4   5  91   0   0   0
 168000   34000000|  5   2  93   0   0   0
 179000   34000000|  5   5  90   0   0   0
 169000   34000000|  9   3  88   0   0   0
 212000   38000000|  5   3  90   2   0   0
  39000 2433000|  4   4  92   0   0   0
5052B 3140B|  4   2  95   0   0   0
2982B 2984B|  3   2  95   0   0   0
1888B 1884B|  3   2  95   0   0   0
1328B 4196B|  3   3  92   2   0   0
2470B  152000|  4   3  93   0   0   0
3498B  387000|  3   2  95   0   0   0
6156B  894000|  3   2  95   0   0   0
7718B 1370000|  4   1  95   0   0   0
  19000 3131000|  4   3  92   0   0   0
  21000 4631000|  3   3  93   1   0   0
  41000 9298000|  4   3  93   0   0   0
  51000   12000000|  3   3  94   0   0   0
  91000   22000000|  4   3  93   0   0   0
 116000   30000000|  6   4  90   0   0   0
 174000   40000000|  5   3  91   0   0   0
 177000   40000000|  6   4  89   1   0   0
 182000   40000000|  6   3  92   0   0   0
 181000   40000000|  5   9  86   0   0   0
 202000   40000000|  5  19  74   0   0   1
 199000   40000000|  6   8  86   0   0   0
 158000   40000000|  6  31  58   4   0   2
 158000   40000000|  5   9  83   3   0   0
 164000   40000000|  4   3  93   0   0   0
 181000   40000000|  4   6  82   7   0   0
 177000   40000000|  4   6  69  20   0   0
 182000   40000000|  7   9  65  19   0   0
 207000   40000000|  5   8  64  22   0   0
 223000   40000000|  5   5  68  21   0   0
 221000   40000000|  5   4  68  22   0   0
 271000   40000000|  4   3  70  23   0   0
 263000   40000000|  5   3  69  23   0   0
 277000   40000000|  4   8  65  23   0   0
 191000   40000000|  5  10  84   2   0   0
 233000   40000000|  4   3  69  24   0   0
 408000   31000000|  6   9  61  22   0   1
 258000   13000000| 28   3  46  22   0   0
  35000  402000| 32  10  38  21   0   0
  65000 1162000| 31   3  45  21   0   0
 215000 2482000| 31   2  46  22   0   1
 342000 5025000| 30   3  45  22   0   0
 357000 7609000| 31   2  45  21   0   0
 413000   13000000| 30   2  45  22   0   1
 523000   22000000| 10   3  64  23   0   0
 383000   30000000|  3   3  70  25   0   0
 427000   13000000|  4   4  71  21   0   0
 146000   22000000|  8   3  66  24   0   0
 190000   28000000| 34   6  44  15   0   1
 333000   37000000| 17  16  67   0   0   1
  66000 8328000| 17  16  67   0   0   0
9028B 6532B| 16  13  71   0   0   0
4460B 6160B| 18  12  68   2   0   0
2840B 4048B| 11  10  70   9   0   0
  20000 9822B|  3   2  71  24   0   0
  43000 1710B|  2   2  71  24   0   0
  92000  210000|  4   4  69  23   0   0
  86000  641000|  4   2  71  23   0   0
 198000 1564000|  3   2  91   4   0   0
 391000 2765000|  4   2  71  23   0   0
 853000 5467000|  5   4  69  23   0   0
1539000 9863000|  5   3  69  23   0   0
2479000   18000000|  5   3  69  23   0   0
2738000   27000000|  5   4  68  23   0   0
4537000   39000000|  6   3  67  24   0   0
4592000   40000000|  5   3  68  23   0   0
7131000   40000000| 23  12  64   1   0   0
3286000   40000000| 10   7  71  12   0   0
 651000   40000000|  6   3  68  23   0   0
1065000   40000000|  5   5  67  22   0   0
 862000   40000000|  6   3  68  22   0   0
 742000   40000000|  6   4  67  22   0   0
 441000   40000000|  5   4  68  23   0   0
 582000   40000000|  6   3  69  23   0   0
 637000   40000000|  5  11  63  21   0   1
 553000   40000000|  5  17  59  18   0   1
 700000   40000000|  7  20  54  18   0   1
 582000   40000000|  5   3  70  21   0   0
 493000   40000000|  4   5  68  23   0   0
 655000   40000000|  5   9  66  20   0   0
 573000   40000000|  4   5  69  22   0   0
 576000   40000000|  4   4  69  22   0   0
 527000   40000000|  4   6  66  24   0   0
 544000   40000000|  6  19  58  16   0   1
 602000   40000000|  4   2  69  24   0   0
 677000   40000000|  7  48  29  15   0   2
 699000   40000000|  5   5  70  20   0   0
 696000   40000000|  5   5  66  23   0   1
 474000   40000000|  5  15  74   6   0   0
 190000   40000000|  4   3  80  13   0   0
 184000   40000000|  4   4  68  22   0   0
 204000   40000000|  6   9  63  22   0   0
 198000   40000000|  6   3  69  23   0   0
 211000   40000000|  5   3  69  23   0   0
 202000   40000000|  5   3  66  25   0   0
 216000   40000000|  5   3  68  24   0   0
 316000   40000000|  5   3  69  23   0   0
 210000   40000000|  5   4  69  23   0   0
 215000   40000000|  5   2  54  39   0   0
 308000   40000000|  5   2  62  31   0   0
 457000   37000000|  7   7  45  40   0   1
 284000 8337000|  6   2  47  39   0   6
  13000  307000|  4   3  46  47   0   0
 322000  865000|  6  26  39  28   0   0
 202000 1504000|  5   3  63  29   0   0
 521000 3878000|  5   2  64  30   0   0
1341000 7898000|  6   4  55  35   0   0
 889000   18000000|  5   7  57  31   0   0
 204000   26000000|  6   7  61  25   0   0
 374000   38000000|  7   3  62  29   0   0
 387000   39000000|  5   4  63  28   0   0
 424000   40000000| 14   4  42  39   0   1
 313000   40000000| 32  11  34  22   0   2
 338000   40000000| 16  14  46  23   0   1
 137000   29000000| 19  13  45  23   0   0
 127000   27000000| 39  17  22  21   0   1
 126000   28000000| 44  16  20  19   0   1
   0     0| 19   9  44  28   0   1
   0     0|  6   3  46  45   0   0
   0     0|  5   2  46  46   0   0
   0     0|  5   3  46  46   0   0
   0     0|  6   4  47  44   0   0
   0     0| 29   4  42  24   0   1
   0     0|  9   2  67  22   0   0
   0     0|  4   3  53  40   0   0
   0     0| 15   2  36  46   0   0
   0     0| 16   2  35  47   0   1
9795000  348000000|  3   3  52  42   0   0
1172000   17000|  3   4  68  25   0   0
1603000   19000|  1   2  72  24   0   0
1377000   16000|  2   3  72  24   0   0
1583000   16000|  2   2  72  24   0   0
1244000   16000|  4   4  69  23   0   0
1498000   26000|  2   2  73  24   0   0
1808000   23000|  3   3  71  24   0   0
1823000   28000|  3   3  71  24   0   0
2255000   35000|  2   2  72  24   0   0
2535000   28000|  2   2  72  24   0   0
3404000   36000|  7   6  59  29   0   0
3808000  586000| 21   9  66   3   0   1
5285000 1393000|  4   3  53  40   0   0
1672000 3070000|  4   2  66  28   0   0
2715000 5477000|  5   2  61  32   0   0
3891000   10000000|  5   4  64  27   0   0
6437000   18000000|  5   3  69  23   0   0
5657000   29000000|  5   4  68  23   0   0
1822000   40000000|  7   4  67  22   0   0
3208000   40000000|  6   4  60  30   0   0
3413000   40000000|  5   4  45  45   0   0
3151000   40000000|  6   4  44  46   0   1
1037000   40000000|  5   4  64  27   0   0
 676000   40000000|  5   3  55  36   0   1
 177000   40000000|  6   4  44  45   0   0
 288000   40000000|  6   4  60  29   0   0
 288000   40000000|  6   8  46  39   0   0
 197000   40000000|  5   5  34  55   0   0
 521000   40000000|  5   4  40  51   0   1
 585000   40000000|  5   3  49  42   0   0
 173000   40000000|  5   4  24  66   0   0
 212000   40000000|  5   5  33  56   0   0
 352000   40000000|  5   4  30  61   0   0
 287000   40000000|  6   4  42  47   0   0
 335000   40000000|  6   4  45  45   0   0
 170000   40000000|  6   5  66  23   0   0
 166000   40000000|  5   5  44  45   0   1
 168000   40000000|  5   7  39  48   0   0
 178000   40000000|  5   5  42  48   0   0
 497000   40000000|  6   4  22  68   0   0
1176000   40000000|  5   6  21  67   0   0
 392000   40000000|  5   6  22  66   0   0
 171000   40000000|  5   3  38  53   0   0
 167000   40000000|  6   8  35  51   0   0
 162000   40000000|  6   3  23  69   0   0
 170000   40000000|  5   8  22  66   0   0
 170000   40000000|  7   5  40  48   0   0
 180000   40000000|  5   4  45  46   0   0
 164000   40000000|  5   6  43  46   0   0
 159000   40000000|  6   3  46  46   0   0
 186000   40000000|  4   5  44  46   0   0
 165000   40000000|  5   4  46  46   0   0
 236000   40000000|  5   2  46  46   0   0
 305000   40000000|  6   2  46  46   0   0
 642000   29000000|  6   2  34  45   0  13
 290000 1437000|  4   2  46  48   0   0
 620000  691000|  4   4  45  47   0   0
 575000 1428000|  6   3  32  59   0   0
 261000 4687000|  4   2  24  70   0   0
 738000 9676000| 17  21  31  30   0   1
 288000   24000000| 19  15  38  27   0   0
 410000   31000000| 20  17  37  26   0   1
 213000   40000000| 19  15  28  39   0   0
 926000   40000000| 18  19  21  41   0   1
 927000   40000000|  6   4  29  60   0   1
 746000   40000000|  5   5  44  46   0   0
 225000   40000000| 20   4  22  53   0   1
 208000   40000000| 29   5  22  43   0   1
 495000   40000000|  4   4  45  46   0   0
 565000   40000000|  3   3  34  60   0   0
 242000   40000000|  4   3  22  70   0   1
 364000   40000000|  4   3  46  47   0   0
 472000   40000000|  7   4  45  43   0   0
 784000   40000000| 29   3  45  22   0   1
 673000   40000000|  7   2  45  46   0   0
1137000   36000000|  3   3  60  34   0   0
 983000   36000000|  4   3  65  28   0   1
 711000   40000000|  4   4  52  39   0   0
 858000   40000000|  5   3  61  30   0   0
 977000   40000000|  3   3  47  46   0   0
 428000   40000000|  4   3  47  46   0   0
 528000   40000000|  3   4  44  49   0   0
 689000   40000000| 20   4  45  31   0   0
 570000   40000000| 24   3  44  28   0   1
 572000   40000000|  2   2  46  50   0   0
 662000   40000000| 16   3  46  35   0   0
 911000   40000000| 29   3  37  31   0   0
 861000   40000000|  2   2  48  48   0   0
 959000   36000000|  4   3  30  62   0   1
 958000   35000000|  3   3  23  71   0   0
1083000   40000000| 20   3  23  53   0   1
1071000   40000000|  3   1  23  74   0   0
1200000 2533000|  3   1  23  73   0   0
1242000   14000|  2   2  23  73   0   0
1251000   15000|  2   2  24  73   0   0
1268000   14000|  2   1  24  73   0   0
1268000   14000|  2   2  24  73   0   0
1314000   15000|  2   2  24  73   0   0
1372000   15000|  1   2  24  73   0   0
1575000   17000|  2   2  24  72   0   0
1643000   18000|  2   2  24  72   0   0
2172000   23000|  2   2  24  72   0   0
2469000   27000|  2   2  24  72   0   0
2924000   36000|  1   1  25  73   0   0
1881000   23000|  2   2  24  72   0   0
2600000   28000|  2   2  47  50   0   0
2735000   29000|  1   3  48  49   0   0
1173000   22000|  4   7  35  55   0   0
 569000 7530B|  2   2  48  48   0   0
1788000   20000|  2   2  48  48   0   0
2191000   29000|  3   4  46  47   0   0
1850000   27000|  2   2  45  51   0   0
1554000   17000|  2   2  48  48   0   0
1935000   21000|  2   2  49  48   0   0
1935000   21000|  5   5  48  42   0   0
1947000   21000| 19   7  46  28   0   0
2057000   22000|  3   3  47  47   0   0
1935000   21000|  3   1  48  48   0   0
2012000   22000|  1   2  49  48   0   0
1992000   21000|  2   2  48  48   0   0
2336000   25000|  2   2  48  49   0   0
2174000   22000|  1   1  49  49   0   0
2061000   22000|  2   2  41  55   0   0
 304000   13000|  2   2  22  73   0   0
 408000   13000|  3   3  24  71   0   0
2617000   32000|  2   2  30  67   0   0
1070000   21000|  2   2  23  72   0   0
1985000   36000|  2   3  24  71   0   0
2258000  243000|  2   3  24  71   0   0
3513000  662000|  3   2  23  72   0   0
3337000 1014000|  2   2  42  54   0   0
3568000 2225000|  3   2  39  56   0   0
1225000 3243000|  3   2  35  61   0   0
3769000 6804000|  9   8  27  55   0   0
 997000 9769000| 16  14  25  45   0   0
3814000   17000000| 20  19  26  34   0   0
3852000   23000000| 18  16  41  25   0   0
4474000   37000000| 17  14  27  41   0   1
 546000   40000000| 12  11  28  49   0   0
 404000   40000000|  5   4  15  75   0   1
 289000   40000000|  5   4  20  71   0   0
 921000   40000000|  4   4  37  55   0   0
 327000   40000000|  5   3  23  69   0   0
 168000   40000000|  4   4  25  67   0   0
 189000   40000000|  4   4  23  69   0   0
 210000   40000000|  4   4  23  70   0   0
 239000   40000000|  4   4  23  69   0   0
 279000   40000000|  4   3  22  71   0   0
 402000   40000000|  5   3  23  69   0   0
 329000   40000000|  3   3  23  70   0   0
 660000   40000000|  3   3  23  70   0   0
 434000   40000000|  5   2  23  70   0   0
 574000   40000000|  4   3  23  70   0   0
 800000   40000000|  3   4  23  70   0   0
 555000   40000000|  3   3  24  70   0   0
 536000   40000000|  3   4  23  69   0   0
 534000   40000000|  3   3  23  70   0   0
 544000   40000000|  3   3  24  70   0   0
 552000   40000000|  7   3  23  67   0   0
 550000   40000000| 27   3  22  46   0   1
 563000   40000000|  6   2  22  70   0   0
 568000   40000000| 29   2   0  68   0   1
1020000   40000000| 10   2  17  71   0   0
2095000   16000000|  2   2  24  72   0   0
3603000   37000|  2   2  23  72   0   0
3975000   42000|  2   2  23  73   0   0
1190000   52000|  1   4  14  81   0   0
  55000 6896B|  1   2  49  49   0   0
 249000 3220B|  2   2  48  48   0   0
 768000 8330B|  3   2  48  48   0   0
2369000   29000|  2   2  35  61   0   0
1539000   27000|  3   2  24  71   0   0
2553000   32000|  2   3  32  62   0   0
 971000   29000|  5   7  22  66   0   0
2922000   32000|  3   4  19  74   0   0
2795000   37000|  1   2   0  97   0   0
3073000   35000|  3   2   0  96   0   0
2964000   36000| 16   8  10  66   0   0
2911000   34000|  7   5  28  60   0   0
3003000   38000|  2   2  24  72   0   0
2938000  133000|  4   3  23  70   0   0
3140000  459000|  2   2  22  74   0   0
3293000 1217000|  3   2  24  72   0   0
2413000 2086000|  2   2  15  81   0   0
4318000 4188000|  3   3  16  79   0   0
1187000 7162000|  4   3  24  69   0   0
2151000   13000000|  4   2  12  82   0   0
2898000   20000000|  3   3  16  78   0   0
2922000   31000000|  4   5  24  68   0   0
3910000   40000000|  5   4  23  68   0   0
3397000   40000000|  6   4  13  77   0   0
2288000   40000000|  5   4   0  90   0   0
 918000   40000000|  4   3   0  93   0   0
1549000   40000000|  4   5   0  91   0   0
1364000   40000000|  5   4   0  91   0   0
1936000   40000000|  4   4   0  92   0   0
1583000   40000000|  4   4   0  93   0   0
1498000   40000000|  4   5  10  81   0   0
1025000   40000000|  5   5  23  67   0   0
1160000   40000000|  3   4  36  56   0   0
 400000   40000000|  4   4  23  69   0   0
 691000   40000000|  3   3  23  71   0   0
 722000   40000000|  4   4  22  70   0   0
 877000   40000000|  4   4  23  68   0   0
1677000   40000000|  3   4  23  69   0   0
 863000   40000000|  5   4  23  69   0   0
 483000   40000000|  4   4  24  69   0   0
 579000   40000000|  4   4  24  69   0   0
 952000   40000000|  4   4  23  69   0   0
1099000   40000000|  5   6  12  77   0   1
2107000   40000000|  5   4   0  91   0   0
 936000   40000000|  3   4   0  93   0   0
 386000   40000000|  3   3   0  94   0   0
 363000   40000000|  4   3   0  93   0   0
 193000   40000000|  3   3   0  93   0   0
 346000   40000000|  4   4   0  92   0   0
 418000   40000000|  3   4   8  85   0   0
 497000   40000000| 11   4  46  39   0   1
 354000   40000000| 28   8  41  22   0   2
 171000   40000000| 30  10  37  22   0   1
 167000   40000000| 17  13  47  24   0   0
 167000   40000000| 22  15  46  17   0   1
 194000   40000000| 38  13  44   5   0   1
 180000   40000000| 16  13  46  25   0   0
 246000   40000000|  7   6  64  23   0   0
 382000   40000000|  2   2  72  24   0   0
 446000   34000000|  2   2  72  23   0   0
 462000   34000000|  2   2  72  24   0   0
 447000   37000000| 10   2  65  24   0   0
 385000   14000000|  1   2  72  25   0   0
 420000 4970B|  1   1  73  25   0   0
 427000 4690B|  1   2  73  24   0   0
 686000 7350B|  1   2  73  24   0   0
 874000 9170B|  2   2  73  24   0   0
1332000   14000|  1   2  74  24   0   0
1668000   18000|  1   2  72  25   0   0
2469000   26000|  1   2  73  24   0   0
3270000   33000|  1   2  73  24   0   0
4339000   46000|  2   2  72  25   0   0
5472000   57000|  6   3  57  33   0   1
1273000   23000|  1   2  20  77   0   0
 146000 2830B|  2   3  29  66   0   0
 557000   14000|  2   3  24  71   0   0
1644000   19000|  1   2  24  73   0   0
3715000   43000|  1   2  24  72   0   0
2348000   28000|  1   2  44  54   0   0
3270000   35000|  2   3  45  50   0   0
3527000   37000|  3   4  37  57   0   0
2310000   50000|  3   5  11  81   0   0
2002000   65000|  6   7  19  68   0   0
 848000   33000|  2   2   2  94   0   0
  65000 7990B|  1   3   0  96   0   0
 221000   13000|  1   2   0  96   0   0
 718000   22000|  1   3  21  75   0   0
2038000   28000|  7   6  24  63   0   0
2753000  103000|  2   3   7  88   0   0
3125000  534000|  3   3   3  91   0   0
1567000 1408000|  4   3   7  86   0   0
3245000 2225000|  3   3  17  76   0   0
3294000 4383000|  4   2   0  94   0   0
3036000 7321000|  3   4   0  93   0   0
3154000   14000000| 16   6  13  64   0   0
3131000   22000000| 11  11  28  51   0   0
3193000   34000000|  3   4  22  71   0   0
3157000   40000000|  4   4  23  69   0   0
2827000   40000000|  4   5  23  69   0   0
2385000   40000000|  5   4  23  69   0   0
2008000   40000000|  5   4  40  52   0   0
1433000   40000000|  6   7  34  52   0   0
 262000   40000000|  5   4  33  58   0   0
1419000   40000000|  4   5  13  78   0   0
 406000   40000000|  5   4   0  91   0   0
1291000   40000000|  5   3   7  83   0   1
1659000   40000000|  3   4  23  70   0   0
2332000   40000000|  4   4  23  69   0   0
1347000   40000000|  4   4  22  69   0   0
1511000   40000000|  5   4  23  68   0   0
3130000   40000000|  5   3  24  68   0   0
1951000   40000000|  3   5  23  69   0   0
2085000   40000000|  4   3  23  70   0   0
2632000   40000000|  3   3  23  70   0   1
4315000   40000000|  4   3  35  57   0   0
 361000   40000000|  3   1  47  48   0   0
 424000   17000000|  4   3  24  70   0   0
5451000  394000|  3   2   0  96   0   0
7031000  788000|  3   3   6  88   0   0
6622000 1627000| 13  10  12  65   0   0
1517000 2793000| 18  14   9  58   0   1
3774000 5097000| 18  13   3  66   0   0
4453000 8792000| 17  14   5  63   0   1
5207000   14000000| 19  17   7  58   0   0
6956000   22000000|  9   7   0  83   0   0
  15000000   34000000|  5   4   6  85   0   0
5606000   40000000|  4   4  18  74   0   0
3044000   40000000|  4   3  20  73   0   0
1317000   40000000|  4   4  22  70   0   0
 327000   40000000|  5   4  22  68   0   0
1253000   40000000|  4   5  22  68   0   0
2540000   40000000|  5   4  23  67   0   0
2499000   40000000|  3   3  23  71   0   0
 166000   40000000|  3   2  24  71   0   0
 169000   40000000| 24   5  22  49   0   1
 177000   40000000| 19   2  35  43   0   1
 189000   40000000|  2   2  28  67   0   0
 239000   40000000|  4   4  22  70   0   1
 319000   40000000|  2   3  24  70   0   0
 500000   40000000|  2   4  15  79   0   0
 201000   40000000|  4   4  22  69   0   1
 760000   40000000|  5   4  13  78   0   0
 827000   40000000|  3   4  24  69   0   0
1191000   40000000|  4   4  23  68   0   0
1599000   40000000|  3   2  24  71   0   0
1190000   40000000|  4   4  23  69   0   0
2138000   40000000|  3   3  24  70   0   0
1179000   40000000|  4   5  23  68   0   0
1039000   40000000| 17   4  22  57   0   0
 687000   40000000| 30   7   8  53   0   1
 179000   40000000| 12   2   0  85   0   0
 166000   40000000|  3   3   0  94   0   1
1361000   40000000| 24   3   0  72   0   1
1834000   40000000|  3   2   0  96   0   0
3487000   40000000|  3   2   0  95   0   0
5967000   40000000|  3   4   0  93   0   1
1961000   40000000|  5   3   0  91   0   0
1955000   40000000|  4   2   0  94   0   0
3710000 8699000|  2   4  23  71   0   1
5544000   68000|  2   3  24  72   0   0
5108000   57000| 13   6  22  59   0   1
6418000   66000| 10   7  24  59   0   0
3336000   48000|  1   1  25  73   0   0
4604000   49000|  3   4  24  70   0   0
1366000   56000|  2   3   3  92   0   0
3637000   61000|  2   2   3  94   0   0
4360000   76000|  3   2   5  90   0   0
1973000   71000|  2   4   8  86   0   0
5019000   57000|  1   2   0  97   0   0
5359000   65000|  2   4  17  77   0   0
5031000   58000|  3   4  22  71   0   0
2290000  232000|  3   4  13  79   0   0
1284000 1026000|  3   3   4  90   0   0
3911000 1900000| 14  12   8  66   0   0
5348000 3960000| 16  14   5  65   0   0
3191000 7200000| 25  16   1  57   0   0
6479000   13000000| 18  12  23  45   0   1
6317000   21000000| 16  14  24  46   0   1
6913000   35000000|  6   7  22  65   0   0
7625000   40000000|  5   4  23  67   0   1
1458000   40000000|  5   6  13  76   0   0
1018000   40000000|  5   4  15  77   0   0
1647000   40000000|  5   4  23  68   0   0
2935000   40000000|  5   6  10  78   0   0
 783000   40000000|  5   4  17  74   0   0
3503000   40000000|  4   4  22  70   0   0
4259000   40000000|  4   4  23  69   0   0
2895000   40000000|  4   3  23  70   0   0
1084000   40000000|  4   2  23  70   0   0
 818000   40000000|  4   3  23  70   0   0
1891000   40000000|  4   3  23  70   0   0
1379000   40000000|  5   3  15  77   0   0
3290000   40000000|  3   4   0  93   0   0
1925000   40000000|  4   3   0  93   0   0
1996000   40000000|  4   3   0  93   0   0
2145000   41000000|  5   4   0  91   0   0
 342000   51000000|  4   4   0  92   0   0
 271000   20000000|  4   2   0  94   0   0
 465000   20000000|  4   3   0  94   0   0
 426000   14000000|  3   2   0  95   0   0
1037000   18000000|  2   2   0  96   0   0
1289000   20000000|  2   2   0  96   0   0
1208000   20000000|  1   2   0  96   0   0
 987000   20000000|  1   2   4  93   0   0
 701000   20000000|  2   3  24  71   0   0
1064000   20000000|  3   2  24  72   0   0
 818000   20000000|  2   3  24  72   0   0
1387000   20000000|  2   2  24  72   0   0
1132000   20000000|  2   2  24  72   0   0
1347000   20000000|  2   3  24  72   0   0
1619000   20000000|  2   1  24  73   0   0
1431000   20000000|  2   2  24  73   0   0
1816000   20000000|  2   2  24  72   0   0
2737000   20000000|  2   2  24  72   0   0
1622000   20000000|  2   2  24  72   0   0
 857000   20000000|  1   2  24  73   0   0
 603000   20000000|  1   2  24  72   0   0
 691000   20000000|  2   2  24  72   0   0
1336000   20000000|  2   2  24  72   0   0
1596000   20000000|  2   2  24  72   0   0
1304000   20000000|  1   2  25  72   0   0
1364000   20000000|  3   2   5  90   0   0
 924000   20000000|  2   3   0  95   0   0
1440000   20000000|  2   3   0  94   0   0
1544000   20000000|  4   2   0  95   0   0
 643000   20000000|  3   3   0  94   0   0
  88000   20000000|  4   2   0  94   0   0
 367000   20000000|  3   3   0  95   0   0
 409000   20000000|  3   3   0  94   0   0
 479000   20000000|  3   3   0  95   0   0
  85000   20000000|  3   3   0  94   0   0
 571000   20000000|  3   2   0  96   0   0
 697000   20000000|  3   2   0  95   0   0
 810000   20000000|  3   3   0  94   0   0
 112000   20000000|  3   3   0  94   0   0
 364000   20000000|  4   3  23  71   0   0
  88000   20000000|  3   4  16  78   0   0
 111000   20000000|  4   3   0  94   0   0
 899000   20000000|  4   1  14  81   0   0
  90000   20000000|  3   2  24  71   0   0
1021000   20000000|  4   7  22  68   0   0
  90000   20000000|  2   3  24  71   0   0
1089000   20000000|  4   2  24  70   0   0
  90000   20000000| 25   3   3  69   0   0
1210000   20000000| 28   3   0  69   0   1
  90000   20000000| 29   4   0  66   0   0
1279000   20000000| 26   4   2  67   0   0
  90000   20000000|  1   2  25  72   0   0
1325000   20000000|  2   1  25  72   0   0
  89000   20000000|  2   1  25  72   0   0
1339000   20000000|  2   2  25  72   0   0
  91000   20000000|  2   1  25  72   0   0
1354000   20000000|  1   2  24  72   0   0
1344000   20000000|  2   2  24  72   0   0
  92000   20000000|  1   2  24  73   0   0
1432000   20000000|  1   3  24  73   0   0
 206000   20000000| 13   2  13  72   0   0
1404000   20000000| 27   2   0  70   0   1
1671000   20000000| 27   2   0  70   0   0
  85000   20000000| 27   1   0  71   0   0
1663000   20000000| 19   2   8  71   0   1
  85000   20000000|  1   3  25  71   0   0
 275000   20000000|  2   2  24  72   0   0
 166000   20000000|  2   3  24  72   0   0
  94000   20000000|  2   2  24  72   0   0
1518000   20000000|  3   2  24  71   0   0
  90000   20000000|  3   3  23  71   0   0
1828000   20000000|  3   2  24  71   0   0
2017000   20000000|  3   1  24  71   0   0
  96000   20000000|  4   5  23  67   0   0
2059000   20000000|  3   3  24  70   0   0
2285000   20000000|  3   3  24  71   0   0
  86000   20000000|  3   2  24  71   0   0
2513000   20000000|  3   2  24  71   0   0
2749000   20000000| 16   6  24  55   0   0
 105000   20000000| 38   9  22  30   0   1
1354000   20000000| 28   2   3  66   0   1
 102000   20000000| 27   1   0  71   0   0
 626000   20000000| 26   2   0  72   0   0
 669000   20000000|  1   1   0  98   0   0
2745000   18000000|  2   1   0  97   0   0
1977000 2473000|  2   1   0  97   0   0
3021000  884000|  2   2   0  96   0   0
1735000 4932000|  2   2   0  96   0   0
2567000   13000000|  1   1   0  98   0   0
2403000   16000000|  2   4  13  81   0   0
2163000   19000000|  2   3  13  82   0   0
1252000   20000000|  5   3  10  82   0   0
2065000   20000000| 21   3   0  75   0   0
 838000   20000000| 27   2   0  71   0   0
 532000   20000000| 21   3   8  69   0   0
 684000   20000000|  1   2  21  76   0   0
1016000   20000000|  2   1  25  73   0   0
1984000   11000000|  2   3  24  71   0   0
2070000   14000000|  2   2  22  74   0   0
2057000   17000000|  2   2   9  87   0   0
 706000   20000000|  4   1   0  95   0   0
1149000   20000000| 26   2   0  72   0   1
1237000   20000000| 21   3  22  53   0   1
1124000   20000000|  1   2  30  67   0   0
 996000   14000000|  2   2  19  77   0   0
1839000   71000|  2   3   0  95   0   0
1312000   32000|  1   1   0  98   0   0
1318000   16000|  1   2   0  98   0   0
1409000   22000|  1   1  20  77   0   0
1512000   25000|  1   1   4  95   0   0
1475000   20000|  1   1   0  98   0   0
1559000  132000|  2   1   0  97   0   0
 872000  553000|  2   1   0  97   0   0
 938000  920000|  2   1   0  97   0   0
 634000 2031000|  1   1   0  97   0   0
 796000 3303000|  1   2   0  98   0   0
 752000 6833000|  2   1   0  97   0   0
 574000   10000000|  2   2   0  96   0   0
 752000   17000000|  2   1   0  96   0   0
 526000   20000000|  3   2   0  96   0   0
 408000   20000000|  2   2   0  96   0   0
 432000   20000000|  2   2   0  95   0   0
 429000   20000000|  2   1   0  97   0   0
 340000   20000000|  2   2   0  96   0   0
 359000   20000000|  2   1   0  97   0   0
 338000   20000000|  1   2   0  97   0   0
 344000   20000000|  1   2   2  95   0   0
 309000   20000000|  2   2  24  73   0   0
 329000   20000000|  2   2  24  73   0   0
 474000   20000000|  2   1  24  73   0   0
 295000   20000000|  1   2  24  73   0   0
 532000   20000000|  1   2  24  73   0   0
 560000   20000000|  2   1  24  73   0   0
 473000   20000000|  1   2  23  74   0   0
 517000   20000000|  2   2  24  73   0   0
 671000   20000000|  2   2  35  62   0   0
 788000   20000000|  2   2  48  48   0   0
 717000   20000000|  2   2  57  40   0   0
 627000   20000000|  2   3  44  52   0   0
 127000   20000000|  2   3  24  72   0   0
 760000   20000000|  1   2  24  73   0   0
 853000   20000000|  1   2  24  73   0   0
 568000   20000000|  2   2  24  71   0   1
  85000   20000000|  2   2  24  72   0   0
  85000   20000000|  2   2  24  72   0   0
  92000   20000000|  2   2  24  72   0   0
  96000   20000000|  1   2  24  73   0   0
 102000   20000000|  2   2   6  90   0   0
  90000   20000000|  3   2   0  95   0   0
 100000   20000000|  1   2   0  97   0   0
 111000   20000000|  2   3   0  95   0   0
  87000   20000000|  2   3   0  96   0   0
 108000   20000000|  2   2   0  97   0   0
 123000   20000000|  2   3   0  96   0   0
  88000   20000000|  2   2   0  96   0   0
 127000   20000000|  2   2   0  96   0   0
  87000   20000000|  3   2   0  96   0   0
 139000   20000000|  2   2   0  96   0   0
  87000   20000000|  2   2   2  94   0   0
 148000   20000000|  2   1  24  72   0   0
  91000   20000000|  2   2  24  72   0   0
 161000   20000000|  2   2  24  72   0   0
  89000   20000000|  2   1  24  73   0   0
 172000   20000000|  5   2   0  93   0   0
  89000   20000000| 26   2   0  71   0   1
 199000   20000000| 26   3  19  51   0   1
  89000   20000000| 26   1  24  48   0   0
 230000   20000000| 26   2  24  47   0   1
  87000   20000000| 26   1  25  48   0   1
  96000   20000000| 26   1  25  48   0   0
 259000   20000000| 25   1  24  49   0   1
 292000   20000000|  1   2  24  73   0   0
  91000   18000000|  1   3  16  80   0   0
1352000   42000|  8  11   0  81   0   0
1413000  122000| 17  18   0  65   0   1
2969000   48000| 14  12   0  73   0   0
1726000   31000| 16  14  12  58   0   0
2579000   36000| 14  13   0  73   0   0
2732000   28000| 13   8   0  79   0   0
3394000   81000|  2   2   0  96   0   0
2690000  551000|  2   3   0  95   0   0
1225000 1062000|  2   1  24  73   0   0
 948000 2002000|  2   2  24  73   0   0
1746000 3681000|  2   2  12  84   0   0
 999000 7229000|  2   2   0  96   0   0
1526000   12000000|  2   2   0  96   0   0
1544000   19000000|  2   2   0  96   0   0
1290000   20000000|  2   2   0  96   0   0
1208000   20000000|  2   1   0  97   0   0
 953000   20000000|  3   1   0  97   0   0
 982000   20000000|  2   2   0  96   0   0
 752000   20000000|  2   2   0  96   0   0
 948000   20000000|  3   2   0  96   0   0
 778000   20000000|  2   2   0  96   0   0
 796000   20000000|  2   2   0  96   0   0
 686000   20000000|  2   2   0  97   0   0
 997000   20000000|  2   2   0  96   0   0
1047000   20000000|  3   2   0  96   0   0
1099000   20000000|  2   2   0  96   0   0
 908000   20000000|  2   2   0  97   0   0
1721000   20000000|  2   2   0  96   0   0
1451000   20000000|  2   2   0  96   0   0
1455000   20000000|  2   1   0  97   0   0
1503000   20000000|  1   2   0  97   0   0
1669000   20000000|  2   3   0  96   0   0
1881000   20000000|  1   2  42  54   0   0
1606000   20000000|  2   3   7  88   0   0
 196000   20000000|  2   2   0  96   0   0
  85000   20000000|  2   2   0  95   0   0
  87000   20000000|  2   2   0  96   0   0
 196000   20000000|  2   2   0  96   0   0
  86000   20000000|  2   2   0  96   0   0
 423000   20000000|  2   2   0  96   0   0
  86000   20000000|  2   2   9  87   0   0
 939000   20000000|  2   2  24  72   0   0
 540000   20000000|  2   3  47  48   0   0
  90000   20000000|  2   1  47  49   0   0
  87000   20000000|  3   3  47  48   0   0
 616000   20000000|  1   2   6  90   0   0
  85000   20000000|  2   2   0  96   0   0
 688000   20000000|  2   2   0  96   0   0
 816000   20000000|  1   3   0  96   0   0
  90000   20000000|  2   1   0  97   0   0
 124000   20000000|  1   3  18  78   0   0
  92000   20000000|  2   1  24  73   0   0
 449000   20000000|  1   2  24  72   0   0
  90000   20000000|  1   1  24  74   0   0
 894000   20000000|  2   1  24  73   0   0
  91000   20000000|  2   1  24  73   0   0
 683000   20000000|  1   1  25  73   0   0
  90000   20000000|  2   2  24  72   0   0
 270000   20000000|  1   1  25  73   0   0
  93000   20000000|  1   2  25  72   0   0
 125000   20000000|  1   3  10  86   0   1
  97000   20000000|  2   3   0  96   0   0
  87000   20000000|  2   1   0  97   0   0
 142000   20000000|  1   2   0  97   0   0
  87000   20000000|  2   1   0  97   0   0
 195000   20000000|  2   3   0  95   0   0
  96000   20000000|  2   2   0  97   0   0
  90000   20000000|  1   2   7  90   0   0
 235000   20000000|  3   2  24  71   0   0
  87000   20000000|  2   1  24  72   0   0
 250000   20000000|  2   2  24  71   0   0
 110000   20000000|  2   2  24  72   0   0
  85000   20000000|  1   2  24  72   0   0
 274000   20000000|  2   2  22  73   0   0
 156000   20000000|  1   2  25  73   0   0
 137000   20000000|  1   3  24  72   0   0
 356000   20000000|  2   2  24  72   0   0
1159000   15000000|  3   1  14  70   0  12
 550000 1319000|  2   1  21  72   0   4
  42000 1083000| 14   2  24  60   0   0
 186000 7127000| 27   2  24  47   0   1
 267000   19000000| 21   2  24  52   0   1
 102000   20000000|  1   2  24  73   0   0
 114000   20000000|  2   2  24  72   0   0
 128000   20000000|  1   1  24  74   0   0
 160000   20000000|  1   2  24  73   0   0
 148000   20000000|  1   3  24  73   0   0
 137000   20000000|  1   1  24  74   0   0
 214000   20000000|  5   2  24  69   0   0
 469000   20000000| 26   3  18  53   0   1
 636000   20000000| 26   1  10  62   0   1
 734000   20000000| 23   2  24  50   0   1
 744000   20000000|  1   2  25  73   0   0
 798000   20000000|  1   1  25  73   0   0
 815000   20000000| 11   3  24  63   0   0
1567000   20000000| 25   2  24  48   0   0
1204000   20000000| 13   1  25  61   0   1
 412000   20000000|  1   1  22  76   0   0
1030000 9153000|  1   1  25  74   0   0
1444000   24000|  2   5  19  73   0   0
1584000   44000|  2   3  24  71   0   0
 946000   34000|  2   2  13  84   0   0
1160000   17000|  1   1   0  98   0   0
1202000   14000|  1   1   0  99   0   0
1326000   16000|  1   2   0  97   0   0
1315000   24000|  1   2  21  76   0   0
 903000   14000|  1   1  25  74   0   0
1038000   12000|  0   1  24  74   0   0
1135000   12000|  1   1  24  74   0   0
1303000   15000|  1   1   9  89   0   0
1232000   14000|  1   1   0  99   0   0
1268000   13000| 17   9   4  70   0   0
1335000   18000|  5   2  46  46   0   0
1335000   14000|  0   1  49  49   0   0
1468000   16000|  1   1  49  50   0   0
1414000   15000|  1   1  48  51   0   0
1123000   16000|  1   1  49  49   0   0
1135000   12000|  1   1  49  49   0   0
1335000   14000|  1   1  49  49   0   0
1035000   13000|  1   1  49  49   0   0
1101000   13000|  1   1  49  49   0   0
 689000   11000|  1   0  49  50   0   0
 849000 9520B|  1   1  49  49   0   0
 930000   11000|  0   1  49  50   0   0
 872000 9520B|  1   1  49  49   0   0
 696000   10000|  1   1  49  50   0   0
 462000 5110B|  1   1  49  49   0   0
 616000 7000B|  1   1  42  57   0   0
 600000   34000|  1   1  24  74   0   0
 590000 6790B|  1   1  24  74   0   0
 613000 7280B|  1   1  24  74   0   0
 590000 6720B|  0   1  25  74   0   0
 811000 9520B|  0   1  25  74   0   0
 734000 8400B|  1   1  25  74   0   0
1001000   11000|  0   2  24  74   0   0
1201000   13000|  0   1  25  74   0   0
1668000   17000|  1   1  24  74   0   0
2069000   22000|  0   1  24  74   0   0
2936000   31000|  1   1  24  74   0   0
3015000   37000|  3   4  21  72   0   0
 838000   56000| 17  14   2  67   0   0
 415000   79000| 17  13   0  70   0   0
 416000   13000| 17  13   0  70   0   0
 907000   16000| 16  11   0  73   0   0
 887000   24000| 12  10   0  77   0   0
 949000   10000|  0   1   0  99   0   0
 928000   12000|  2   3  28  66   0   0
 947000  612000|  1   1   0  98   0   0
 861000 1302000|  3   2   1  95   0   0
1203000 2245000|  2   1   0  97   0   0
1112000 4350000|  1   1   0  98   0   0
1274000 7915000|  1   1   0  98   0   0
1560000   14000000|  1   2   0  97   0   0
1754000   19000000|  2   2   0  97   0   0
2043000   20000000|  1   2   0  97   0   0
1976000   20000000|  1   2   0  96   0   0
2201000   20000000|  1   2   0  97   0   0
2268000   20000000|  1   2  33  63   0   0
1235000   20000000|  1   2   2  95   0   0
1737000   20000000|  1   3   0  96   0   0
 667000   20000000|  2   3   0  96   0   0
 983000   20000000|  2   3   0  95   0   0
 735000   20000000|  2   2   0  95   0   0
1056000   20000000|  2   3   0  95   0   0
 183000   20000000|  2   2   0  96   0   0
 109000   20000000|  2   3   0  95   0   0
 112000   20000000|  3   2   0  95   0   0
 111000   20000000|  3   2   5  90   0   0
 127000   20000000|  2   2  25  71   0   0
 182000   20000000|  3   2  24  71   0   0
 170000   20000000|  2   3   9  86   0   0
 172000   20000000|  3   8   1  88   0   0
 154000   20000000|  2   2   0  95   0   0
  94000   20000000|  2   3   0  95   0   0
  83000   20000000|  2   2   0  96   0   0
 148000   20000000|  2   2   5  91   0   0
 164000   20000000|  2   2  24  72   0   0
 189000   20000000|  3   3  24  70   0   0
 221000   20000000|  3   3  23  72   0   0
  83000   20000000|  2   2  24  72   0   0
 246000   20000000|  2   2  21  74   0   0
 168000   20000000|  2   2   0  96   0   0
 236000   20000000|  3   2   0  95   0   0
  91000   20000000|  3   3   0  95   0   0
 258000   20000000|  2   2   0  97   0   0
 259000   20000000|  2   2   0  96   0   0
 106000   20000000|  2   2   0  96   0   0
 299000   20000000|  2   2   0  96   0   0
  84000   20000000|  2   3   0  95   0   0
 326000   20000000|  2   2   0  96   0   0
 246000   20000000|  2   3   0  95   0   0
 186000   20000000|  2   3   0  95   0   0
 269000   20000000|  2   3   0  95   0   0
 147000   20000000|  2   1   0  98   0   0
 340000   20000000|  3   3   0  94   0   0
 152000   20000000|  2   2   0  97   0   0
 376000   20000000|  3   3   0  95   0   0
 152000   20000000|  2   2   0  96   0   0
 412000   20000000|  2   2   0  96   0   0
 152000   20000000|  2   2   0  95   0   0
 409000   20000000|  2   2   0  96   0   0
 198000   20000000|  1   2   0  98   0   0
  86000   20000000|  2   3   0  94   0   0
 595000   20000000|  2   1   0  97   0   0
  87000   20000000|  2   2   0  95   0   0
 586000   20000000|  2   3   0  95   0   0
 159000   20000000|  2   2   0  96   0   0
  88000   20000000|  2   3   0  95   0   0
 734000   20000000|  2   2   0  95   0   0
 128000   20000000|  2   1   0  97   0   0
 739000   20000000|  2   1   0  97   0   0
1843000   17000000|  1   2   0  96   0   0
3170000  379000|  2   2   0  97   0   0
3146000 2042000|  3   3   0  94   0   0
4474000   10000000|  2   1   0  96   0   0
1624000   19000000|  2   1   0  97   0   0
 750000   19000000|  2   1   0  96   0   0
 333000 5114000|  2   2   0  96   0   0
 100000 1592000|  2   3   0  95   0   0
 478000 7162000|  2   2   0  96   0   0
1017000   10000000|  5   4   6  84   0   0
2262000   14000000| 15  12   0  73   0   0
4486000   19000000| 16  13   0  71   0   1
4509000   20000000| 16  12   0  72   0   0
2731000   20000000| 14  13   0  73   0   0
1778000   20000000| 13  12   0  75   0   0
2220000   20000000|  1   1   0  98   0   0
2228000   20000000|  2   3   0  95   0   0
2005000   20000000|  1   2   0  97   0   0
1874000   20000000|  2   2   0  96   0   0
1929000   20000000|  1   2   0  97   0   0
1754000   20000000|  1   1   0  97   0   0
1940000   20000000|  2   3   0  96   0   0
 871000   20000000|  1   2   0  96   0   0
 304000   20000000|  2   3   0  95   0   0
1045000   20000000|  2   2   0  96   0   0
1988000   20000000|  2   2   0  96   0   0
1048000   20000000|  2   2   0  96   0   0
1074000   20000000|  3   1   0  96   0   0
1130000   20000000|  2   2   0  96   0   0
1172000   20000000|  5   3   3  89   0   0
1024000   20000000| 28   3  20  49   0   0
1230000   20000000| 26   2   0  71   0   1
1364000   20000000| 27   2   0  70   0   1
1506000   20000000| 27   2   0  71   0   0
1660000   20000000|  2   3   0  95   0   1
1828000   20000000|  1   2   0  96   0   0
  82000   20000000|  1   1   0  98   0   0
1998000   20000000|  3   2   0  94   0   0
 614000   20000000| 26   1   0  73   0   0
 623000   20000000| 26   2   0  72   0   0
 748000   20000000| 26   2   0  71   0   1
1377000   20000000| 16   2   0  83   0   0
1691000   20000000|  1   1   0  98   0   0
1421000   20000000|  1   2   0  96   0   0
 721000   20000000|  1   1   0  97   0   0
2417000   20000000|  1   1   0  98   0   0
1359000   20000000| 14   8   0  77   0   0
1004000   20000000|  7   6   0  88   0   0
3686000   20000000|  1   2   0  96   0   0
4611000   20000000|  1   2   0  97   0   0
3815000   20000000|  1   2   0  97   0   0
3461000   20000000|  1   2   0  97   0   0
 441000   20000000| 26   5   0  67   0   1
1495000   20000000| 36   4   0  59   0   1
 807000   20000000| 45   3   0  51   0   1
 822000   20000000| 26   1   0  73   0   0
1133000   15000000| 29   7   0  63   0   0
5093000 1543000| 27   3   5  66   0   0
5017000 1688000| 26   2   2  71   0   0
3177000 2641000|  1   1   0  98   0   0
5333000 2681000|  1   1   0  98   0   0
3172000 4030000|  0   1   0  99   0   0
3755000 4640000|  1   1   0  99   0   0
4363000 6120000|  1   1   0  99   0   0
1932000 7563000|  1   1   6  93   0   0
3218000 7104000|  1   1  21  77   0   0
3391000   64000|  1   2  15  82   0   0
3525000   66000|  2   2  23  73   0   0
3505000   67000|  1   1   5  93   0   0
3333000  100000|  2   3   0  95   0   0
3583000   41000|  0   1   0  99   0   0
2510000   33000|  0   1   0  99   0   0
2330000   30000|  2   2   0  96   0   0
1879000   72000|  2   1   0  97   0   0
1730000   94000|  6   7   0  87   0   0
1927000   23000| 15  12   0  73   0   0
2095000   24000| 15  14   3  69   0   1
2390000   49000| 14  12  24  50   0   0
2246000   25000| 15  13  24  47   0   0
2362000  337000| 10   7  24  59   0   0
2237000  668000|  1   1  25  73   0   0
2379000 1414000| 15   6  25  54   0   0
2215000 2397000|  8   5  11  76   0   0
2395000 4864000|  2   2   0  97   0   0
1266000 6424000|  2   2   0  97   0   0
1841000 9733000|  1   1   0  98   0   0
1983000   13000000|  2   1   0  97   0   0
2375000   20000000|  2   2   0  96   0   0
2261000   27000000|  2   2   0  97   0   0
2333000   38000000|  2   2   0  96   0   0
2119000   40000000|  2   2   0  96   0   0
2286000   38000000|  1   3   0  96   0   0
2335000   37000000|  2   3   0  95   0   0
1930000   37000000|  4   3   0  93   0   0
1973000   37000000|  5   8   2  85   0   0
2533000   37000000|  2   3   0  95   0   0
2723000   37000000|  2   1   0  97   0   0
3102000   37000000|  2   2   0  96   0   0
3510000   38000000|  2   2   0  96   0   0
4031000   38000000|  2   2   0  96   0   0
4839000   39000000|  2   2   0  96   0   0
5795000   40000000|  2   3   2  93   0   0
2939000   32000000|  8   4   6  82   0   0
 447000   32000000|  3   3   0  94   0   0
1285000   11000000| 15  14   0  71   0   1
 994000   12000000| 15  13   0  72   0   0
1328000   14000000| 15  13   0  73   0   0
1255000   17000000| 16  12   0  72   0   0
1258000   19000000| 14  11   0  74   0   0
1425000   23000000|  2   3  11  83   0   0
1257000   26000000|  1   1  24  74   0   0
1371000   30000000|  1   1  24  73   0   0
1437000   34000000|  1   4  21  74   0   0
1297000   38000000|  2   2   0  96   0   0
1686000   36000000|  1   2   0  97   0   0
1992000   34000000|  2   1   0  97   0   0
2285000   34000000|  1   1   0  98   0   0
2681000   34000000|  1   1   0  97   0   0
3488000   34000000|  1   1   0  97   0   0
2682000   34000000|  1   1   0  97   0   0
1488000   36000000|  6   2   0  93   0   0
2894000   18000000|  1   0   0  99   0   0
3603000   38000|  1   0   0  99   0   0
3803000   39000|  1   1   0  99   0   0
4136000   42000|  0   1   0  99   0   0
4037000   56000|  1   1   0  99   0   0
4031000  108000|  1   2   2  95   0   1
4228000   91000|  2   4   1  92   0   0
4558000   72000|  1   1  14  84   0   0
4740000   53000| 14   7   4  74   0   0
4200000   44000|  6   3  19  72   0   0
4603000   48000|  1   1  25  74   0   0
2535000   35000|  1   0  25  74   0   0
3070000   32000|  1   1  25  74   0   0
3244000   86000|  2   2   7  90   0   0
2984000   87000|  1   1  15  84   0   0
2896000  117000|  2   1   3  95   0   0
3023000   95000|  1   1   0  98   0   0
3508000   44000|  1   1   0  98   0   0
3909000   52000|  0   1   0  99   0   0
3449000   49000|  2   1   0  97   0   0
2907000  340000|  2   1   0  97   0   0
2309000  843000|  1   1   0  98   0   0
2899000 1698000|  2   2   3  94   0   0
2830000 2934000|  2   1   6  91   0   0
3054000 5805000|  1   1   0  98   0   0
3088000 9790000|  2   1   0  97   0   0
2955000   16000000|  1   1   0  97   0   0
3072000   25000000|  2   1   0  98   0   0
2930000   37000000|  2   2   0  96   0   0
2491000   40000000|  3   1   0  96   0   0
2443000   40000000|  3   4   0  93   0   0
1647000   40000000|  2   2   0  97   0   0
2081000   40000000|  2   2   0  96   0   0
2270000   40000000|  2   3   0  95   0   0
 904000   40000000|  2   2   0  97   0   0
 616000   40000000|  2   2   0  97   0   0
 864000   40000000|  2   2   0  95   0   0
1167000   40000000|  3   2   0  95   0   0
1314000   40000000|  2   2   2  94   0   0
 989000   40000000|  2   2   0  96   0   0
1313000   40000000|  2   1   0  97   0   0
 918000   40000000|  3   3   0  94   0   0
 667000   40000000|  2   3   0  95   0   0
 307000   40000000|  2   2   0  97   0   0
 876000   40000000|  3   2   0  95   0   0
 900000   40000000|  2   2   0  96   0   0
1645000   40000000|  2   1   0  97   0   0
 924000   40000000|  3   2   0  96   0   0
 942000   40000000|  2   2   0  96   0   0
 976000   40000000|  2   2   0  96   0   0
1014000   40000000|  2   2   0  96   0   0
1009000   40000000|  2   1   0  97   0   0
 236000   40000000|  2   2   0  96   0   0
1165000   40000000|  2   2   0  96   0   0
1284000   40000000|  3   1   0  96   0   0
1390000   40000000|  2   2  24  72   0   0
1553000   40000000| 18   3  24  54   0   1
 159000   40000000| 24   3  14  58   0   1
1776000   40000000| 25   1   0  73   0   1
4258000   32000000| 24   3   0  71   0   2
 819000   51000| 25   1   0  74   0   0
 248000  178000| 26   0   0  74   0   0
 114000  630000| 26   1   0  73   0   0
  75000  889000|  5   1   0  94   0   0
  71000 1446000|  0   1   0  99   0   0
 100000 2744000|  0   1   0  99   0   0
 113000 3382000|  1   0   0  99   0   0
  76000 5383000|  0   1   0  99   0   0
  71000 5328000|  1   0   0  99   0   0
  47000  663000|  1   0   0  99   0   0
  52000  866000|  0   0   0  99   0   0
  53000  943000|  1   1   0  99   0   0
  47000 1014000|  1   0   0  99   0   0
  43000 1310000|  1   0   0  99   0   0
  40000 1733000|  1   1   0  99   0   0
  43000 2707000|  0   1   0  99   0   0
  45000 3652000|  0   0   0  99   0   0
  59000 6447000|  1   1   0  99   0   0
  67000 9017000|  0   0   0  99   0   0
  81000   14000000|  1   1   0  99   0   0
  99000   21000000|  0   1   0  98   0   0
 130000   31000000|  1   1   0  99   0   0
 148000   40000000|  1   1   0  98   0   0
 165000   40000000|  1   1   0  98   0   0
 157000   40000000| 23   1   0  75   0   1
 168000   40000000| 27   1   0  72   0   0
 103000   18000000| 25   0   0  75   0   0
  41000 6405000| 25   0   0  75   0   0
  49000 7939000| 25   0   0  75   0   0
  54000   10000000| 22   1   0  77   0   0
  66000   12000000|  0   0   0 100   0   0
  79000   16000000|  0   0   0 100   0   0
  54000 6945000|  0   0   0 100   0   0
  17000  902B|  0   0   0 100   0   0
  17000  902B|  0   0   0 100   0   0
  17000  902B|  0   0   0 100   0   0
  18000  902B|  0   0   0 100   0   0
  18000  984B|  0   0   0 100   0   0
  15000  820B|  0   0   0 100   0   0
  18000  984B|  0   0   0 100   0   0
  16000  820B|  0   0   0 100   0   0
  18000  984B|  0   0   0 100   0   0
  17000  796B|  0   0   0 100   0   0
  79000 1330B|  0   0   0 100   0   0
 185000 2100B|  0   0   0 100   0   0
 601000 6090B|  0   0   0 100   0   0
1428000   14000|  0   0   0 100   0   0
5092000   50000|  3   1   7  89   0   0
3737000   83000| 18  12  11  59   0   1
8344000  124000|  2   2   4  93   0   1
5682000   73000|  0   0   0  99   0   0
6417000   70000|  0   1   0  99   0   0
3846000   47000|  1   1   0  98   0   0
4521000   73000|  2   4   5  89   0   0
2834000  103000|  4   7   3  86   0   0
5077000   82000|  0   1   0  99   0   0
3191000   64000|  4   5   6  85   0   0
2647000   60000|  7   7   6  80   0   0
2591000  120000| 15  15   0  70   0   0
3394000   68000| 16  14   2  69   0   0
4319000  142000| 16  11   0  73   0   0
3908000  398000| 17  14   0  69   0   0
3565000  501000| 12  10   0  78   0   0
2200000 1079000|  2   1   4  93   0   0
2617000 1986000|  3   2  15  80   0   0
1456000 3455000|  2   3   0  95   0   0
2723000 5398000|  2   2   0  97   0   0
2559000 8971000|  2   1   0  97   0   0
2305000   13000000|  2   2   0  96   0   0
2917000   20000000|  1   1   0  98   0   0
3095000   30000000|  2   1   0  98   0   0
2862000   39000000|  2   1   0  97   0   0
2742000   35000000|  2   1   0  98   0   0
2812000   34000000|  1   1   0  98   0   0
2794000   34000000|  1   1   0  97   0   0
2877000   34000000|  1   2   8  89   0   0
 311000   34000000|  1   1  25  73   0   0
 150000   34000000|  1   1  24  73   0   0
 148000   34000000|  1   1  25  73   0   0
 154000   34000000|  2   1  23  75   0   0
 184000   34000000|  2   1   0  97   0   0
 342000   34000000|  1   1   0  97   0   0
 801000   34000000|  1   2   0  98   0   0
1815000   31000000|  1   1   0  99   0   0
2365000   15000000| 17   3   0  79   0   0
5254000   18000000|  0   0   0  99   0   0
8173000   82000|  0   1   0  99   0   0
9666000  178000|  1   1   0  97   0   0
8291000  118000|  2   3   5  90   0   0
6787000  154000|  7   9  14  70   0   1
6730000  159000| 16  12   1  70   0   0
8541000  167000| 16  13   6  63   0   0
  14000000  146000| 31  19   0  49   0   1
  13000000  149000| 17  16   0  66   0   0
2244000  146000|  8   7   0  85   0   0
9252000   97000|  1   2   0  97   0   0
9042000  338000|  1   2   5  92   0   0
  13000000  629000|  1   1   1  97   0   0
  11000000  983000|  1   2  12  85   0   0
  11000000 1976000|  1   1   0  98   0   0
  10000000 3078000|  2   2   0  96   0   0
1740000 5848000|  1   1   0  98   0   0
2524000 8910000|  2   2   4  93   0   0
4591000   15000000|  8   6   4  81   0   0
4095000   21000000|  2   2  19  78   0   0
5299000   34000000|  1   3   0  96   0   0
4817000   40000000|  3   4   0  93   0   1
3668000   40000000|  2   2   0  96   0   0
4786000   40000000|  2   3  19  76   0   0
3770000   40000000|  2   2  24  73   0   0
3705000   40000000|  2   2  24  72   0   0
2870000   40000000| 16  10   5  69   0   0
2625000   40000000|  5   5  20  70   0   0
2661000   40000000|  2   2  25  72   0   0
2598000   40000000|  2   1  24  73   0   0
2650000   40000000|  2   2  24  72   0   0
2572000   40000000|  2   1  24  72   0   0
1795000   40000000|  1   2  23  74   0   0
2539000   40000000|  2   3  26  69   0   0
1367000   40000000|  2   1  30  67   0   0
1529000   40000000|  4   4   0  92   0   0
1594000   40000000|  1   2   0  97   0   0
 990000   40000000|  2   1   0  97   0   0
 687000   40000000|  1   1   0  98   0   0
1687000   40000000| 11   3   0  85   0   1
2296000   40000000|  4   2   0  94   0   0
1488000   40000000|  2   3   0  95   0   0
 660000   40000000|  1   1   0  98   0   0
1374000   40000000|  1   2   0  98   0   0
1700000   40000000|  1   2   0  96   0   0
3593000   32000000|  0   1   0  99   0   0
5217000   53000|  1   1   0  99   0   0
4643000 1262000|  2   2   1  95   0   0
3334000 9750000|  1   2  17  79   0   0
4913000   12000000|  1   0  25  75   0   0
5673000 8773000|  1   1   8  90   0   0
4921000   54000|  2   3   0  96   0   0
5380000   77000|  1   1   0  98   0   0
5219000   65000|  2   2   5  92   0   0
4724000   94000|  3   4   1  93   0   0
2046000  115000|  1   1   0  98   0   0
3164000   53000|  1   1   0  97   0   0
3076000   37000|  1   1   0  98   0   0
3619000  127000|  1   0   0  99   0   0
3223000   35000|  0   0   0 100   0   0
3668000   39000|  1   0   0  99   0   0
3338000   35000|  0   1   0  99   0   0
3536000   39000|  1   1   0  98   0   0
3478000  506000|  1   1   3  96   0   0
1013000 1092000|  0   1  22  77   0   0
2465000 2228000|  1   0   4  95   0   0
3514000 3838000|  2   2  18  79   0   0
4503000 7433000|  1   1  25  74   0   0
3750000   10000000|  1   1  25  74   0   0
2666000   16000000|  1   1  24  74   0   0
3475000   24000000|  2   1   5  92   0   0
4290000   33000000|  2   2   3  94   0   0
3947000   39000000|  1   1   0  97   0   0
4204000   39000000|  2   2   0  96   0   0
4103000   39000000|  2   3   1  95   0   0
 988000   40000000|  2   2   5  91   0   0
1132000   40000000|  3   5   0  92   0   1
2502000   40000000|  3   2   0  95   0   0
3049000   40000000| 10  11   2  78   0   0
 915000   40000000| 17  15   0  68   0   0
3258000   40000000| 18  13   0  69   0   0
2244000   40000000| 15  16   0  69   0   0
1618000   40000000| 16  15   0  70   0   0
 904000   40000000|  8   6   0  85   0   1
2406000   40000000|  1   1   0  97   0   0
3307000   40000000|  6   7   0  86   0   1
2925000   40000000|  3   1   0  96   0   0
1633000   39000000| 18   3   0  78   0   1
3104000   37000000|  1   1   0  99   0   0
4352000   21000000|  1   1   1  98   0   0
4982000   25000000|  1   1   6  93   0   0
4189000   28000000|  2   2   8  87   0   1
3047000   32000000|  2   1   1  96   0   0
4294000   36000000|  5   6   2  88   0   0
2203000   40000000|  2   2   0  96   0   0
5012000   40000000|  2   1  23  74   0   0
7145000   40000000|  2   2  22  75   0   0
  11000000   40000000|  2   3   1  95   0   0
1884000   40000000|  2   2   1  95   0   0
 981000   40000000|  2   3   1  94   0   0
1724000   40000000|  2   1   0  97   0   0
 508000   40000000|  1   1   0  98   0   0
1095000   40000000|  2   2  21  75   0   0
1250000   40000000|  1   1  24  74   0   0
1900000   40000000|  1   1  24  73   0   0
3905000   40000000| 11   2  14  73   0   0
4748000   40000000|  5   2  24  69   0   0
3568000   39000000|  0   1  25  74   0   0
  16000   36000000|  0   1  15  84   0   0
 211000   23000000|  0   1   0  99   0   0
3137B 8396000|  0   1   0  99   0   0
  78000  508000|  0   0   0 100   0   0
 341000 7646000|  0   0   0 100   0   0
 985000   54000|  0   0   0 100   0   0
2553000  142000|  0   0   0 100   0   0
8910000  398000|  1   1   4  95   0   0
6805000  577000|  2   2   3  94   0   0
4427000 1074000|  1   0   0  99   0   0
 244000 1673000|  1   0   0  99   0   0
 746000 3148000|  0   1   0  99   0   0
2222000 4960000|  1   0   0  99   0   0
6705000 8673000|  9   5   0  86   0   0
9119000   14000000| 12   7   0  81   0   0
7587000   24000000|  1   1   0  98   0   0
1853000   26000000|  0   0   0  99   0   0
9168000 1278000| 12   1   0  87   0   0
6449000   10000000| 27   2   8  63   0   0
2571000   16000000|  5   2   0  94   0   0
 194000   14000000|  1   1  14  85   0   0
 412000 8632B|  1   1  12  86   0   0
1220000   17000|  3   4   0  93   0   0
2472000   31000|  1   2   2  95   0   0
2238000   37000|  1   1   0  99   0   0
2106000   29000|  1   1  18  80   0   0
2309000   40000| 12  12   0  76   0   0
1399000   16000| 15  11   0  75   0   0
1990000   36000| 15  13   0  72   0   0
1839000  209000| 19  16   0  65   0   0
2014000  330000| 14  12   0  74   0   0
2003000  739000|  2   2   0  96   0   0
1975000 1195000|  1   1   0  99   0   0
1974000 2532000|  1   0   6  93   0   0
2178000 3814000|  1   0  25  74   0   0
2159000 6694000|  0   1  25  74   0   0
2368000 9231000|  1   0  23  76   0   0
1932000   15000000|  1   1  25  74   0   0
1703000   13000000|  1   1  35  63   0   0
2051000   15000000|  1   0   6  93   0   0
2052000   15000000|  1   2   2  95   0   0
2154000   17000000|  1   1   0  98   0   0
1366000   12000000|  1   1   0  98   0   0
1658000   10000000|  1   1   0  99   0   0
1848000 9025000|  1   1   0  98   0   0
1828000 9928000|  1   1   0  99   0   0
1921000   10000000|  1   1   0  98   0   0
1958000 9828000|  1   1   0  99   0   0
1835000   11000000|  2   1   0  98   0   0
1943000   10000000|  1   1   0  98   0   0
1673000   10000000|  1   1   0  99   0   0
1163000   10000000|  1   1   0  99   0   0
1446000   10000000|  1   1   0  98   0   0
1710000   10000000|  1   1   0  98   0   0
1847000   10000000|  1   1   0  99   0   0
1980000   10000000|  0   1   0  99   0   0
1815000 8627000|  1   1   1  98   0   0
1946000 8626000|  1   0   0  99   0   0
1633000 9159000|  1   1   0  99   0   0
1024000 9819000|  1   1   0  99   0   0
1423000   10000000|  1   0   0  99   0   0
 955000   10000000|  0   1   0  99   0   0
1180000   10000000|  1   1   0  98   0   0
1400000   11000000|  9   7   0  84   0   0
 982000   10000000|  2   1   0  96   0   0
1053000   11000000|  1   1   0  98   0   0
1216000   10000000|  1   1   0  98   0   0
1323000   11000000|  1   1   0  98   0   1
1203000   10000000|  1   1   0  98   0   0
1416000   11000000|  1   1   0  99   0   0
1262000   11000000|  1   1   0  99   0   0
1431000   11000000|  1   0   0  99   0   0
1327000   11000000|  1   1   0  98   0   0
1544000   12000000|  1   0   0  99   0   0
1281000   12000000|  1   1   0  98   0   0
1913000   13000000|  1   0   0  98   0   1
2058000   14000000|  5   6   1  87   0   0
2645000   15000000|  1   1   0  97   0   0
3201000   17000000|  1   3   9  87   0   1
 660000   17000000|  1   1  12  87   0   0
 430000 1033000|  1   1  25  74   0   0
 597000 7350B|  1   0  25  74   0   0
 631000 8610B|  0   0  25  75   0   0
 601000 6930B|  1   1  25  74   0   0
 601000 7280B|  0   1  25  74   0   0
 714000 8190B|  0   1  21  78   0   0
 686000 8990B|  1   1   0  98   0   0
 860000   14000|  4   1   4  91   0   0
 788000  108000| 25   1  24  50   0   0
1203000  278000| 25   1  24  50   0   0
1424000  495000| 25   1  24  50   0   0
1983000  671000| 25   1  24  50   0   0
2667000 1360000| 25   1  13  61   0   0
3167000 2042000| 26   1   0  74   0   0
4527000 3703000| 25   1   0  74   0   0
5071000 5412000| 25   1   0  74   0   0
2721000 9079000| 26   1   0  73   0   0
4185000   13000000| 15   1   0  83   0   0
4162000 9770000|  4   5   0  91   0   0
4020000   62000|  1   1   1  97   0   0
3091000   53000|  1   1  16  82   0   0
3356000   45000|  1   1   0  99   0   0
4142000   65000|  2   1   0  96   0   0
3942000   43000|  1   0   0  99   0   0
4599000   48000| 10   3  12  75   0   0
4204000   49000| 11   6  23  60   0   0
4737000   50000|  0   0  25  75   0   0
4089000   44000|  1   1  17  82   0   0
4730000   70000|  0   0  24  75   0   0
4162000   46000|  0   0  20  80   0   0
3383000   43000|  0   1   0  99   0   0
2920000   63000|  1   1   0  98   0   0
3468000  420000|  1   1   0  98   0   0
3438000  774000|  1   0   0  99   0   0
2748000 1417000|  1   0   0  99   0   0
4015000 2520000|  0   0   0  99   0   0
3551000 4213000|  1   1   0  98   0   0
3856000 7992000|  1   1   0  98   0   0
2774000   11000000|  2   1   0  97   0   0
1650000   18000000|  2   3   3  91   0   0
 944000   27000000|  5   8   0  87   0   0
 338000   38000000|  2   2   0  97   0   0
 460000   40000000|  1   2   0  97   0   0
 510000   40000000|  2   3   0  95   0   0
 444000   40000000|  1   2   0  97   0   0
 446000   40000000|  2   2   0  96   0   0
 497000   40000000|  2   2   0  96   0   0
 437000   40000000|  2   2   0  96   0   0
 384000   40000000|  2   2   0  97   0   0
 549000   40000000|  2   1   0  97   0   0
 509000   40000000|  2   2   0  96   0   0
 580000   40000000|  2   1   0  97   0   0
 637000   40000000|  2   2   0  97   0   0
 822000   40000000|  1   2   0  97   0   0
 954000   40000000|  2   2   0  96   0   0
 966000   40000000|  2   2   0  96   0   0
1110000   40000000|  1   2   0  97   0   0
1214000   40000000|  1   2   0  97   0   0
1853000   40000000|  2   2   0  95   0   0
2237000   40000000| 15  13   0  72   0   0
2492000   40000000| 14  12   0  73   0   0
1302000   40000000| 14  12   0  73   0   0
2217000   40000000| 23  16   0  60   0   1
 700000   40000000| 15  14   0  71   0   0
2082000   40000000|  6   5   0  89   0   0
3025000   39000000|  0   1   0  99   0   0
3539000 5466000| 13   0   0  87   0   0
1554000   13000000| 21   2   4  73   0   0
1576000   21000000|  1   1  24  73   0   1
1873000 8217000|  1   1  25  74   0   0
2002000   21000|  0   0  25  75   0   0
2014000   25000|  0   0  25  75   0   0
1339000   16000|  0   0  25  74   0   0
1052000   16000|  0   0  25  75   0   0
1102000   12000|  0   0  25  75   0   0
1301000   15000|  1   0  25  75   0   0
1204000   13000|  0   0  25  75   0   0
1268000   14000|  0   0  25  75   0   0
1201000   13000|  0   0  25  75   0   0
1279000   19000|  0   0  13  87   0   0
1294000   14000|  0   0   0 100   0   0
1478000   17000|  0   0   3  97   0   0
1483000   16000|  0   0  25  75   0   0
1720000   19000|  1   0  20  80   0   0
1434000   29000|  1   2   8  89   0   0
1383000   32000|  0   0  12  88   0   0
  38000 5270B|  0   0  25  75   0   0
 152000 6686B|  1   0  25  74   0   0
 360000 7346B|  0   0   1  98   0   0
 817000   17000|  0   0   0 100   0   0
 791000   14000|  4   7   3  86   0   0
 817000   22000|  1   2  18  79   0   0
 866000   16000|  0   0   0 100   0   0
 868000   10000|  1   1   0  98   0   0
 843000  324000|  2   1   0  98   0   0
 921000  750000|  1   1   0  98   0   0
 996000 1290000|  1   0   0  99   0   0
1270000 2464000|  1   0   0  99   0   0
1422000 4516000|  1   1   0  98   0   0
1800000 7716000|  1   0   0  98   0   0
 957000   13000000|  2   1   0  98   0   0
1533000   20000000|  1   1   0  98   0   0
1634000   30000000|  2   1   0  97   0   0
1869000   39000000|  2   1   0  97   0   0
1504000   40000000|  2   2   0  96   0   0
1406000   40000000|  1   2   0  97   0   0
1232000   40000000|  2   2   0  96   0   0
1145000   40000000|  2   2   0  97   0   0
 901000   40000000|  3   2   0  96   0   0
1042000   40000000|  1   1   0  98   0   0
1007000   40000000|  2   2   0  96   0   0
1201000   40000000|  1   2   0  97   0   0
2095000   27000000|  1   1   0  98   0   0
2476000   31000000|  1   1   0  97   0   0
2838000   24000000|  1   1   0  98   0   0
1730000   19000000|  1   1   0  98   0   0
2326000   13000000|  1   1   0  98   0   0
1422000   15000000|  1   1   0  98   0   0
1745000   17000000|  2   1   0  98   0   0
 915000   16000000|  1   1   0  99   0   0
1414000   19000000|  2   2   4  93   0   0
1104000   29000000|  1   1   0  98   0   0
 901000   29000000|  1   1   0  98   0   0
1046000   24000000|  1   1   0  97   0   0
1095000   36000000|  2   1  23  74   0   0
1023000   34000000|  2   2  14  83   0   0
1100000   37000000|  3   5  10  82   0   0
1190000   37000000|  2   1   0  96   0   0
 977000   35000000|  1   1   0  98   0   0
1146000   33000000|  2   1   0  97   0   0
1269000   31000000|  2   1   0  97   0   0
1328000   35000000|  2   2   0  96   0   0
 789000   39000000|  2   3   0  96   0   0
 127000   40000000|  2   2   0  96   0   0
 113000   40000000|  2   1   0  97   0   0
 149000   40000000|  2   2   0  96   0   0
 547000   31000000|  1   1   0  98   0   0
 972000   19000000|  2   1   0  98   0   0
 662000   24000000|  1   1   0  98   0   0
 652000   18000000|  1   1   0  98   0   0
 970000   13000000|  1   1   0  99   0   0
 789000   16000000|  1   0   0  98   0   0
 857000   13000000|  1   1   0  99   0   0
 837000   12000000|  1   1   0  98   0   0
 751000   32000000|  2   1  15  83   0   0
 709000   37000000|  1   1  23  75   0   0
1028000   15000000|  1   1  24  74   0   0
1058000   15000000|  1   1  24  74   0   0
1354000   17000000|  1   1  25  74   0   0
1806000   13000000|  1   1  25  74   0   0
2006000   14000000| 10   3  25  63   0   0
2806000   17000000| 13   8  24  55   0   0
3089000   22000000|  1   1  25  74   0   0
1191000   17000000|  1   1  25  74   0   0
2672000   12000000| 10   6  18  66   0   0
1550000   14000000| 63  14   0  22   0   1
1937000   20000000| 65  12   0  22   0   2
3646000   26000000| 61  14   0  23   0   2
3852000   29000000| 64  10   0  25   0   1
3767000   13000000| 57   9   7  26   0   1
3852000   14000000| 42   1   8  47   0   1
3864000   15000000| 50   2   0  47   0   1
2218000   13000000| 27   3   6  64   0   0
2293000   23000000|  0   1   3  96   0   0
2054000 9306000|  0   0   0 100   0   0
2018000 4526000|  1   1  22  76   0   0
1731000   24000|  0   0   8  92   0   0
1659000   30000|  1   1   7  90   0   0
1660000   26000|  1   0   1  98   0   0
1783000   22000|  1   1  23  75   0   0
2159000   32000|  0   0   0 100   0   0
1379000   19000|  0   0   0 100   0   0
1873000   23000|  0   0   0 100   0   0
 899000   15000|  0   0   0 100   0   0
 704000 9340B|  0   0   0 100   0   0
 889000   13000|  0   0   0 100   0   0
 594000 8058B|  0   0   0  99   0   0
 789000  147000|  0   0   0 100   0   0
 803000  277000|  0   0   0 100   0   0
 812000  629000|  0   0   0 100   0   0
 866000 1086000|  0   0   0 100   0   0
 877000 1966000|  0   0   0 100   0   0
 827000 3113000|  0   0   0 100   0   0
 988000 5814000|  0   0   0 100   0   0
1127000 7817000|  0   0   0 100   0   0
1345000   14000000|  0   0  25  75   0   0
1765000   19000000|  1   0  25  74   0   0
2037000   31000000|  0   1  25  74   0   0
2589000   40000000|  6   8  13  73   0   0
2092000   35000000| 14  14   7  65   0   1
4641000   28000000| 16  11   0  73   0   0
3744000   30000000| 14  12   0  74   0   0
2789000   32000000| 16  11   0  74   0   0
3459000   33000000|  7   7   0  85   0   0
 867000   36000000|  1   1   0  99   0   0
1007000   36000000|  1   1   0  98   0   0
1130000   37000000|  1   0   1  99   0   0
1114000   34000000|  0   1  25  74   0   0
1134000   34000000|  1   1  24  75   0   0
1101000   34000000|  1   1  25  74   0   0
1058000   27000000|  0   0  25  75   0   0
1135000   12000|  0   0  25  75   0   0
1180000   13000|  1   0  25  74   0   0
1315000   14000|  4   3  25  69   0   0
1643000   18000| 17   6  25  52   0   0
1935000   20000|  1   0  25  74   0   0
2602000   27000|  0   0  25  75   0   0
3069000   32000|  0   0  25  75   0   0
4003000   41000|  0   0  25  75   0   0
3733000   75000| 14   1  23  62   0   0
2105000  228000| 29   6   1  64   0   0
1685000  397000| 26   1   0  74   0   0
3360000  744000| 25   1   0  74   0   0
7205000  946000| 26   1   9  64   0   0
7521000 1844000| 25   0   2  72   0   0
 421000 2340000| 25   1   0  74   0   0
1396000 4365000| 25   0   0  74   0   0
3329000 5507000| 25   0   0  75   0   0
1809000   10000000|  4   1  22  74   0   0
1269000   12000000|  0   0  25  75   0   0
1041000  118000|  0   0  25  75   0   0
1253000   13000|  0   0  24  76   0   0
1163000   16000|  0   0  25  75   0   0
 813000 9660B|  0   0  25  75   0   0
1052000   11000|  0   0  25  75   0   0
1180000   18000|  0   0   3  97   0   0
1093000   12000|  0   0   9  91   0   0
1171000   13000|  0   0  25  75   0   0
1100000   12000|  0   0  35  64   0   0
1169000   15000|  0   0  50  50   0   0
1267000   23000|  1   1  29  69   0   0
1284000   16000|  0   0  25  75   0   0
 934000   13000|  0   0  25  75   0   0
1106000   12000|  0   0  25  75   0   0
1260000   13000|  0   0  25  75   0   0
1409000   15000|  0   0  25  75   0   0
1133000   16000|  0   1  27  73   0   0
 859000   14000|  0   0  28  72   0   0
1001000   10000|  0   0  25  75   0   0
 918000   10000|  0   0  25  75   0   0
 942000   10000|  0   0  25  75   0   0
 849000 9170B|  0   0  25  75   0   0
1029000   11000|  0   0  25  75   0   0
1084000   12000|  0   0  25  75   0   0
1118000   12000|  0   0  24  76   0   0
1335000   14000|  0   0  25  75   0   0
1547000   17000|  0   0  25  75   0   0
1790000   18000|  0   0  25  75   0   0
2403000   25000|  0   0  25  75   0   0
2063000   30000|  7   3  10  81   0   0
2064000   27000| 14   6   0  79   0   0
2248000   24000|  1   1   9  90   0   0
1257000   54000|  1   0  16  84   0   0
 994000   44000|  3   4   8  85   0   0
1338000   44000| 17  15  14  54   0   0
 661000   38000| 16  10  25  49   0   0
1637000   51000| 16  10  21  54   0   0
2099000   36000| 15  11   0  74   0   0
1979000   26000| 13  12   0  75   0   0
1803000   49000|  1   1   0  98   0   0
1938000  346000|  0   0   0  99   0   0
1016000  631000|  1   0   0  99   0   0
1329000 1061000|  1   1   0  99   0   0
1459000 2070000|  1   0   0  99   0   0
1500000 3765000|  1   0   0  99   0   0
1523000 6257000|  1   1   0  98   0   0
1507000   10000000|  1   1   1  97   0   0
1241000   15000000|  1   2  25  73   0   0
1732000   24000000|  1   1  20  78   0   0
1311000   35000000|  2   2  25  71   0   0
1605000   40000000|  1   1  25  73   0   0
1593000   40000000|  1   2  25  73   0   0
1581000   40000000|  1   2  24  73   0   0
1338000   40000000|  2   2  44  51   0   0
 856000   40000000|  2   3  18  76   0   0
1319000   40000000|  1   1  24  74   0   0
1450000   40000000|  1   1  24  73   0   0
1035000   40000000|  2   2  23  73   0   0
1372000   40000000|  1   2  45  52   0   0
1973000   40000000|  2   1  49  48   0   0
2310000   40000000|  1   1  19  79   0   0
1545000   40000000|  1   1   0  98   0   0
2748000   40000000|  1   1   0  98   0   0
2573000   40000000|  1   1   0  98   0   0
2064000   40000000|  1   1  25  72   0   0
2234000   40000000|  1   2   8  88   0   0
2407000   40000000|  1   1   0  98   0   0
5044000   40000000|  1   1   0  98   0   0
2950000   40000000|  0   1   0  99   0   0
9153000   40000000| 13   2  11  74   0   1
6556000   40000000|  3   2  24  71   0   0
5800000   40000000|  7   3  16  74   0   0
  13000000   40000000| 15   7   6  73   0   0
1035000   40000000|  1   1  23  75   0   1
 221000   20000000|  6   1  11  83   0   0
 195000   35000000|  2   1  30  67   0   0
 220000   26000|  0   1  29  70   0   0
 627000   31000|  0   0  16  84   0   0
1513000   27000|  0   0  25  75   0   0
1452000   32000|  0   0  13  87   0   0
  46000   11000|  0   0  15  85   0   0
 215000 5470B|  1   1  25  73   0   0
 354000   12000|  0   0  10  90   0   0
 712000   19000|  0   0  21  78   0   0
 997000   11000|  0   0  25  75   0   0
 848000 9450B|  0   0  30  70   0   0
 893000   60000|  1   2  20  77   0   0
 938000  388000|  1   0  25  74   0   0
 845000  907000|  1   1  25  74   0   0
 997000 1380000|  1   0  16  83   0   0
1099000 2850000|  1   0   0  99   0   0
1312000 4796000|  1   1   0  99   0   0
1509000 9396000|  1   0   0  99   0   0
1855000   13000000|  1   1   0  98   0   0
2469000   22000000|  1   1  22  76   0   0
2516000   32000000|  2   2  29  67   0   0
2284000   40000000|  2   1  24  73   0   0
3466000   40000000|  2   1  24  73   0   0
2648000   40000000|  2   1  24  73   0   0
 866000   40000000|  2   2  24  73   0   0
1467000   40000000|  2   2  24  73   0   0
1526000   40000000|  1   1  24  73   0   0
2274000   40000000|  2   1  24  73   0   0
2160000   40000000|  1   2  49  49   0   0
2054000   40000000|  2   1  38  59   0   0
1150000   40000000|  2   1  24  73   0   0
1097000   40000000|  2   2  58  39   0   0
1894000   40000000|  2   1  34  63   0   0
 578000   40000000|  2   3  21  74   0   0
1557000   40000000|  1   1  12  86   0   0
1180000   40000000|  2   1  25  73   0   0
1159000   40000000|  2   1  30  67   0   0
 666000   40000000|  1   1  29  69   0   0
 756000   40000000|  1   2   0  97   0   0
  45000   40000000|  2   1  21  77   0   0
 154000   40000000|  1   2  19  78   0   0
1109000   40000000|  1   1   8  90   0   0
1120000   40000000|  1   1  13  86   0   0
 223000   40000000|  1   2  18  80   0   0
 254000   40000000|  1   1  43  55   0   0
 513000   40000000|  1   2  25  73   0   0
 170000   40000000|  1   1  45  53   0   0
 355000   40000000|  1   1  24  73   0   1
 205000   40000000|  1   2  25  72   0   0
1250000   40000000|  1   1  24  73   0   0
1276000   40000000|  1   1  25  73   0   0
1440000   40000000|  1   0  25  74   0   0
 974000   40000000|  1   1  24  74   0   0
  14000   40000000|  1   1  18  80   0   0
  95000   40000000|  1   1   0  98   0   0
 195000   40000000|  3   1   0  96   0   0
 201000   40000000| 13   2  12  73   0   0
  88000   38000000| 10   1  35  54   0   0
 306000   26000000| 30   2  43  25   0   1
 449000   34000000| 20   2  42  35   0   1
 203000   27000000|  0   0  60  40   0   0
  62000   18000000|  1   1  56  42   0   0
  29000   16000|  0   1  74  25   0   0
 181000 8196B|  1   0  62  38   0   0
  70000 2680B|  0   0  50  50   0   0
 102000 3100B|  0   0  50  50   0   0
 111000 3614B|  0   0  56  44   0   0
1216000   15000|  0   0  49  51   0   0
2569000   27000|  0   0  54  45   0   0
1659000   20000|  0   0  50  50   0   0
1382000   17000|  0   0  50  50   0   0
1053000   17000|  1   0  50  50   0   0
1980000   23000|  0   0  55  45   0   0
 623000   11000|  0   0  50  50   0   0
3110000   37000|  0   0  50  50   0   0
3118000   32000|  0   0  50  50   0   0
1005000   12000|  0   0  50  50   0   0
  48000 3156B|  1   1  49  49   0   0
 799000  211000|  0   1  50  49   0   0
 143000  512000|  1   0  50  49   0   0
 571000  765000|  1   1  50  49   0   0
1502000 1648000|  1   1  50  48   0   0
2691000 2248000|  0   0  50  49   0   0
3798000 4575000|  1   1  49  49   0   0
3429000 6526000|  1   0  49  49   0   0
4907000   11000000|  1   1  65  33   0   0
4991000   15000000|  1   1  69  30   0   0
1486000   25000000|  1   1  49  49   0   0
 866000   35000000|  2   1  53  44   0   0
 334000   40000000|  2   1  49  48   0   0
1099000   40000000|  1   1  49  49   0   0
 263000   40000000|  2   1  56  41   0   0
 783000   40000000|  2   2  65  32   0   0
1816000   40000000|  2   1  73  25   0   0
 758000   40000000|  1   2  73  25   0   0
1283000   40000000|  1   1  73  24   0   0
1855000   40000000|  1   2  73  24   0   0
1603000   40000000|  2   1  73  25   0   0
1377000   40000000|  1   1  73  25   0   0
1495000   40000000|  1   1  73  25   0   0
1540000   40000000|  1   2  73  24   0   0
1686000   40000000|  1   2  73  24   0   0
1650000   40000000|  1   1  73  25   0   0
 360000   40000000|  2   1  71  26   0   0
 560000   40000000|  1   1  73  25   0   0
 258000   40000000|  1   1  73  25   0   0
 275000   40000000|  1   1  73  25   0   0
 345000   40000000|  1   1  73  25   0   0
 971000   40000000| 24   1  73   1   0   0
 988000   40000000| 17   2  72   8   0   0
1321000   40000000|  0   1  75  25   0   0
2075000   40000000|  1   0  74  25   0   0
4944000   37000000|  1   1  74  24   0   0
6260000   15000000|  7   2  75  17   0   0
 207000   36000000|  0   1  99   0   0   0
  33000 2396000|  0   1  98   2   0   0
1337B 1682B|  0   0 100   0   0   0
 384B    0|  0   0 100   0   0   0
