   0     0|  1   1  94   4   0   0
 256B  748B|  4   2  93   1   0   0
2005B 2085B|  3   2  95   0   0   0
2524B 1252B|  4   3  94   0   0   0
1234B 1886B|  4   2  95   0   0   0
1172B 2248B|  4   3  92   2   0   0
1762B   57000|  4   2  94   0   0   0
2025B  173000|  3   2  95   0   0   0
3252B  437000|  4   2  94   0   0   0
5176B  766000|  3   2  95   0   0   0
  11000 1883000|  3   3  94   0   0   0
  15000 2960000|  4   2  92   1   0   0
  23000 5956000|  3   3  94   0   0   0
  29000 7872000|  4   3  93   0   0   0
  52000   14000000|  4   5  91   0   0   0
  67000   19000000|  5   6  89   0   0   0
 100000   28000000|  5  14  81   0   0   0
 118000   33000000|  5   7  87   1   0   0
 141000   40000000|  4   5  91   0   0   0
 149000   35000000|  4   4  92   0   0   0
 149000   34000000|  4   4  92   0   0   0
 146000   34000000|  5   4  91   0   0   0
 148000   34000000|  4   3  94   0   0   0
 148000   34000000|  6   3  89   1   0   0
 148000   34000000|  4   4  92   0   0   0
 148000   34000000|  5   5  90   0   0   0
 148000   34000000|  5   3  92   0   0   0
 148000   34000000|  5   4  91   0   0   0
 149000   34000000|  6   3  91   0   0   0
 147000   34000000| 10   3  86   2   0   1
 146000   33000000|  5   4  91   1   0   0
5584B 5484B|  3   3  94   0   0   0
5313B 3200B|  8   2  89   0   0   0
2760B 4106B|  3   2  95   0   0   0
2378B 5114B|  4   3  92   1   0   0
1632B  580B|  5   3  91   1   0   0
3694B  216000|  4   3  93   0   0   0
5024B  620000|  4   2  94   0   0   0
6606B 1021000|  4   2  94   0   0   0
  12000 2218000|  5   2  93   0   0   0
  20000 3928000|  4   3  93   1   0   0
  35000 7405000|  5   2  93   0   0   0
  45000   12000000|  5   3  92   0   0   0
  69000   19000000|  4   3  93   0   0   0
 104000   28000000|  5   3  91   0   0   0
 146000   39000000|  5   4  90   0   0   0
 151000   40000000|  5   4  89   1   0   1
 153000   40000000|  4   4  92   0   0   0
 154000   40000000|  6  17  76   0   0   1
 154000   40000000|  5  14  81   0   0   1
 158000   40000000|  5   2  93   0   0   0
 159000   40000000|  6   4  91   0   0   0
 156000   40000000|  5  11  83   1   0   0
 157000   40000000|  5   6  89   0   0   1
 163000   40000000|  5  12  83   0   0   0
 161000   40000000|  5   4  90   0   0   0
 165000   40000000|  5   5  90   0   0   0
 162000   40000000|  4   4  92   0   0   0
 164000   40000000|  5   6  87   1   0   0
 160000   40000000|  5   3  91   0   0   0
 160000   40000000|  5   6  89   0   0   0
 164000   40000000|  5   3  92   0   0   0
 167000   40000000| 17   5  75   2   0   1
 177000   40000000| 32   3  64   0   0   1
 168000   40000000|  5   3  92   0   0   0
   0     0|  4   3  92   0   0   0
   0     0|  4   3  93   0   0   0
   0     0|  4   3  93   0   0   0
   0     0|  5   4  90   2   0   0
   0     0| 10   3  87   0   0   0
   0     0|  5   4  91   0   0   0
   0     0|  2   2  96   0   0   0
   0     0|  3   2  95   0   0   0
   0     0|  3   1  96   0   0   0
   0     0|  3   2  94   2   0   0
   0     0|  2   2  96   0   0   0
   0     0|  6   3  91   0   0   0
   0     0|  5   3  92   0   0   0
   0     0|  4   3  94   0   0   0
   0     0|  3   2  95   0   0   0
   0     0|  5   3  91   1   0   0
   0     0|  5   3  92   0   0   0
   0     0|  6   3  91   0   0   0
   0     0|  5   4  91   0   0   0
   0     0|  5   3  92   0   0   0
   0     0|  5   4  91   0   0   0
   0     0|  7   4  87   1   0   0
   0     0|  6   4  89   1   0   0
   0     0|  6   3  91   0   0   0
   0     0|  5   4  91   0   0   0
   0     0|  7   3  90   0   0   0
   0     0|  6   4  90   0   0   0
   0     0|  8   4  88   0   0   0
   0     0|  6   4  89   1   0   0
   0     0|  6   4  90   0   0   0
   0     0|  5   5  90   0   0   0
   0     0|  5  12  83   0   0   0
   0     0|  6  10  84   0   0   0
   0     0|  5   4  91   0   0   0
   0     0|  6   7  86   1   0   0
   0     0|  5  10  84   0   0   0
   0     0|  5   8  87   0   0   0
   0     0|  4   6  89   0   0   0
   0     0|  5   7  88   0   0   0
   0     0|  7  12  80   0   0   0
   0     0|  7  18  73   1   0   0
   0     0|  6   5  89   0   0   1
   0     0|  6   3  91   0   0   0
   0     0|  3   6  91   0   0   0
   0     0|  5   5  90   0   0   0
   0     0|  5   5  90   0   0   0
   0     0|  6   5  88   1   0   0
   0     0|  3   5  92   0   0   0
   0     0|  5   4  91   0   0   1
   0     0|  6   5  89   0   0   0
   0     0|  6   3  90   0   0   0
   0     0|  5   5  90   0   0   0
   0     0|  5   5  88   1   0   0
   0     0|  5   4  91   0   0   0
   0     0|  4   3  93   0   0   0
   0     0|  4   2  93   0   0   1
   0     0|  5   4  87   0   0   5
   0     0|  4   2  94   0   0   0
   0     0|  6   6  86   1   0   0
   0     0|  5   9  86   0   0   0
   0     0|  4   4  92   0   0   0
   0     0|  5   3  92   0   0   0
   0     0|  5   4  91   0   0   0
   0     0|  4   4  92   0   0   0
   0     0|  6   5  88   1   0   0
   0     0|  6   3  91   0   0   0
   0     0| 21   8  70   0   0   1
   0     0| 30   4  65   0   0   1
9513000 2060000000|  6   4  90   0   0   1
 162000   40000000|  5   3  92   0   0   0
 164000   40000000|  5   4  89   2   0   0
 198000   40000000|  5   4  91   0   0   0
 159000   40000000|  5   4  91   0   0   0
 160000   40000000| 24   4  71   0   0   1
 159000   40000000| 37   4  57   0   0   1
 160000   40000000| 29   3  65   2   0   1
 165000   40000000|  3   3  94   0   0   1
 194000   39000000| 14   3  83   0   0   0
  68000   10000000| 29   2  69   0   0   0
  42000 9806000| 29   2  68   0   0   1
  47000   11000000| 19   3  75   2   0   1
  64000   16000000|  3   2  94   0   0   0
  72000   18000000|  5   3  92   0   0   0
  37000 5385000|  2   1  97   0   0   0
  11000 8165B|  3   3  95   0   0   0
6509B 7700B|  2   3  95   0   0   0
3526B 5060B|  3   2  92   3   0   0
2556B   10000|  2   2  96   0   0   0
 316B    0|  2   3  95   0   0   0
 356B    0|  5   4  91   0   0   0
6302B  504000|  5   2  94   0   0   0
9056B 1217000|  3   2  95   0   0   0
  15000 2602000|  4   3  92   1   0   0
  26000 4754000|  3   2  94   0   0   0
  46000 9197000|  5   3  92   0   0   0
  75000   16000000|  6   3  91   0   0   0
 110000   27000000|  6   4  90   0   0   0
 147000   39000000|  6   3  91   0   0   0
 177000   40000000|  6   4  89   1   0   0
 171000   40000000|  5   4  90   0   0   0
 157000   40000000|  6   4  90   0   0   0
 156000   40000000|  4   3  92   0   0   0
 158000   40000000|  6   4  90   0   0   0
 157000   40000000|  6   4  90   0   0   0
 158000   40000000|  6   3  89   1   0   0
 157000   40000000|  5   4  91   0   0   0
 155000   40000000|  6   3  91   0   0   0
 159000   40000000|  5   4  91   0   0   0
 160000   40000000|  5   4  91   0   0   0
 155000   40000000|  5   3  92   0   0   0
 160000   40000000|  6   3  91   1   0   0
 158000   40000000|  4   4  91   0   0   0
 159000   40000000|  5   4  91   0   0   0
 157000   40000000|  5   3  92   0   0   0
 165000   40000000|  5   4  91   0   0   0
 193000   40000000|  5   3  92   0   0   0
 245000   40000000|  5   3  91   1   0   0
 498000   40000000|  4   2  94   0   0   0
 332000   15000000|  4   3  93   0   0   0
  13000  531000|  3   2  95   0   0   0
  19000  805000|  4   2  94   0   0   0
  42000 1800000|  5   3  92   0   0   0
  29000 2443000|  3   3  93   1   0   0
  46000 4575000|  5   3  93   0   0   0
  53000 6653000|  4   3  93   0   0   0
  56000   11000000|  5   2  93   0   0   0
  71000   17000000|  4   3  93   0   0   0
 113000   29000000|  5   5  90   0   0   0
 142000   38000000|  5  18  76   1   0   0
 155000   40000000|  5   4  91   0   0   0
 158000   40000000|  5   6  89   0   0   0
 161000   40000000|  5   4  91   0   0   0
 172000   40000000|  5   6  88   0   0   1
 204000   40000000|  6   6  88   0   0   0
 155000   40000000| 11  11  77   1   0   0
 157000   40000000|  5   5  91   0   0   0
 156000   40000000|  5   3  91   0   0   0
 159000   40000000|  7   4  89   0   0   0
 160000   40000000|  6   3  85   7   0   0
 158000   40000000|  6   4  17  73   0   0
 159000   40000000|  5   5   0  90   0   0
 158000   40000000|  6   4   0  90   0   0
 165000   40000000|  7   4   0  88   0   0
 164000   40000000|  6   4   0  90   0   0
 166000   40000000|  6   5   0  89   0   1
 169000   40000000|  5   3   0  91   0   0
 160000   40000000|  6   4   0  89   0   1
 165000   40000000| 16   4   0  80   0   0
 161000   40000000| 33   7   0  60   0   1
 162000   40000000| 32   2   0  65   0   1
 160000   40000000| 28   5   0  66   0   1
 160000   40000000|  5   3   0  92   0   0
 166000   40000000|  3   2   0  95   0   0
 162000   40000000|  3   2   0  95   0   0
 166000   40000000|  3   3   0  95   0   0
 165000   40000000|  3   2   0  94   0   0
 166000   40000000|  3   2   0  95   0   0
 168000   40000000| 33   6   0  60   0   1
 170000   40000000| 30   3  63   3   0   1
 168000   40000000|  6   3  91   0   0   0
 162000   40000000|  3   2  94   0   0   0
 160000   40000000|  3   3  94   0   0   0
 176000   40000000|  3   3  94   0   0   0
 232000   39000000|  4   4  90   2   0   0
 181000   40000000|  4   4  92   0   0   0
 166000   40000000|  4   3  92   0   0   0
 160000   40000000| 30   3  67   0   0   1
 157000   40000000|  9   3  88   0   0   0
 160000   40000000|  3   2  95   0   0   0
 139000   34000000|  3   3  92   2   0   0
 135000   37000000|  3   3  95   0   0   0
 150000   40000000| 14   3  84   0   0   0
 150000   40000000|  3   2  95   0   0   0
 122000   25000000|  2   4  94   0   0   0
7641B 8812B|  1   2  96   0   0   0
9901B 6360B|  3   2  93   2   0   0
6030B   10000|  2   2  96   0   0   0
2284B  996B|  2   2  96   0   0   0
1648B 2848B|  2   2  96   0   0   0
2052B 9740B|  1   2  97   0   0   0
 320B    0|  2   2  96   0   0   0
 580B    0|  5   4  70  21   0   0
8154B  491000|  3   3  71  24   0   0
  12000 1510000|  4   3  79  15   0   0
  17000 2634000|  3   2  95   0   0   0
  30000 5611000|  3   2  95   0   0   0
  52000 9455000|  4   3  93   0   0   0
  83000   17000000|  4   3  92   1   0   0
 116000   26000000|  4   3  52  41   0   0
 156000   37000000|  5   5   5  85   0   0
 197000   40000000|  6   4   0  90   0   1
 195000   40000000|  4   4   7  84   0   1
 179000   40000000|  4   4   2  90   0   0
 168000   40000000|  4   5  22  69   0   0
 163000   40000000|  5   3  23  69   0   0
 160000   40000000|  5   2  89   3   0   0
 155000   40000000|  4   4  91   0   0   0
 153000   40000000|  5   4  90   0   0   0
 162000   40000000|  5   3  92   0   0   0
 186000   40000000|  5   3  91   1   0   0
 169000   40000000|  4   5  91   0   0   0
 221000   40000000|  5   6  90   0   0   0
 164000   40000000|  5   4  91   0   0   1
 160000   40000000|  4   3  92   0   0   0
 159000   40000000|  5   4  91   0   0   0
 159000   40000000|  6   4  90   1   0   0
 159000   40000000|  4   3  93   0   0   0
 157000   40000000|  5   4  91   0   0   0
 164000   40000000|  6   4  91   0   0   0
 159000   40000000|  6   3  90   0   0   0
 161000   40000000|  4   4  92   0   0   0
 163000   40000000|  4   3  91   1   0   0
 162000   40000000|  4   4  91   0   0   0
 168000   40000000|  5   4  91   0   0   0
 169000   40000000|  5   4  91   0   0   0
 166000   40000000|  4   4  92   0   0   0
 162000   40000000|  4   4  92   0   0   0
 161000   40000000|  5   4  89   1   0   0
 162000   40000000|  5   5  91   0   0   0
 164000   40000000|  5   3  92   0   0   0
 164000   40000000| 14   4  81   0   0   1
 166000   40000000| 29   4  65   0   0   1
 162000   40000000| 10   3  87   0   0   0
 163000   40000000|  3   3  93   1   0   0
 168000   40000000|  4   4  92   0   0   0
 160000   40000000|  5   3  92   0   0   0
 159000   40000000|  5   3  92   0   0   1
 201000   43000000|  5   3  91   0   0   1
 266000   43000000|  4   3  93   0   0   0
  89000   20000000|  3   3  91   3   0   0
  86000   20000000|  3   2  94   0   0   0
  84000   20000000|  4   2  94   0   0   0
  82000   20000000| 26   3  71   0   0   1
  83000   20000000| 30   3  66   0   0   1
  83000   20000000| 29   3  68   0   0   0
  86000   20000000| 29   3  65   1   0   1
  87000   20000000| 30   3  67   0   0   1
  85000   20000000| 29   3  67   0   0   1
  86000   20000000| 28   3  69   0   0   0
  86000   20000000|  4   1  95   0   0   0
  87000   20000000|  3   3  93   0   0   0
  90000   20000000|  3   3  93   2   0   0
  87000   20000000|  3   2  95   0   0   0
  91000   20000000|  3   3  94   0   0   0
  92000   20000000|  4   3  93   0   0   0
 100000   20000000|  3   3  94   0   0   0
  87000   20000000|  4   2  95   0   0   0
  88000   20000000|  3   3  94   1   0   0
  86000   20000000|  3   3  94   0   0   0
  91000   20000000|  2   2  96   0   0   0
  89000   20000000|  3   3  94   0   0   0
  91000   20000000|  4   2  94   0   0   0
  89000   20000000|  4   2  94   0   0   0
  88000   20000000|  3   3  94   1   0   0
  91000   20000000|  3   3  94   0   0   0
  88000   20000000|  3   2  95   0   0   0
  89000   20000000|  3   3  93   0   0   0
  89000   20000000|  4   2  94   0   0   0
  85000   20000000|  4   3  94   0   0   0
  89000   20000000|  3   3  93   1   0   0
  86000   20000000|  3   2  95   0   0   0
  89000   20000000|  3   3  94   0   0   0
  89000   20000000|  2   2  96   0   0   0
  88000   20000000|  3   2  95   0   0   0
  88000   20000000|  4   3  93   0   0   0
  89000   20000000|  2   2  94   1   0   0
  90000   20000000| 18   5  77   0   0   0
  88000   20000000| 29   3  68   0   0   0
  88000   20000000| 29   3  67   0   0   1
  88000   20000000| 29   2  68   0   0   0
  88000   20000000| 29   3  67   0   0   1
  88000   20000000| 14   2  82   2   0   0
  86000   20000000|  3   2  95   0   0   0
  89000   20000000|  3   2  95   0   0   0
  88000   20000000|  3   2  95   0   0   0
  90000   20000000|  3   2  96   0   0   0
  89000   20000000|  3   3  95   0   0   0
  87000   20000000|  4   2  92   2   0   0
  88000   20000000|  3   2  94   0   0   0
  88000   20000000|  2   2  96   0   0   0
  88000   20000000|  4   3  93   0   0   0
  86000   20000000|  3   2  95   0   0   0
  87000   20000000|  3   2  95   0   0   0
  88000   20000000|  3   2  94   1   0   0
  86000   20000000|  3   3  94   0   0   0
  87000   20000000|  4   3  94   0   0   0
  89000   20000000|  4   2  95   0   0   0
  91000   20000000|  2   3  95   0   0   0
  90000   20000000|  3   2  95   0   0   0
  91000   20000000|  3   2  94   1   0   0
  89000   20000000|  2   2  96   0   0   0
  93000   20000000| 18   3  79   0   0   0
  91000   20000000| 29   4  67   0   0   1
  91000   20000000| 27   2  70   0   0   1
  92000   20000000| 29   2  69   0   0   1
  97000   20000000| 29   1  68   1   0   1
 100000   20000000| 30   3  67   0   0   0
  98000   20000000| 52   3  44   0   0   2
 169000   20000000| 52   2  44   0   0   2
 226000   20000000| 46   8  38   0   0   8
 446000   15000000| 53   2  40   0   0   5
 249000 7091000| 51   4  44   1   0   0
8620B   83000| 52   3  44   0   0   0
  10000  377000| 52   3  45   0   0   1
  43000 1843000| 31   2  66   0   0   1
 186000 7957000| 28   3  68   0   0   1
 153000   11000000| 27   1  68   3   0   1
  58000   12000000| 28   2  70   0   0   1
 119000   18000000| 27   2  70   0   0   1
 183000   20000000| 27   2  69   0   0   1
 309000   19000000| 28   2  69   0   0   1
 179000   18000000| 27   2  70   0   0   1
  76000   18000000| 11   3  84   1   0   1
  85000   20000000| 14   3  83   0   0   0
  82000   20000000| 26   2  72   0   0   1
  85000   20000000| 18   2  80   0   0   0
  82000   20000000|  2   2  96   0   0   0
  83000   20000000|  1   2  95   2   0   0
  46000 7781000|  2   1  97   0   0   0
  16000 3669000|  1   2  97   0   0   0
  20000 4670000|  1   2  96   0   0   0
  27000 6173000|  1   1  98   0   0   0
  20000 3220000|  3   3  94   0   0   0
4273B 4521B|  1   2  96   1   0   0
4952B 3390B|  1   2  97   0   0   0
2926B 4878B|  1   2  97   0   0   0
2602B 6792B|  0   2  98   0   0   0
 598B    0|  2   3  95   0   0   0
2706B  161000|  3   1  96   0   0   0
5700B  633000|  1   2  96   1   0   0
9095B 1339000|  2   3  95   0   0   0
  15000 2707000|  2   2  97   0   0   0
  25000 4778000|  2   3  95   0   0   0
  47000 9529000|  3   3  95   0   0   0
  64000   15000000|  3   2  95   0   0   0
  82000   20000000|  4   3  93   1   0   0
  84000   20000000|  3   3  95   0   0   0
  84000   20000000|  2   3  95   0   0   0
  83000   20000000|  2   3  95   0   0   0
  86000   20000000|  3   3  94   0   0   0
  87000   20000000|  2   3  95   0   0   0
  86000   20000000|  4   3  92   1   0   0
  90000   20000000|  3   2  95   0   0   0
  87000   20000000|  3   2  95   0   0   0
  86000   20000000|  3   3  94   0   0   0
  87000   20000000|  3   2  95   0   0   0
  88000   20000000|  3   2  95   0   0   0
  82000   20000000|  2   3  94   1   0   0
  89000   20000000|  3   2  95   0   0   0
  86000   20000000|  2   3  95   0   0   0
  86000   20000000|  3   3  94   0   0   0
  88000   20000000|  2   3  95   0   0   0
  86000   20000000|  3   3  95   0   0   0
  87000   20000000|  3   3  94   1   0   0
  86000   20000000|  4   3  94   0   0   0
  86000   20000000|  2   3  95   0   0   0
  95000   20000000|  3   2  95   0   0   0
 103000   20000000|  2   3  95   0   0   0
 109000   20000000|  3   3  93   1   0   0
 107000   20000000|  2   3  95   0   0   0
  88000   20000000|  3   2  95   0   0   0
  89000   20000000|  2   3  95   0   0   0
  87000   20000000|  3   2  95   0   0   0
  87000   20000000|  2   2  96   0   0   0
  84000   20000000|  3   2  95   1   0   0
  85000   20000000|  3   2  95   0   0   0
  86000   20000000|  3   2  95   0   0   0
  83000   20000000|  3   3  94   0   0   0
  89000   20000000|  3   2  95   0   0   0
  87000   20000000|  3   2  96   0   0   0
  87000   20000000|  2   2  94   2   0   0
  90000   20000000|  3   2  95   0   0   0
  86000   20000000|  2   2  96   0   0   0
  88000   20000000|  4   3  94   0   0   0
  87000   20000000|  3   1  96   0   0   0
  90000   20000000|  3   2  95   0   0   0
  87000   20000000|  4   3  93   1   0   0
  87000   20000000|  2   1  96   0   0   0
  93000   20000000|  3   3  94   0   0   0
  87000   20000000|  2   2  96   0   0   0
  93000   20000000|  3   2  95   0   0   0
  87000   20000000|  2   2  96   0   0   0
  93000   20000000|  3   3  94   1   0   0
  86000   20000000|  3   2  96   0   0   0
  93000   20000000|  2   2  95   0   0   0
  85000   20000000|  2   2  95   0   0   0
  93000   20000000|  3   2  95   0   0   0
  89000   20000000|  4   2  94   0   0   0
  88000   20000000| 28   4  68   1   0   0
  92000   20000000| 28   2  70   0   0   1
  85000   20000000| 28   3  68   0   0   0
  97000   20000000| 24   3  73   0   0   0
  84000   20000000|  3   1  96   0   0   0
  90000   20000000|  2   2  96   0   0   0
  91000   20000000|  1   1  96   1   0   0
  86000   20000000|  2   2  97   0   0   0
  90000   20000000|  3   2  95   0   0   0
  87000   20000000|  2   2  96   0   0   0
  86000   20000000|  2   2  96   0   0   0
  87000   20000000|  1   1  98   0   0   0
  84000   20000000|  2   3  93   2   0   0
  89000   20000000| 13   2  85   0   0   0
  86000   20000000| 28   2  70   0   0   1
  84000   20000000|  9   1  89   0   0   0
  93000   20000000|  2   2  97   0   0   0
  84000   20000000|  2   1  97   0   0   0
  90000   20000000|  1   2  95   2   0   0
  85000   20000000|  2   2  96   0   0   0
  85000   20000000|  2   1  96   0   0   0
  85000   20000000|  2   2  97   0   0   0
  87000   20000000|  2   1  97   0   0   0
  87000   20000000|  2   2  97   0   0   0
  88000   20000000|  8   2  89   1   0   0
  87000   20000000| 26   2  72   0   0   1
  86000   20000000| 19   2  78   0   0   0
  86000   20000000|  2   1  98   0   0   0
  91000   20000000|  2   4  94   0   0   0
  34000 3856000|  1   1  98   0   0   0
8988B 6532B|  2   2  94   3   0   0
4212B 6160B|  2   2  97   0   0   0
3288B 4048B|  1   1  98   0   0   0
2588B 8392B|  1   1  98   0   0   0
 666B    0|  2   3  96   0   0   0
1940B   60000|  2   3  95   0   0   0
5734B  620000|  2   2  96   1   0   0
8100B 1235000|  2   2  96   0   0   0
  14000 2679000|  2   1  97   0   0   0
  22000 4284000|  2   2  96   0   0   0
  42000 9188000|  3   2  95   0   0   0
  61000   13000000|  3   3  95   0   0   0
  87000   20000000|  2   2  94   1   0   0
  91000   20000000|  3   2  95   0   0   0
  90000   20000000|  3   2  95   0   0   0
  88000   20000000|  3   2  96   0   0   0
  99000   20000000|  2   3  95   0   0   0
  85000   20000000|  2   3  95   0   0   0
  85000   20000000|  2   4  93   1   0   0
  87000   20000000|  3   3  95   0   0   0
  86000   20000000|  3   2  95   0   0   0
  93000   20000000|  4   3  94   0   0   0
  86000   20000000|  2   2  95   0   0   0
  86000   20000000|  3   2  95   0   0   0
  86000   20000000|  3   3  94   1   0   0
  85000   20000000|  2   3  95   0   0   0
  86000   20000000|  3   2  95   0   0   0
  84000   20000000|  3   2  95   0   0   0
  83000   20000000|  2   3  95   0   0   0
  87000   20000000|  3   3  94   0   0   0
  86000   20000000|  2   3  94   1   0   0
  85000   20000000|  3   2  95   0   0   0
  87000   20000000|  2   2  95   0   0   0
  87000   20000000|  3   2  95   0   0   0
  87000   20000000|  2   2  96   0   0   0
  87000   20000000|  3   2  95   0   0   0
  89000   20000000|  2   2  95   1   0   0
  86000   20000000|  4   2  94   0   0   0
  85000   20000000|  2   2  96   0   0   0
  86000   20000000|  3   2  95   0   0   0
  87000   20000000|  2   2  96   0   0   0
  88000   20000000|  3   2  95   0   0   0
  89000   20000000|  2   3  94   1   0   0
  90000   20000000|  2   2  96   0   0   0
  91000   20000000|  3   2  94   0   0   0
  90000   20000000|  1   2  97   0   0   0
  94000   20000000|  2   2  95   0   0   0
 123000   20000000|  2   3  95   0   0   0
 137000   20000000|  2   1  96   1   0   0
 201000   20000000|  3   2  96   0   0   0
 417000   20000000|  2   2  96   0   0   0
 242000 5411000|  2   2  96   0   0   0
  35000 1382000|  3   3  94   0   0   0
 148000 7602000|  3   3  94   0   0   0
 180000   17000000|  3   3  93   1   0   0
 128000   20000000|  3   2  95   0   0   0
  91000   20000000|  2   3  95   0   0   0
  89000   20000000|  2   2  96   0   0   0
  87000   20000000|  3   2  95   0   0   0
  89000   20000000|  2   2  96   0   0   0
  87000   20000000|  2   2  94   1   0   0
  86000   20000000|  2   3  95   0   0   0
  87000   20000000|  3   2  95   0   0   0
  91000   20000000|  4   3  93   0   0   0
  91000   20000000|  2   2  96   0   0   0
  96000   20000000|  3   2  96   0   0   0
 105000   20000000|  2   2  95   1   0   0
  85000   20000000|  4   3  93   0   0   0
  85000   20000000|  2   2  97   0   0   0
  88000   20000000|  3   3  95   0   0   0
  89000   20000000|  2   3  95   0   0   0
  90000   20000000|  3   3  95   0   0   0
  88000   20000000|  2   2  94   1   0   0
  89000   20000000|  2   2  96   0   0   0
  91000   20000000|  3   2  95   0   0   0
 105000   20000000|  3   2  95   0   0   0
 126000   20000000|  3   3  94   0   0   0
 129000   20000000|  3   2  95   0   0   0
 104000   20000000|  3   3  93   1   0   0
  88000   20000000|  3   2  96   0   0   0
  87000   20000000|  3   2  95   0   0   0
  87000   20000000| 20   2  76   0   0   1
  89000   20000000| 27   2  70   0   0   1
  86000   20000000| 28   3  68   0   0   1
  87000   20000000| 26   2  70   1   0   1
  88000   20000000| 27   3  70   0   0   1
  92000   20000000| 23   3  74   0   0   1
  88000   20000000|  2   2  97   0   0   0
  87000   20000000|  2   2  96   0   0   0
  87000   20000000|  1   1  96   2   0   0
  91000   20000000|  3   2  95   0   0   0
 100000   20000000|  3   2  96   0   0   0
 127000   20000000|  2   2  96   0   0   0
 261000   20000000|  1   1  97   0   0   0
 472000   18000000|  1   3  96   0   0   0
  58000  211000|  2   2  94   1   0   0
  26000 1120000|  2   2  95   0   0   0
  39000 2907000|  2   2  96   0   0   0
  56000 6880000|  2   2  96   0   0   0
  48000   11000000|  2   3  95   0   0   0
  72000   18000000|  2   1  97   0   0   0
  84000   20000000|  2   2  94   1   0   0
  81000   20000000|  3   2  96   0   0   0
  83000   20000000|  2   2  96   0   0   0
  84000   20000000| 16   3  81   0   0   1
  87000   20000000| 26   3  70   0   0   1
  87000   20000000| 26   2  71   0   0   1
  87000   20000000| 27   2  69   1   0   1
  87000   20000000| 11   2  87   0   0   0
  85000   20000000|  2   2  96   0   0   0
 104000   22000000|  1   1  98   0   0   0
 140000   19000000|  1   2  97   0   0   0
  45000 8605000|  3   2  96   0   0   0
  56000   14000000|  2   2  94   2   0   0
  83000   21000000|  1   3  96   0   0   0
 116000   24000000|  1   3  96   0   0   0
  89000   23000000|  2   2  96   0   0   0
 118000   15000000|  2   2  96   0   0   0
  68000   17000000|  1   2  96   0   0   0
  83000   14000000| 12   2  85   1   0   0
  63000   14000000| 26   3  71   0   0   1
  70000   17000000| 26   2  72   0   0   1
  72000   16000000| 26   2  72   0   0   0
  83000   15000000| 21   2  76   0   0   0
  57000   13000000|  2   2  96   0   0   0
  63000   11000000|  2   1  94   3   0   0
  60000   13000000|  2   2  96   0   0   0
  48000 7355000|  1   2  97   0   0   0
  23000 4870000|  2   1  97   0   0   0
  26000 5203000|  2   1  97   0   0   0
  27000 5203000|  1   2  97   0   0   0
  26000 5270000|  1   2  96   1   0   0
  26000 5137000|  1   1  98   0   0   0
  26000 5270000|  1   1  98   0   0   0
  26000 5137000|  1   2  98   0   0   0
  25000 5270000|  1   1  98   0   0   0
  25000 5403000| 19   2  79   0   0   0
  26000 5604000| 26   1  72   1   0   0
  27000 5859000| 26   1  72   0   0   0
  28000 6216000| 26   2  72   0   0   0
  31000 6804000| 26   1  73   0   0   0
  33000 7405000| 25   2  73   0   0   0
  37000 8195000| 10   2  88   0   0   0
  41000 9340000|  1   1  96   2   0   0
  37000 6766000|  1   3  96   0   0   0
3768B 4048B|  1   1  99   0   0   0
3108B 2120B|  1   2  98   0   0   0
2336B 3124B|  1   1  98   0   0   0
2056B 4796B|  1   1  99   0   0   0
1430B  156B|  1   2  95   2   0   0
1958B  224000|  1   2  97   0   0   0
3946B  553000|  1   1  98   0   0   0
4252B  786000|  1   1  98   0   0   0
8868B 1729000|  1   2  97   0   0   0
  12000 2511000|  2   1  97   0   0   0
  23000 5380000|  2   2  96   1   0   0
  32000 7547000|  1   2  98   0   0   0
  50000   13000000|  2   2  97   0   0   0
  72000   19000000|  2   3  96   0   0   0
 129000   28000000|  2   2  96   0   0   0
 130000   33000000|  2   3  95   0   0   0
 161000   32000000|  2   2  95   1   0   0
 125000   34000000|  2   3  95   0   0   0
 133000   36000000|  2   3  95   0   0   0
 143000   38000000|  2   2  96   0   0   0
 149000   39000000|  2   2  96   0   0   0
 152000   40000000|  2   3  95   0   0   0
 153000   40000000|  3   2  94   1   0   0
 154000   40000000|  2   2  96   0   0   0
 155000   40000000|  2   3  95   0   0   0
 151000   40000000|  2   3  95   0   0   0
 159000   40000000|  2   3  95   0   0   0
 185000   35000000|  2   2  96   0   0   0
 140000   36000000|  2   2  95   1   0   0
 139000   37000000|  2   3  95   0   0   0
 148000   37000000|  2   4  95   0   0   0
 148000   38000000|  1   2  96   0   0   0
 151000   39000000|  2   3  95   0   0   0
 165000   38000000|  2   3  95   0   0   0
 163000   33000000|  2   2  95   1   0   0
 135000   31000000|  1   3  96   0   0   0
 125000   32000000|  1   2  97   0   0   0
 131000   34000000|  2   3  96   0   0   0
 136000   35000000|  6   3  91   0   0   0
 142000   37000000| 25   4  70   0   0   1
 165000   37000000| 29   3  67   1   0   0
 155000   37000000| 40   3  54   0   0   2
 165000   38000000| 10   3  87   0   0   1
  97000   12000000|  1   1  98   0   0   0
  38000 6952000|  2   2  96   0   0   0
5718B 5357B|  1   1  98   0   0   0
5243B 3180B|  1   1  96   2   0   0
3189B 5088B|  1   1  98   0   0   0
2766B 6792B|  0   1  99   0   0   0
 658B    0|  1   2  97   0   0   0
2330B  100000|  1   1  98   0   0   0
5378B  646000|  2   1  97   0   0   0
6782B 1066000|  2   1  96   1   0   0
  14000 2473000|  1   2  97   0   0   0
  20000 4099000|  1   2  97   0   0   0
  37000 8164000|  2   2  96   0   0   0
  55000   13000000|  1   2  97   0   0   0
  84000   22000000|  2   2  96   0   0   0
 112000   31000000|  2   3  94   1   0   0
 150000   40000000|  2   3  95   0   0   0
 154000   40000000|  3   4  93   0   0   0
 172000   40000000|  3   3  94   0   0   0
 147000   40000000|  2   3  95   0   0   0
 151000   40000000|  3   3  95   0   0   0
 152000   40000000|  2   3  95   1   0   0
 152000   40000000|  2   3  94   0   0   0
 151000   40000000|  1   3  96   0   0   0
 151000   40000000|  2   3  94   0   0   0
 152000   40000000|  2   2  96   0   0   0
 149000   40000000|  2   3  96   0   0   0
 153000   40000000|  2   4  94   1   0   0
 151000   40000000|  2   3  95   0   0   0
 153000   40000000|  2   2  96   0   0   0
 151000   40000000|  2   3  95   0   0   1
 151000   40000000|  1   2  96   0   0   0
 163000   40000000|  2   3  95   0   0   0
 161000   40000000|  2   2  94   1   0   0
 168000   40000000|  1   3  96   0   0   0
 168000   40000000|  3   2  95   0   0   0
 169000   40000000|  2   3  95   0   0   0
 167000   40000000|  2   3  96   0   0   0
 170000   40000000|  2   2  96   0   0   0
 166000   40000000|  2   3  94   1   0   0
 168000   40000000| 10   3  87   0   0   0
 163000   40000000| 26   3  70   0   0   1
 186000   40000000| 13   3  84   0   0   1
 204000   40000000|  1   2  96   0   0   1
 331000   36000000| 21   1  77   0   0   0
 242000   30000000| 14   1  83   2   0   0
 139000   24000000|  1   2  97   0   0   0
  83000   17000000|  1   1  98   0   0   0
2970B  217000|  1   1  99   0   0   0
2354B  368000|  1   1  98   0   0   0
4398B  766000|  1   1  99   0   0   0
5453B 1134000|  1   1  96   2   0   0
  10000 2201000|  1   1  98   0   0   0
  15000 3335000|  1   1  98   0   0   0
  21000 5804000|  1   1  98   0   0   0
  35000 8943000|  1   1  98   0   0   0
  51000   14000000|  1   1  98   0   0   0
  65000 9301000|  1   1  97   1   0   0
  43000   11000000|  1   1  98   0   0   0
  51000   13000000|  2   1  97   0   0   0
  55000   13000000|  1   2  97   0   0   0
  60000   15000000|  1   2  97   0   0   0
  58000   14000000|  1   2  97   0   0   0
  64000   16000000|  2   1  97   1   0   0
  62000   15000000|  1   1  98   0   0   0
  67000   17000000|  1   1  98   0   0   0
  63000   16000000|  1   1  98   0   0   0
  67000   17000000|  1   1  98   0   0   0
  67000   16000000|  1   1  98   0   0   0
  69000   17000000|  1   1  96   2   0   0
  67000   16000000|  1   1  98   0   0   0
  69000   17000000|  1   2  97   0   0   0
  67000   17000000|  1   2  98   0   0   0
  67000   16000000|  2   1  97   0   0   0
  69000   17000000| 13   2  85   0   0   0
  65000   16000000| 25   1  72   1   0   0
  70000   18000000| 21   2  77   0   0   0
  70000   17000000|  1   2  97   0   0   0
  48000 7875000|  0   1  99   0   0   0
2535B 1617B|  1   1  99   0   0   0
2450B  916B|  0   1  99   0   0   0
1244B 1722B|  1   1  96   3   0   0
 894B 2098B|  1   1  98   0   0   0
1406B   80000|  1   1  98   0   0   0
1881B  196000|  1   0  99   0   0   0
3310B  489000|  1   1  98   0   0   0
4036B  686000|  1   1  98   0   0   0
8053B 1576000|  1   1  97   1   0   0
  13000 1465000|  1   1  99   0   0   0
8578B 1565000|  1   1  98   0   0   0
8984B 1715000|  1   1  98   0   0   0
8774B 1731000|  1   1  98   0   0   0
  11000 1284000|  1   1  98   0   0   0
7504B 1488000|  1   1  98   1   0   0
7932B 1447000|  1   1  98   0   0   0
7534B 1568000|  0   1  99   0   0   0
7244B 1465000|  1   1  98   0   0   0
8654B 1534000|  1   1  98   0   0   0
  12000 1503000|  1   1  99   0   0   0
8860B 1545000|  1   1  97   1   0   0
7752B 1657000|  1   1  98   0   0   0
9990B 1935000|  1   1  98   0   0   0
9764B 2108000|  1   1  99   0   0   0
  11000 2495000|  1   1  98   0   0   0
  19000 2507000|  1   1  98   0   0   0
  12000 2298000|  1   2  97   1   0   0
  12000 2639000|  1   1  99   0   0   0
  10000 2602000|  1   1  98   0   0   0
  19000 2511000|  0   1  98   0   0   0
  10000 2135000|  1   1  98   0   0   0
  12000 2335000|  1   1  98   0   0   0
  11000 2188000|  1   1  97   2   0   0
9992B 2215000|  1   1  99   0   0   0
  11000 2335000|  1   1  98   0   0   0
  10000 2201000|  1   1  98   0   0   0
  10000 2402000|  1   1  98   0   0   0
  12000 2602000|  1   1  98   0   0   0
  13000 2535000|  1   1  97   1   0   0
  12000 2802000|  1   1  98   0   0   0
  13000 3002000|  1   1  98   0   0   0
  15000 3469000|  1   2  98   0   0   0
  18000 3828000|  1   1  98   0   0   0
  20000 4711000|  1   1  98   0   0   0
  21000 5403000|  1   1  97   1   0   0
  32000 6604000|  1   1  98   0   0   0
  31000 7672000|  1   2  97   0   0   0
  36000 9339000|  1   1  98   0   0   0
  41000   11000000|  1   1  98   0   0   0
  49000   13000000|  1   2  97   0   0   0
  63000   15000000|  1   2  96   1   0   0
  80000   15000000|  1   2  98   0   0   0
  60000   14000000|  0   2  98   0   0   0
  53000   14000000|  1   1  98   0   0   0
  75000   14000000|  1   1  98   0   0   0
  50000   11000000|  1   2  97   0   0   0
  47000   12000000|  1   1  97   1   0   0
  49000   11000000|  1   1  98   0   0   0
  56000 9160000|  1   1  98   0   0   0
  39000 9473000|  2   1  97   0   0   0
  40000 9873000|  1   1  98   0   0   0
  48000 7427000|  1   1  98   0   0   0
  33000 7719000|  1   1  97   1   0   0
  32000 7958000|  1   1  99   0   0   0
  33000 8205000|  1   2  98   0   0   0
  38000 8539000|  1   1  98   0   0   0
  39000 8472000|  1   1  98   0   0   0
  39000 8472000|  1   2  98   0   0   0
  35000 8539000|  1   2  96   1   0   0
  36000 8672000|  1   1  98   0   0   0
  35000 8339000|  1   2  97   0   0   0
  34000 8672000|  1   2  98   0   0   0
  34000 8539000|  1   1  98   0   0   0
  39000 8939000|  1   2  98   0   0   0
  37000 9072000|  1   2  96   1   0   0
  40000 9473000|  1   1  98   0   0   0
  41000 9940000|  1   1  98   0   0   0
  42000   10000000|  1   1  98   0   0   0
  46000   11000000|  1   1  98   0   0   0
  49000   12000000|  1   1  97   0   0   0
  53000   14000000|  1   2  96   1   0   0
  57000   15000000|  1   1  98   0   0   0
  66000   17000000|  2   2  97   0   0   0
  70000   18000000|  1   2  97   0   0   0
  82000   21000000| 23   2  75   0   0   0
  84000   22000000| 15   1  84   0   0   0
  97000   25000000|  1   3  94   1   0   0
  17000 4134B|  0   1  99   0   0   0
4097B 1432B|  1   1  99   0   0   0
2108B 3252B|  1   1  99   0   0   0
2747B 1648B|  0   1  99   0   0   0
 932B 3896B|  1   1  95   2   0   0
3224B  161000|  1   1  98   0   0   0
2934B  406000|  1   1  99   0   0   0
5174B  866000|  1   1  98   0   0   0
6614B 1305000|  1   1  98   0   0   0
  13000 2870000|  1   1  98   0   0   0
  20000 4253000|  1   2  96   1   0   0
  33000 8334000|  0   2  98   0   0   0
  41000   11000000|  1   1  98   0   0   0
  64000   19000000|  2   2  97   0   0   0
  90000   26000000|  3   2  95   0   0   0
 136000   38000000|  1   2  97   0   0   0
 149000   40000000|  2   2  95   1   0   0
 148000   40000000|  2   2  96   0   0   0
 152000   40000000|  2   2  96   0   0   0
 151000   40000000|  2   2  97   0   0   0
 147000   40000000|  2   2  96   0   0   0
 147000   40000000|  2   2  96   0   0   0
 150000   40000000|  2   3  94   1   0   0
 150000   40000000|  2   2  97   0   0   0
 163000   40000000|  2   2  96   0   0   0
 211000   40000000|  3   2  96   0   0   0
 184000   40000000|  2   2  97   0   0   0
 166000   40000000|  2   2  96   0   0   0
 258000   40000000|  1   1  96   1   0   0
 574000   39000000|  1   1  98   0   0   0
  92000   76000|  1   1  98   0   0   0
  11000  473000|  1   1  98   0   0   0
  21000 1158000|  2   2  96   0   0   0
  22000 2971000|  1   1  98   0   0   0
  25000 5019000|  1   1  97   1   0   0
  45000 9078000|  1   1  98   0   0   0
  60000   10000000|  2   2  97   0   0   0
  75000   17000000|  1   1  98   0   0   0
  93000   23000000|  2   2  96   0   0   0
 129000   33000000|  1   1  98   0   0   0
 148000   39000000|  2   2  95   1   0   0
 157000   40000000| 16   2  81   0   0   1
 153000   40000000| 10   2  89   0   0   0
 153000   40000000|  1   1  98   0   0   0
  64000 8696000|  1   1  98   0   0   0
  33000 6404000|  1   1  98   0   0   0
  33000 6370000|  1   1  96   2   0   0
  32000 6238000|  1   1  98   0   0   0
  32000 6404000|  1   1  99   0   0   0
  34000 6671000|  1   1  98   0   0   0
  38000 7004000|  1   1  99   0   0   0
  36000 7338000|  1   1  98   0   0   0
  36000 8222000|  1   1  98   1   0   0
  37000 8389000|  1   2  98   0   0   0
  43000   10000000|  1   1  98   0   0   0
  47000   10000000|  1   1  99   0   0   0
  52000   12000000|  1   1  98   0   0   0
  55000   13000000| 11   1  89   0   0   0
  68000 9842000| 26   1  72   1   0   1
  39000 9940000| 25   1  73   0   0   0
  47000   11000000| 26   0  74   0   0   0
  48000   12000000|  1   2  97   0   0   0
  53000   13000000|  0   0 100   0   0   0
  54000   13000000|  1   2  97   0   0   0
  32000 4995000|  1   1  96   3   0   0
7075B 4899B|  1   0  99   0   0   0
3260B 4620B|  0   1  99   0   0   0
2366B 3036B|  0   1  99   0   0   0
2382B 6294B|  1   0  99   0   0   0
1414B  444B|  1   2  97   0   0   0
4054B  438000|  1   1  97   1   0   0
5702B  792000|  1   1  98   0   0   0
  11000 1889000|  1   1  98   0   0   0
  17000 3287000|  1   1  98   0   0   0
  35000 6914000|  2   1  97   0   0   0
  52000   11000000|  1   2  97   0   0   0
  80000   14000000|  1   2  96   1   0   0
  65000   17000000|  1   2  97   0   0   0
  95000   23000000|  2   2  97   0   0   0
 108000   29000000|  2   1  96   0   0   0
 142000   39000000|  2   1  97   0   0   0
 145000   40000000|  2   2  97   0   0   0
 145000   40000000|  2   2  96   1   0   0
 152000   40000000|  2   2  96   0   0   0
 152000   40000000|  1   2  97   0   0   0
 252000   40000000|  2   1  97   0   0   0
 180000   40000000|  2   2  96   0   0   0
 235000   40000000|  2   2  97   0   0   0
 195000   37000000|  2   2  95   1   0   0
 135000   35000000|  2   1  97   0   0   0
 147000   37000000|  2   2  96   0   0   0
 185000   34000000|  2   2  97   0   0   0
 134000   30000000|  2   1  97   0   0   0
 125000   33000000|  2   2  96   0   0   0
 129000   34000000| 14   2  83   1   0   0
 139000   36000000| 25   3  71   0   0   1
 145000   38000000|  4   2  94   0   0   1
 152000   35000000|  1   2  97   0   0   0
  79000   19000000|  1   1  98   0   0   0
  90000   16000000|  1   1  98   0   0   0
  71000   17000000|  0   2  95   3   0   0
  70000   17000000|  1   1  97   0   0   0
  78000   19000000|  1   2  97   0   0   0
  84000   17000000|  1   2  97   0   0   0
  73000   18000000|  1   2  98   0   0   0
  78000   19000000|  1   1  98   0   0   0
  76000   19000000|  1   1  97   1   0   0
  80000   19000000|  1   2  98   0   0   0
  80000   19000000|  1   2  98   0   0   0
  82000   20000000|  1   1  97   0   0   0
  82000   19000000|  1   1  98   0   0   0
  83000   20000000|  1   1  98   0   0   0
  80000   20000000|  1   2  96   1   0   0
  87000   20000000|  1   1  98   0   0   0
  82000   20000000|  1   1  98   0   0   0
  82000   20000000|  1   2  97   0   0   0
  84000   21000000|  1   2  97   0   0   0
  85000   22000000|  1   2  98   0   0   0
  86000   22000000|  1   2  96   1   0   0
  93000   24000000|  1   1  98   0   0   0
  98000   25000000|  1   2  97   0   0   0
 104000   27000000|  1   2  97   0   0   0
 114000   30000000|  1   2  97   0   0   0
 125000   33000000|  1   2  97   0   0   0
 134000   36000000|  1   2  96   1   0   0
 144000   39000000| 25   3  71   0   0   1
 152000   40000000| 10   2  88   0   0   0
 153000   38000000|  1   1  98   0   0   0
  86000   21000000|  1   1  98   0   0   0
  91000   24000000|  1   1  98   0   0   0
  99000   27000000|  1   1  96   2   0   0
 115000   31000000|  1   1  98   0   0   0
 129000   35000000|  8   1  90   0   0   1
 148000   39000000|  9   1  89   0   0   1
 148000   32000000|  1   2  98   0   0   0
5832B 6768B|  0   0  99   0   0   0
6432B 4616B|  0   0  97   2   0   0
3836B 6248B|  0   0 100   0   0   0
2376B 1350B|  1   1  99   0   0   0
3058B 8242B|  0   0 100   0   0   0
 733B    0|  1   2  97   0   0   0
4546B  303000|  1   1  98   0   0   0
6410B  873000|  1   1  98   1   0   0
9318B 1558000|  1   0  99   0   0   0
  15000 2935000|  1   1  98   0   0   0
  24000 5120000|  2   1  97   0   0   0
  41000 9230000|  2   1  98   0   0   0
  65000   15000000|  1   2  97   0   0   0
  87000   24000000|  2   1  96   1   0   0
 133000   35000000|  2   2  96   0   0   0
 156000   40000000|  2   2  95   0   0   0
 153000   40000000|  2   2  95   0   0   0
 153000   40000000|  2   3  95   0   0   0
 159000   40000000|  2   3  96   0   0   0
 158000   40000000|  2   3  94   1   0   0
 154000   40000000|  1   2  97   0   0   0
 156000   40000000|  2   4  94   0   0   0
 149000   40000000|  2   2  96   0   0   0
 146000   40000000|  2   2  96   0   0   0
 154000   40000000|  2   2  96   0   0   0
 149000   40000000|  2   2  94   1   0   0
 147000   40000000|  2   2  96   0   0   0
 151000   40000000|  2   2  96   0   0   0
 160000   40000000|  2   2  96   0   0   0
 157000   40000000|  2   2  96   0   0   0
 154000   40000000|  1   2  97   0   0   0
 153000   40000000|  3   1  96   1   0   0
 156000   40000000|  2   2  96   0   0   0
 158000   40000000|  2   2  95   0   0   0
 159000   40000000|  2   2  96   0   0   0
 160000   40000000|  2   2  97   0   0   0
 153000   40000000|  1   2  97   0   0   0
 158000   40000000|  2   2  95   1   0   0
 160000   40000000|  2   1  97   0   0   0
 160000   40000000|  2   2  97   0   0   0
 164000   40000000|  3   2  95   0   0   0
 166000   40000000|  2   1  97   0   0   0
 170000   40000000|  2   1  97   0   0   0
 164000   40000000|  2   2  95   1   0   0
 165000   40000000|  2   2  96   0   0   0
 168000   40000000|  2   2  96   0   0   0
 172000   40000000|  1   2  97   0   0   0
 173000   40000000|  2   2  96   0   0   0
 178000   40000000|  1   2  97   0   0   0
 186000   40000000|  1   1  97   1   0   0
 266000   40000000|  2   1  97   0   0   0
 411000   30000000|  1   0  99   0   0   0
  38000  145000|  1   1  98   0   0   0
8838B  334000|  2   1  98   0   0   0
  22000  855000|  1   1  98   0   0   0
  24000 1004000|  1   0  98   1   0   0
  31000 1402000|  1   1  98   0   0   0
  35000 1571000|  1   1  98   0   0   0
  59000 2645000|  1   1  97   0   0   0
 103000 4674000|  1   1  98   0   0   0
 163000   13000000|  2   1  97   0   0   0
  84000   20000000|  2   1  96   1   0   0
 123000   31000000|  6   2  93   0   0   0
 158000   40000000| 25   4  70   0   0   1
 158000   40000000| 19   3  78   0   0   1
 163000   40000000|  1   1  98   0   0   0
 164000   40000000|  1   2  97   0   0   0
 166000   40000000| 17   2  78   3   0   0
 177000   40000000|  0   1  98   0   0   1
 149000   23000000|  1   1  99   0   0   0
  78000 3888000|  1   0  99   0   0   0
  38000 4671000|  1   1  99   0   0   0
  55000 4699000|  0   0 100   0   0   0
  42000 2603000|  1   1  96   2   0   0
  31000 3705000|  1   0  99   0   0   0
  19000 4062000|  1   1  99   0   0   0
  23000 5270000|  1   1  99   0   0   0
  24000 5549000|  0   0  99   0   0   0
  32000 7326000|  1   1  99   0   0   0
  35000 7805000|  1   0  98   1   0   0
  44000   10000000|  1   0  99   0   0   0
  50000   11000000|  1   1  99   0   0   0
  63000   15000000|  1   1  99   0   0   0
  65000   17000000|  1   1  99   0   0   0
  87000   21000000|  1   1  99   0   0   0
  91000   10000000|  1   1  98   1   0   0
  46000 8760000|  1   1  99   0   0   0
  43000 9806000|  1   1  99   0   0   0
  44000   10000000|  3   1  96   0   0   0
  68000   10000000| 25   1  74   0   0   0
  40000 8099000| 26   0  73   0   0   0
  38000 8806000| 25   0  73   1   0   0
  38000 8408000| 26   1  73   0   0   0
  44000 9137000| 26   0  74   0   0   0
  42000 7286000| 25   1  74   0   0   0
  37000 8072000| 26   1  74   0   0   0
  37000 8658000| 25   0  74   0   0   0
  42000 9049000| 36   1  62   1   0   0
  42000 8084000| 49   0  50   0   0   1
  36000 8539000| 49   1  49   0   0   1
  38000 8062000| 30   2  68   0   0   1
  48000 7688000| 25   0  73   2   0   0
  34000 6345000| 25   0  75   0   0   0
  34000 7460000| 25   0  75   0   0   0
  37000 8399000| 25   1  75   0   0   0
  37000 8423000|  2   1  97   0   0   0
  34000 6294000|  0   0  98   2   0   0
  10000 1868000|  0   0 100   0   0   0
9704B 1868000|  0   0 100   0   0   0
8472B 1868000|  0   0 100   0   0   0
9870B 2201000|  0   0 100   0   0   0
  11000 2268000|  0   0  99   1   0   0
  13000 2668000|  0   0 100   0   0   0
  15000 3202000|  0   0 100   0   0   0
  18000 3736000|  0   0 100   0   0   0
  25000 4403000|  0   0 100   0   0   0
  23000 5403000|  0   1  99   0   0   0
  15000 2028000|  0   0  98   2   0   0
 559B    0|  0   0 100   0   0   0
