   0     0|  1   1  94   4   0   0
1477B 1805B|  3   3  94   0   0   0
2182B  716B|  3   3  95   0   0   0
1604B 1626B|  3   3  94   0   0   0
2522B 2756B|  3   3  94   0   0   0
1424B   30000|  4   3  94   0   0   0
1652B   76000|  3   2  93   2   0   0
1754B  105000|  3   2  95   0   0   0
1706B  151000|  3   2  95   0   0   0
1854B  175000|  4   2  94   0   0   0
2768B  326000|  4   3  94   0   0   0
3196B  424000|  3   2  95   0   0   0
5206B  685000|  3   3  93   1   0   0
5980B  913000|  4   2  94   0   0   0
9668B 1370000|  5   3  92   0   0   0
  12000 1989000|  4   3  94   0   0   0
  15000 2713000|  3   3  94   0   0   0
  18000 3810000|  3   3  94   0   0   0
  24000 4736000|  4   2  93   1   0   0
  29000 6471000|  4   2  94   0   0   0
  37000 8272000|  4   2  94   0   0   0
  52000 9774000|  5   3  93   0   0   0
  48000 8423000|  4   3  93   0   0   0
  39000 9289000|  4   3  94   0   0   0
  42000 9740000|  5   3  91   1   0   0
  44000   10000000|  4   2  94   0   0   0
  45000   10000000|  4   2  94   0   0   0
  47000   11000000|  4   2  94   0   0   0
  50000   11000000|  3   3  94   0   0   0
  47000   11000000|  4   3  93   0   0   0
  50000   11000000|  4   2  93   1   0   0
  49000   11000000|  4   2  94   0   0   0
  51000   11000000|  3   3  94   0   0   0
  49000   11000000|  4   2  94   0   0   0
  47000   11000000|  5   2  93   0   0   0
  49000   11000000|  3   2  95   0   0   0
  53000   11000000|  4   2  94   1   0   0
  53000   11000000|  5   3  93   0   0   0
  52000   12000000|  5   2  93   0   0   0
  53000   12000000|  3   2  94   0   0   0
  56000   13000000|  4   2  94   0   0   0
  58000   14000000|  4   3  93   0   0   0
  60000   15000000|  5   3  91   1   0   0
  70000   16000000|  5   3  93   0   0   0
  68000   17000000|  4   3  93   0   0   0
  76000   19000000|  4   3  93   0   0   0
  79000   20000000|  5   3  92   0   0   0
  89000   24000000|  5   4  91   0   0   0
  93000   25000000|  3   4  92   1   0   0
 106000   29000000|  5   3  92   0   0   0
 114000   31000000|  5   3  92   0   0   0
 128000   35000000|  5   4  92   0   0   0
 189000   34000000| 24   4  71   0   0   2
 155000   29000000| 12   3  84   0   0   1
  41000 5069000|  5   4  90   2   0   0
2807B 1751B|  2   2  96   0   0   0
2361B 1492B|  2   3  95   0   0   0
1396B 1092B|  3   3  95   0   0   0
1402B   17000|  3   2  95   0   0   0
2428B   80000|  4   2  93   1   0   0
1234B  105000|  3   3  95   0   0   0
1434B  122000|  3   2  95   0   0   0
1998B  215000|  3   3  95   0   0   0
2326B  255000|  4   2  94   0   0   0
3267B  424000|  4   2  94   0   0   0
3427B  463000|  4   3  92   1   0   0
5340B  848000|  4   2  95   0   0   0
8061B 1207000|  3   3  94   0   0   0
9438B 1533000|  4   2  95   0   0   0
  13000 2364000|  3   2  95   0   0   0
  12000 2802000|  4   2  95   0   0   0
  19000 4136000|  5   2  92   1   0   0
  21000 4736000|  3   2  95   0   0   0
  28000 6871000|  3   2  94   0   0   0
  31000 7672000|  3   2  94   0   0   0
  43000   11000000|  3   3  94   0   0   0
  49000   12000000|  4   4  93   0   0   0
  66000   17000000|  3   3  93   1   0   0
  71000   20000000|  4   3  93   0   0   0
 119000   21000000|  4   3  93   0   0   0
  70000   18000000|  5   3  92   0   0   0
  96000   17000000|  5   3  93   0   0   0
  65000   15000000|  4   3  93   0   0   0
  58000   15000000|  4   2  93   1   0   0
  59000   16000000|  4   2  94   0   0   0
  62000   16000000|  4   2  94   0   0   0
  64000   17000000|  5   2  93   0   0   0
  61000   16000000|  3   3  94   0   0   0
  65000   17000000|  5   3  92   0   0   0
  63000   16000000|  4   2  93   1   0   0
  67000   18000000|  4   4  93   0   0   0
  66000   16000000|  4   3  93   0   0   0
  68000   17000000|  5   3  92   0   0   0
  68000   17000000|  4   3  94   0   0   0
  70000   17000000|  4   2  94   0   0   0
  66000   17000000|  4   3  92   1   0   0
  66000   17000000|  5   2  92   0   0   0
  68000   18000000|  4   3  94   0   0   0
  69000   18000000|  4   3  93   0   0   0
  77000   19000000|  4   2  94   0   0   0
  77000   19000000|  4   2  94   0   0   0
  79000   21000000|  4   3  92   1   0   0
  77000   20000000| 18   2  79   0   0   0
  85000   23000000| 29   3  67   0   0   0
  84000   23000000| 10   4  86   0   0   0
  29000 2986000|  5   3  92   0   0   0
2720B 1570B|  3   3  95   0   0   0
1636B 1492B|  3   3  92   2   0   0
1368B 1092B|  3   2  96   0   0   0
1366B   17000|  2   3  95   0   0   0
2246B   90000|  3   3  94   0   0   0
1418B   89000|  3   1  96   0   0   0
1974B  138000|  3   3  95   0   0   0
1498B  156000|  3   2  93   2   0   0
3222B  310000|  3   2  95   0   0   0
2898B  359000|  3   2  95   0   0   0
6952B  587000|  3   2  95   0   0   0
4998B  717000|  3   2  95   0   0   0
8776B 1278000|  4   3  94   0   0   0
  11000 1788000|  4   3  93   1   0   0
  13000 2370000|  3   2  95   0   0   0
  15000 3135000|  3   2  95   0   0   0
  18000 4136000|  3   2  95   0   0   0
  22000 5203000|  3   3  95   0   0   0
  36000 5366000|  3   2  95   0   0   0
  24000 5203000|  3   3  93   1   0   0
  32000 4266000|  4   2  94   0   0   0
  22000 4185000|  3   2  95   0   0   0
  22000 4269000|  3   3  94   0   0   0
  25000 4727000|  4   3  93   0   0   0
  22000 4278000|  4   2  94   0   0   0
  21000 4603000|  3   3  93   1   0   0
  20000 4269000|  4   3  93   0   0   0
  20000 4536000|  3   2  96   0   0   0
  20000 4470000|  4   2  95   0   0   0
  24000 4936000|  4   2  94   0   0   0
  25000 4736000|  4   3  93   0   0   0
  25000 4936000|  3   3  93   1   0   0
  34000 5270000|  4   3  94   0   0   0
  28000 5537000|  3   3  95   0   0   0
  31000 6251000|  3   3  95   0   0   0
  31000 6540000|  4   2  94   0   0   0
  35000 7955000|  3   3  95   0   0   0
  36000 8205000|  4   3  92   2   0   0
  44000   10000000|  4   3  94   0   0   0
  46000   11000000|  4   3  93   0   0   0
  53000   13000000|  4   3  93   0   0   0
  56000   14000000|  4   3  93   0   0   0
  65000   17000000|  4   2  94   0   0   0
  74000   19000000|  4   3  92   1   0   0
  82000   22000000|  4   3  93   0   0   0
  97000   25000000|  4   3  93   0   0   0
 111000   29000000|  4   3  93   0   0   0
 113000   33000000|  4   3  93   0   0   0
 127000   37000000|  4   4  92   0   0   0
 133000   36000000|  4   3  91   1   0   0
 139000   34000000|  3   5  92   0   0   0
 143000   34000000|  4   4  92   0   0   0
 148000   34000000|  4   4  92   0   0   0
 147000   34000000|  9   3  88   0   0   0
   0     0|  4   4  91   0   0   0
   0     0|  3   2  93   2   0   0
   0     0|  3   2  95   0   0   0
   0     0|  2   2  96   0   0   0
   0     0|  2   2  96   0   0   0
   0     0|  3   2  95   0   0   0
   0     0|  4   2  95   0   0   0
   0     0|  3   2  94   2   0   0
   0     0|  3   3  94   0   0   0
   0     0|  3   2  96   0   0   0
   0     0|  2   2  96   0   0   0
   0     0|  3   1  96   0   0   0
   0     0|  4   1  95   0   0   0
   0     0|  3   2  94   1   0   0
   0     0|  2   2  95   0   0   0
   0     0|  3   1  96   0   0   0
   0     0|  4   2  94   0   0   0
   0     0|  3   2  95   0   0   0
   0     0|  3   2  95   0   0   0
   0     0|  3   2  94   1   0   0
   0     0|  3   2  95   0   0   0
   0     0|  4   2  94   0   0   0
   0     0|  4   2  93   0   0   0
   0     0|  3   3  95   0   0   0
   0     0|  4   2  94   0   0   0
   0     0|  4   3  93   1   0   0
   0     0|  4   3  94   0   0   0
   0     0|  5   2  93   0   0   0
   0     0|  4   3  94   0   0   0
   0     0|  4   3  93   0   0   0
   0     0|  4   4  92   0   0   0
   0     0|  4   3  91   2   0   0
   0     0|  4   3  94   0   0   0
   0     0|  4   3  94   0   0   0
   0     0|  5   2  93   0   0   0
   0     0|  4   3  93   0   0   0
   0     0|  4   2  94   0   0   0
   0     0|  3   3  93   1   0   0
   0     0|  3   4  93   0   0   0
   0     0|  5   2  93   0   0   0
   0     0|  4   3  93   0   0   0
   0     0|  2   4  94   0   0   0
   0     0|  5   2  93   0   0   0
   0     0|  4   2  94   1   0   0
   0     0|  4   3  94   0   0   0
   0     0|  5   2  93   0   0   0
   0     0|  5   3  93   0   0   0
   0     0|  3   2  95   0   0   0
   0     0|  5   1  94   0   0   0
   0     0| 22   2  74   1   0   1
   0     0| 30   2  68   0   0   1
   0     0| 30   2  68   0   0   1
2462000  592000000|  9   3  88   0   0   0
  32000 5355000|  5   4  92   0   0   0
6151B 2313B|  2   2  96   0   0   0
1791B 1540B|  3   3  92   2   0   0
1368B 1012B|  2   3  95   0   0   0
1481B 2098B|  3   3  95   0   0   0
1749B   80000|  4   2  94   0   0   0
1471B   98000|  2   2  96   0   0   0
1636B  117000|  2   2  96   0   0   0
2008B  202000|  3   3  93   1   0   0
2635B  236000|  3   2  95   0   0   0
2731B  391000|  2   2  96   0   0   0
3252B  457000|  3   3  94   0   0   0
4252B  717000|  3   1  96   0   0   0
5718B  931000|  3   3  95   0   0   0
8212B 1385000|  4   2  94   1   0   0
  11000 1826000|  3   1  96   0   0   0
  14000 2658000|  3   2  95   0   0   0
  15000 3026000|  3   3  94   0   0   0
  18000 2611000|  2   2  96   0   0   0
  14000 2868000|  3   3  94   0   0   0
  15000 3269000|  4   2  93   1   0   0
  16000 3269000|  3   2  95   0   0   0
  16000 3402000|  3   2  95   0   0   0
  16000 3202000|  3   4  94   0   0   0
  23000 3469000|  3   2  95   0   0   0
  16000 3202000|  3   2  95   0   0   0
  18000 3402000|  3   2  94   1   0   0
  14000 3458000|  3   3  94   0   0   0
  18000 3679000|  3   2  95   0   0   0
  19000 3736000|  3   2  95   0   0   0
  18000 4003000|  3   3  94   0   0   0
  23000 4536000|  3   2  95   0   0   0
  22000 4765000|  2   2  94   1   0   0
  27000 5642000|  3   2  95   0   0   0
  29000 6137000|  3   2  95   0   0   0
  35000 7538000|  4   3  94   0   0   0
  37000 8339000|  3   3  94   0   0   0
  45000   10000000|  5   2  93   0   0   0
  47000   11000000|  3   3  93   1   0   0
  55000   14000000|  4   3  94   0   0   0
  62000   15000000|  5   3  93   0   0   0
  73000   18000000|  4   3  94   0   0   0
  76000   21000000|  3   3  94   0   0   0
  86000   24000000|  5   3  93   0   0   0
  99000   27000000|  5   2  92   1   0   0
 114000   31000000|  4   3  93   0   0   0
 134000   35000000|  4   3  93   0   0   0
 140000   38000000|  4   2  94   0   0   0
 137000   34000000|  4   2  93   0   0   0
 147000   34000000|  4   3  93   0   0   0
 146000   34000000|  4   3  92   1   0   0
 149000   34000000|  5   3  93   0   0   0
 149000   34000000|  4   3  93   0   0   0
 149000   36000000|  8   3  89   0   0   0
 101000   20000000|  4   4  92   0   0   0
2175B 1905B|  3   2  96   0   0   0
2046B  846B|  3   2  93   2   0   0
1234B 1626B|  2   2  95   0   0   0
 980B 2264B|  2   3  96   0   0   0
1662B   65000|  3   1  96   0   0   0
1555B  108000|  3   3  95   0   0   0
1586B  114000|  2   2  96   0   0   0
1790B  182000|  2   3  94   1   0   0
2680B  230000|  2   2  96   0   0   0
3486B  359000|  3   2  95   0   0   0
5239B  620000|  3   4  94   0   0   0
5735B  815000|  2   3  95   0   0   0
8094B 1239000|  2   2  96   0   0   0
9192B 1598000|  3   2  94   1   0   0
  12000 2366000|  3   2  95   0   0   0
  14000 2935000|  3   2  95   0   0   0
  17000 3936000|  3   3  94   0   0   0
  20000 4736000|  2   1  97   0   0   0
  28000 6583000|  3   4  94   0   0   0
  32000 7743000|  3   2  94   1   0   0
  40000   10000000|  3   4  94   0   0   0
  47000   12000000|  3   4  94   0   0   0
  57000   16000000|  4   3  93   0   0   0
  73000   19000000|  4   3  93   0   0   0
  95000   24000000|  4   3  93   0   0   0
 111000   30000000|  4   3  92   1   0   0
 127000   37000000|  5   3  93   0   0   0
 155000   36000000|  4   3  93   0   0   0
 150000   34000000|  4   4  92   0   0   0
 154000   34000000|  4   3  93   0   0   0
 154000   34000000|  5   4  92   0   0   0
 150000   34000000|  3   5  91   1   0   0
 157000   34000000|  4   3  93   0   0   0
 146000   34000000|  3   3  94   0   0   0
 148000   34000000|  5   3  92   0   0   0
 149000   34000000|  4   4  93   0   0   0
 153000   34000000|  9   3  88   0   0   0
 148000   38000000|  4   4  91   1   0   1
  26000 2747B|  4   3  93   0   0   0
1666B  786B|  2   3  95   0   0   0
1170B 1626B|  3   2  95   0   0   0
1178B 2772B|  2   2  96   0   0   0
1158B   30000|  3   3  92   2   0   0
1434B   83000|  2   2  96   0   0   0
4760B  116000|  3   1  96   0   0   0
1434B  125000|  2   2  96   0   0   0
2528B  234000|  2   2  96   0   0   0
2484B  308000|  2   2  96   0   0   0
2634B  391000|  3   2  94   1   0   0
2834B  489000|  2   3  95   0   0   0
4774B  783000|  3   3  94   0   0   0
6593B  978000|  2   3  95   0   0   0
9368B 1533000|  3   3  95   0   0   0
  11000 1903000|  2   2  96   0   0   0
  13000 2791000|  2   3  95   1   0   0
  14000 3269000|  3   2  95   0   0   0
  21000 4670000|  3   2  95   0   0   0
  24000 5537000|  3   2  94   0   0   0
  33000 7738000|  3   2  95   0   0   0
  39000 9473000|  3   2  95   0   0   0
  50000   12000000|  3   3  93   2   0   0
  62000   15000000|  4   2  94   0   0   0
  72000   19000000|  4   3  93   0   0   0
  91000   24000000|  3   2  95   0   0   0
 116000   30000000|  4   3  93   0   0   0
 130000   37000000|  3   2  94   0   0   0
 147000   36000000|  4   3  92   2   0   0
 152000   34000000|  4   3  93   0   0   0
 197000   31000000|  4   3  93   0   0   0
 107000   29000000|  4   3  93   0   0   0
 115000   30000000|  3   3  94   0   0   0
 127000   32000000|  5   1  94   0   0   0
 120000   33000000|  3   2  93   1   0   0
 121000   34000000|  4   3  94   0   0   0
 135000   35000000|  4   2  94   0   0   0
 157000   34000000|  6   3  92   0   0   0
 138000   26000000| 29   3  68   0   0   0
 101000   26000000|  6   4  90   0   0   1
  18000 2747B|  2   2  94   2   0   0
1890B  786B|  2   2  96   0   0   0
1737B 1626B|  2   3  95   0   0   0
1546B 2772B|  2   3  96   0   0   0
2912B   31000|  2   2  96   0   0   0
1620B   82000|  2   3  95   0   0   0
1636B  120000|  3   3  94   1   0   0
2182B  127000|  2   2  96   0   0   0
2318B  209000|  3   2  95   0   0   0
2646B  261000|  2   2  96   0   0   0
3356B  420000|  3   3  95   0   0   0
4274B  591000|  3   3  95   0   0   0
4960B  750000|  2   3  94   1   0   0
6666B 1109000|  3   3  94   0   0   0
9038B 1468000|  3   2  95   0   0   0
  12000 2120000|  3   2  95   0   0   0
  13000 2677000|  2   2  96   0   0   0
  16000 3602000|  3   3  94   0   0   0
  20000 4470000|  2   2  94   1   0   0
  27000 6137000|  3   3  94   0   0   0
  34000 7338000|  2   2  95   0   0   0
  44000   10000000|  2   3  95   0   0   0
  50000   12000000|  4   3  94   0   0   0
  68000   17000000|  4   3  94   0   0   0
  78000   20000000|  3   2  94   1   0   0
  95000   26000000|  3   2  95   0   0   0
 107000   31000000|  4   2  94   0   0   0
 131000   38000000|  4   3  93   0   0   0
 142000   36000000|  4   3  94   0   0   0
 148000   34000000|  4   2  94   0   0   0
 150000   34000000|  4   2  93   1   0   0
 150000   34000000|  3   3  94   0   0   0
 151000   34000000|  3   3  94   0   0   0
 153000   34000000|  4   3  93   0   0   0
 150000   34000000|  4   3  94   0   0   0
 157000   34000000|  4   2  94   0   0   0
 154000   34000000|  4   2  93   1   0   0
 153000   34000000|  9   3  87   0   0   0
 156000   36000000|  4   3  93   0   0   0
  16000 2817B|  3   2  96   0   0   0
1670B  716B|  2   2  95   0   0   0
1166B 1626B|  2   3  95   0   0   0
1784B 2772B|  2   2  95   2   0   0
 950B   31000|  2   3  95   0   0   0
1432B   93000|  2   3  96   0   0   0
1520B  110000|  2   3  95   0   0   0
1922B  157000|  2   3  95   0   0   0
2974B  194000|  2   3  95   0   0   0
3100B  375000|  3   3  93   1   0   0
2978B  359000|  1   2  97   0   0   0
4030B  620000|  3   3  94   0   0   0
5290B  815000|  3   2  96   0   0   0
7854B 1272000|  3   2  96   0   0   0
9204B 1565000|  3   2  95   0   0   0
  13000 2439000|  3   2  94   1   0   0
  14000 2868000|  2   2  95   0   0   0
  18000 4136000|  2   3  95   0   0   0
  22000 4870000|  2   2  96   0   0   0
  29000 6871000|  3   2  95   0   0   0
  35000 8205000|  2   3  95   0   0   0
  45000   11000000|  3   2  94   1   0   0
  54000   13000000|  2   3  95   0   0   0
  71000   17000000|  3   3  94   0   0   0
  88000   22000000|  3   3  94   0   0   0
 107000   27000000|  4   3  94   0   0   0
 125000   34000000|  3   4  93   0   0   0
 146000   39000000|  3   3  92   1   0   0
 194000   30000000|  3   3  94   0   0   0
 108000   30000000|  4   3  93   0   0   0
 116000   32000000|  4   3  93   0   0   0
 122000   33000000|  3   4  93   0   0   0
 128000   35000000|  3   3  95   0   0   0
 131000   36000000|  3   4  92   1   0   0
 141000   37000000|  3   3  94   0   0   0
 135000   35000000|  4   3  93   0   0   0
 211000   27000000|  3   3  94   0   0   0
 108000   28000000| 26   3  71   0   0   1
 107000   29000000| 15   3  82   0   0   1
  63000   10000000|  3   3  93   2   0   0
2359B 1633B|  2   2  96   0   0   0
1304B 1540B|  2   3  95   0   0   0
1022B 1012B|  2   3  96   0   0   0
1208B 2176B|  2   4  94   0   0   0
1156B   80000|  2   3  94   2   0   0
1842B   98000|  3   2  95   0   0   0
5811B  125000|  1   2  97   0   0   0
2064B  169000|  2   2  97   0   0   0
2324B  283000|  2   3  95   0   0   0
2590B  337000|  2   3  95   0   0   0
3624B  522000|  2   2  95   1   0   0
4028B  652000|  1   2  97   0   0   0
6456B 1044000|  2   3  96   0   0   0
8716B 1305000|  2   3  95   0   0   0
  11000 2055000|  2   2  96   0   0   0
  12000 2424000|  3   2  96   0   0   0
  15000 3341000|  2   2  95   1   0   0
  19000 4269000|  2   3  95   0   0   0
  24000 5604000|  2   3  95   0   0   0
  30000 7338000|  3   3  95   0   0   0
  36000 8939000|  2   2  96   0   0   0
  45000   12000000|  3   2  95   0   0   0
  53000   14000000|  2   2  95   1   0   0
  68000   18000000|  2   3  95   0   0   0
  76000   21000000|  3   3  94   0   0   0
  99000   28000000|  3   3  94   0   0   0
 110000   32000000|  3   3  95   0   0   0
 142000   39000000|  4   3  93   0   0   0
 151000   36000000|  3   3  93   1   0   0
 144000   34000000|  3   3  95   0   0   0
 149000   34000000|  3   3  94   0   0   0
 151000   34000000|  3   3  94   0   0   0
 151000   34000000|  3   2  95   0   0   0
 147000   34000000|  4   3  94   0   0   0
 151000   34000000|  4   2  93   1   0   0
 149000   34000000|  3   4  94   0   0   0
 149000   34000000|  3   3  94   0   0   0
 148000   36000000|  8   4  88   0   0   0
  82000   16000000|  3   3  94   0   0   0
2691B 1703B|  1   2  98   0   0   0
1108B 1540B|  2   3  94   2   0   0
 898B 1012B|  1   3  96   0   0   0
 926B 2098B|  2   3  95   0   0   0
1616B   80000|  1   3  96   0   0   0
1084B   86000|  2   2  96   0   0   0
1700B  127000|  2   2  96   0   0   0
1606B  150000|  3   2  94   1   0   0
2374B  282000|  2   2  96   0   0   0
2426B  334000|  1   2  97   0   0   0
2972B  457000|  2   3  96   0   0   0
4731B  685000|  2   2  96   0   0   0
5848B  946000|  2   2  96   0   0   0
8020B 1272000|  2   2  95   1   0   0
  11000 1924000|  2   2  97   0   0   0
  13000 2622000|  2   2  96   0   0   0
  14000 3135000|  2   2  95   0   0   0
  19000 4403000|  2   3  96   0   0   0
  21000 5137000|  2   2  96   0   0   0
  29000 7271000|  3   3  94   1   0   0
  34000 8472000|  2   2  95   0   0   0
  44000   11000000|  3   3  94   0   0   0
  52000   13000000|  2   3  95   0   0   0
  68000   18000000|  3   2  95   0   0   0
  81000   21000000|  3   2  95   0   0   0
 109000   28000000|  4   3  92   1   0   0
 118000   33000000|  4   2  94   0   0   0
 142000   38000000|  3   2  95   0   0   0
 144000   34000000|  3   2  94   0   0   0
 148000   34000000|  2   2  95   0   0   0
 152000   34000000|  3   3  95   0   0   0
 149000   34000000|  3   3  93   1   0   0
 154000   34000000|  3   2  95   0   0   0
 153000   34000000|  3   3  94   0   0   0
 156000   34000000|  3   3  94   0   0   0
 154000   34000000|  3   4  94   0   0   0
 151000   34000000|  3   3  94   0   0   0
 155000   35000000|  9   2  89   1   0   0
 110000   23000000|  3   3  93   0   0   0
2293B 1765B|  1   3  96   0   0   0
1704B  846B|  1   2  97   0   0   0
1254B 1626B|  2   2  96   0   0   0
4255B 2264B|  1   2  94   3   0   0
1370B   62000|  3   2  95   0   0   0
1906B  102000|  2   1  97   0   0   0
2106B  116000|  2   2  96   0   0   0
1980B  172000|  2   2  96   0   0   0
1842B  202000|  2   1  97   0   0   0
3522B  372000|  1   2  95   1   0   0
2846B  391000|  2   3  96   0   0   0
4850B  717000|  2   2  96   0   0   0
4910B  815000|  2   2  96   0   0   0
8328B 1337000|  1   2  97   0   0   0
8752B 1500000|  2   2  96   0   0   0
  12000 2443000|  2   2  94   1   0   0
  12000 2735000|  2   3  96   0   0   0
  16000 3802000|  2   3  96   0   0   0
  20000 4736000|  2   2  96   0   0   0
  28000 6204000|  2   3  95   0   0   0
  36000 7927000|  2   2  96   0   0   0
  45000   10000000|  3   2  94   1   0   0
  52000   13000000|  2   2  95   0   0   0
  65000   17000000|  3   2  95   0   0   0
  77000   21000000|  3   3  94   0   0   0
  92000   25000000|  2   3  95   0   0   0
 115000   32000000|  4   2  94   0   0   0
 141000   38000000|  3   2  93   1   0   0
 144000   35000000|  4   3  93   0   0   0
 151000   34000000|  2   3  95   0   0   0
 193000   28000000|  3   3  95   0   0   0
  98000   25000000|  2   4  94   0   0   0
 104000   27000000|  3   2  95   0   0   0
 107000   29000000|  3   2  94   1   0   0
 115000   30000000|  3   3  94   0   0   0
 118000   31000000|  4   2  94   0   0   0
 124000   32000000|  3   2  95   0   0   0
 156000   28000000|  3   3  94   0   0   0
 106000   24000000| 15   3  82   0   0   0
  95000   25000000| 28   2  69   1   0   1
 100000   24000000|  3   4  92   0   0   0
  14000 2817B|  1   2  97   0   0   0
3488B  716B|  1   2  97   0   0   0
1714B 1626B|  1   1  98   0   0   0
1946B 2772B|  2   2  97   0   0   0
1472B   31000|  1   2  95   2   0   0
1378B   82000|  1   2  97   0   0   0
2366B  122000|  1   2  97   0   0   0
1580B  154000|  1   3  96   0   0   0
2172B  181000|  2   2  96   0   0   0
2740B  354000|  3   2  95   0   0   0
2905B  331000|  1   2  96   1   0   0
3458B  554000|  2   2  97   0   0   0
4080B  683000|  2   1  97   0   0   0
7424B 1045000|  2   2  96   0   0   0
8226B 1370000|  2   2  97   0   0   0
  12000 2056000|  2   2  96   0   0   0
  12000 2535000|  2   3  94   1   0   0
  16000 3469000|  2   3  96   0   0   0
  19000 4403000|  2   3  95   0   0   0
  22000 5537000|  2   3  96   0   0   0
  31000 7672000|  2   2  97   0   0   0
  36000 8672000|  2   4  94   0   0   0
  47000   12000000|  2   3  95   1   0   0
  56000   14000000|  2   3  95   0   0   0
  69000   19000000|  2   2  96   0   0   0
  80000   22000000|  2   2  96   0   0   0
  99000   28000000|  3   3  95   0   0   0
 127000   34000000|  2   2  96   0   0   0
 138000   38000000|  3   3  93   1   0   0
 140000   34000000|  3   2  95   0   0   0
 141000   34000000|  2   2  95   0   0   0
 144000   34000000|  3   3  94   0   0   0
 148000   34000000|  3   3  95   0   0   0
 150000   34000000|  3   2  95   0   0   0
 151000   34000000|  2   3  94   2   0   0
 180000   34000000|  3   2  95   0   0   0
 169000   34000000|  3   3  94   0   0   0
 128000   34000000|  4   3  93   0   0   0
 133000   36000000| 16   3  81   0   0   0
  81000   15000000|  3   3  94   0   0   0
2825B 1703B|  2   2  95   2   0   0
1774B 1540B|  1   2  97   0   0   0
1304B 1012B|  2   2  97   0   0   0
1912B 2098B|  2   2  96   0   0   0
2066B   80000|  1   2  97   0   0   0
2064B   98000|  1   2  97   0   0   0
2182B  117000|  1   2  96   1   0   0
1312B  159000|  2   2  97   0   0   0
2494B  301000|  1   2  96   0   0   0
2816B  337000|  2   2  96   0   0   0
3660B  554000|  1   2  97   0   0   0
4056B  620000|  2   2  96   0   0   0
6644B 1109000|  1   3  95   1   0   0
7882B 1370000|  2   2  96   0   0   0
  11000 1957000|  2   3  96   0   0   0
  11000 2330000|  2   2  97   0   0   0
  15000 3488000|  2   2  96   0   0   0
  17000 4050000|  2   3  96   0   0   0
  24000 5660000|  2   2  96   1   0   0
  29000 7015000|  2   3  95   0   0   0
  36000 9139000|  2   2  96   0   0   0
  46000   11000000|  3   2  96   0   0   0
  55000   14000000|  2   3  96   0   0   0
  68000   18000000|  3   3  95   0   0   0
  82000   22000000|  2   3  94   1   0   0
 108000   28000000|  3   2  95   0   0   0
 128000   35000000|  3   2  94   0   0   0
 140000   39000000|  2   2  96   0   0   0
 146000   34000000|  3   3  94   0   0   0
 149000   34000000|  3   2  95   0   0   0
 152000   34000000|  3   3  93   1   0   0
 152000   34000000|  3   3  94   0   0   0
 152000   34000000|  3   2  95   0   0   0
 153000   34000000|  2   3  94   0   0   0
 153000   34000000|  3   2  95   0   0   0
 157000   34000000|  3   2  95   0   0   0
 154000   34000000|  2   3  94   1   0   0
 152000   36000000|  7   4  89   0   0   0
  88000   17000000|  3   3  93   0   0   0
1839B 1617B|  1   2  97   0   0   0
2030B  916B|  2   2  97   0   0   0
1022B 1722B|  1   2  97   0   0   0
 994B 2098B|  1   3  94   2   0   0
5851B   80000|  2   2  97   0   0   0
1478B   83000|  1   2  97   0   0   0
1428B  113000|  2   3  96   0   0   0
1438B  150000|  2   2  96   0   0   0
2274B  242000|  2   2  96   0   0   0
3118B  391000|  2   2  96   1   0   0
3598B  508000|  1   3  96   0   0   0
5476B  698000|  2   2  96   0   0   0
7402B 1076000|  1   2  96   0   0   0
8712B 1435000|  1   2  97   0   0   0
  14000 2022000|  2   2  96   0   0   0
  13000 2699000|  2   2  95   1   0   0
  14000 3335000|  2   2  97   0   0   0
  19000 4603000|  2   2  96   0   0   0
  23000 5737000|  2   2  96   0   0   0
  31000 7338000|  2   3  95   0   0   0
  36000 9006000|  2   3  96   0   0   0
  46000   12000000|  2   3  94   1   0   0
  54000   14000000|  2   2  95   0   0   0
  68000   18000000|  2   3  95   0   0   0
  90000   22000000|  3   2  95   0   0   0
 110000   29000000|  2   3  96   0   0   0
 124000   35000000|  3   2  95   0   0   0
 146000   38000000|  3   2  94   1   0   0
 143000   34000000|  3   2  96   0   0   0
 142000   34000000|  3   2  95   0   0   0
 146000   34000000|  2   3  95   0   0   0
 147000   34000000|  3   2  95   0   0   0
 150000   34000000|  3   2  95   0   0   0
 146000   34000000|  2   2  95   1   0   0
 148000   34000000|  3   2  96   0   0   0
 146000   34000000|  3   2  95   0   0   0
 149000   34000000|  2   3  95   0   0   0
 151000   36000000|  7   3  89   0   0   0
  84000   15000000|  2   4  94   0   0   0
2841B 1703B|  1   1  95   3   0   0
1304B 1540B|  2   1  97   0   0   0
 958B 1012B|  2   2  97   0   0   0
 802B 2098B|  1   2  97   0   0   0
1318B   80000|  1   2  97   0   0   0
1030B   86000|  2   2  96   0   0   0
1446B  136000|  2   2  95   1   0   0
1668B  166000|  2   1  97   0   0   0
2649B  252000|  1   2  97   0   0   0
3191B  305000|  1   2  97   0   0   0
2770B  457000|  2   1  97   0   0   0
4065B  587000|  1   2  97   0   0   0
6571B  978000|  1   2  96   1   0   0
7618B 1305000|  1   2  97   0   0   0
9311B 1708000|  1   3  96   0   0   0
  11000 2304000|  2   1  97   0   0   0
  11000 2735000|  2   2  96   0   0   0
  16000 3936000|  1   2  96   0   0   0
  16000 4129000|  1   2  96   1   0   0
  25000 6211000|  2   2  96   0   0   0
  27000 6813000|  2   3  96   0   0   0
  38000 9731000|  2   2  96   0   0   0
  43000   11000000|  2   3  95   0   0   0
  58000   15000000|  2   2  96   0   0   0
  64000   17000000|  2   3  94   1   0   0
  85000   23000000|  2   2  95   0   0   0
  98000   27000000|  2   2  96   0   0   0
 121000   34000000|  3   3  94   0   0   0
 139000   39000000|  2   3  95   0   0   0
 149000   34000000|  3   3  94   0   0   0
 150000   34000000|  3   3  94   1   0   0
 151000   34000000|  2   3  95   0   0   0
 152000   34000000|  3   2  95   0   0   0
 153000   34000000|  2   2  96   0   0   0
 154000   34000000|  3   2  95   0   0   0
 153000   34000000|  3   2  95   0   0   0
 153000   34000000|  3   3  94   1   0   0
 157000   34000000|  3   2  94   0   0   0
 151000   37000000|  6   3  90   0   0   1
  68000   11000000|  2   3  95   0   0   0
5365B 1633B|  1   2  98   0   0   0
1624B 1540B|  1   2  97   0   0   0
1214B 1012B|  1   2  95   2   0   0
1853B 2246B|  2   2  96   0   0   0
2425B   98000|  1   2  97   0   0   0
1598B   96000|  1   2  97   0   0   0
1440B  114000|  1   1  98   0   0   0
2318B  184000|  1   2  97   0   0   0
3394B  337000|  2   2  96   1   0   0
2704B  328000|  1   2  97   0   0   0
3936B  620000|  2   2  96   0   0   0
5091B  750000|  2   1  97   0   0   0
6066B 1109000|  1   3  96   0   0   0
8310B 1435000|  1   1  98   0   0   0
  12000 2160000|  2   2  96   1   0   0
  12000 2602000|  2   2  97   0   0   0
  16000 3553000|  2   2  96   0   0   0
  19000 4385000|  2   2  96   0   0   0
  26000 6271000|  2   2  96   0   0   0
  28000 7004000|  2   2  97   0   0   0
  40000   10000000|  1   2  95   2   0   0
  45000   11000000|  2   2  96   0   0   0
  60000   15000000|  3   2  95   0   0   0
  74000   18000000|  2   2  96   0   0   0
  93000   24000000|  3   3  94   0   0   0
 111000   28000000|  3   2  95   0   0   0
 135000   37000000|  2   2  95   1   0   0
 149000   39000000|  3   2  95   0   0   0
 151000   34000000|  3   2  95   0   0   0
 166000   25000000|  3   3  95   0   0   0
 100000   26000000|  2   2  96   0   0   0
 107000   28000000|  3   1  96   0   0   0
 109000   29000000|  2   3  94   1   0   0
 117000   30000000|  3   2  95   0   0   0
 124000   31000000|  3   2  96   0   0   0
 122000   32000000|  3   2  95   0   0   0
 119000   32000000|  3   2  95   0   0   0
 123000   33000000| 18   2  80   0   0   1
 123000   33000000| 15   2  82   1   0   0
  70000   12000000|  2   3  96   0   0   0
2833B 1633B|  1   1  98   0   0   0
1720B 1540B|  1   2  97   0   0   0
1310B 1012B|  1   2  97   0   0   0
1464B 2176B|  1   2  95   3   0   0
1610B   80000|  1   2  98   0   0   0
1514B  105000|  2   2  97   0   0   0
1842B  123000|  1   1  98   0   0   0
2318B  182000|  2   1  97   0   0   0
1936B  234000|  1   3  96   0   0   0
3350B  399000|  1   2  96   1   0   0
3796B  522000|  2   2  97   0   0   0
4436B  652000|  2   2  97   0   0   0
5640B 1044000|  1   1  98   0   0   0
7124B 1239000|  1   2  98   0   0   0
  10000 1967000|  2   2  96   0   0   0
  11000 2255000|  2   2  95   1   0   0
  15000 3230000|  1   2  97   0   0   0
  17000 3869000|  2   2  97   0   0   0
  22000 5337000|  2   2  97   0   0   0
  27000 6537000|  1   2  97   0   0   0
  34000 8339000|  2   2  96   0   0   0
  44000   11000000|  2   2  95   1   0   0
  49000   13000000|  2   2  96   0   0   0
  67000   17000000|  2   2  96   0   0   0
  81000   20000000|  2   2  96   0   0   0
  98000   26000000|  1   2  96   0   0   0
 117000   32000000|  2   3  95   0   0   0
 140000   39000000|  3   4  93   1   0   0
 147000   34000000|  2   2  96   0   0   0
 148000   34000000|  2   2  96   0   0   0
 151000   34000000|  2   2  96   0   0   0
 155000   34000000|  2   2  96   0   0   0
 151000   34000000|  2   2  96   0   0   0
 153000   34000000|  2   2  94   1   0   0
 151000   34000000|  2   2  95   0   0   0
 152000   34000000|  2   3  95   0   0   0
 152000   34000000|  2   2  96   0   0   0
 152000   34000000|  7   3  90   0   0   0
 132000   29000000|  3   3  94   0   0   0
3777B 2637B|  1   1  96   2   0   0
3475B 1060B|  1   2  97   0   0   0
1639B 1562B|  1   2  98   0   0   0
1810B 2398B|  1   1  98   0   0   0
1799B   48000|  1   2  97   0   0   0
1361B   83000|  1   2  97   0   0   0
2140B  113000|  1   1  97   1   0   0
1886B  163000|  1   2  97   0   0   0
1654B  181000|  1   1  98   0   0   0
2626B  337000|  1   2  97   0   0   0
2424B  363000|  1   1  98   0   0   0
4146B  620000|  1   2  97   0   0   0
4594B  772000|  1   2  96   1   0   0
6946B 1119000|  2   2  97   0   0   0
9272B 1552000|  1   2  97   0   0   0
  11000 2080000|  1   2  97   0   0   0
  13000 2802000|  1   2  97   0   0   0
  17000 3802000|  1   2  97   0   0   0
  22000 4470000|  1   2  96   1   0   0
  26000 6404000|  2   2  96   0   0   0
  30000 7271000|  1   2  97   0   0   0
  40000   10000000|  1   2  97   0   0   0
  45000   12000000|  1   2  97   0   0   0
  60000   16000000|  1   3  96   0   0   0
  67000   18000000|  2   2  95   1   0   0
  89000   24000000|  1   3  96   0   0   0
 108000   28000000|  2   2  96   0   0   0
 136000   37000000|  2   3  96   0   0   0
 147000   38000000|  2   3  95   0   0   0
 147000   34000000|  2   3  94   0   0   0
 149000   34000000|  3   3  93   1   0   0
 152000   34000000|  2   3  95   0   0   0
 153000   34000000|  2   4  95   0   0   0
 156000   34000000|  2   2  96   0   0   0
 157000   34000000|  2   3  95   0   0   0
 194000   31000000|  3   3  95   0   0   0
 122000   28000000|  2   3  94   1   0   0
 109000   30000000| 10   3  87   0   0   0
 117000   31000000| 23   3  75   0   0   0
 106000   22000000|  2   3  94   0   0   0
2387B 2637B|  1   2  97   0   0   0
6271B 1060B|  1   1  97   0   0   0
1490B 1562B|  1   2  95   2   0   0
1636B 2398B|  1   2  97   0   0   0
1228B   48000|  1   1  98   0   0   0
1696B  105000|  1   2  97   0   0   0
1164B   99000|  1   2  97   0   0   0
2386B  170000|  1   1  98   0   0   0
2571B  197000|  1   1  97   1   0   0
2470B  357000|  1   2  97   0   0   0
2986B  375000|  1   2  98   0   0   0
4496B  652000|  1   1  97   0   0   0
5981B  848000|  1   2  97   0   0   0
8308B 1305000|  1   1  97   0   0   0
  12000 1794000|  1   2  96   1   0   0
  13000 2413000|  1   2  98   0   0   0
  14000 3269000|  1   1  97   0   0   0
  19000 4003000|  1   2  96   0   0   0
  23000 5537000|  1   1  97   0   0   0
  28000 6804000|  1   2  97   0   0   0
  37000 8911000|  2   2  96   1   0   0
  42000   11000000|  2   2  97   0   0   0
  58000   14000000|  2   2  96   0   0   0
  66000   17000000|  2   2  95   0   0   0
  83000   23000000|  2   2  96   0   0   0
 111000   18000000|  2   2  97   0   0   0
  74000   20000000|  1   2  95   1   0   0
  78000   20000000|  1   3  96   0   0   0
  82000   22000000|  2   2  96   0   0   0
  88000   22000000|  2   2  96   0   0   0
  94000   23000000|  2   1  97   0   0   0
  91000   24000000|  2   3  95   0   0   0
  89000   24000000|  2   2  95   1   0   0
  93000   24000000|  2   2  96   0   0   0
  90000   24000000|  2   2  96   0   0   0
  95000   25000000|  2   2  96   0   0   0
  92000   24000000|  2   3  95   0   0   0
 100000   25000000|  2   2  96   0   0   0
  93000   24000000|  2   2  96   1   0   0
  95000   25000000|  2   2  96   0   0   0
  97000   24000000|  1   2  97   0   0   0
  97000   25000000|  2   2  96   0   0   0
  95000   25000000| 20   3  77   0   0   1
  93000   25000000| 22   2  76   0   0   0
  83000   16000000|  2   3  94   1   0   0
2728B 2543B|  1   2  98   0   0   0
1792B  716B|  1   1  98   0   0   0
1230B 1626B|  2   1  97   0   0   0
3476B 2772B|  1   2  98   0   0   0
 822B   31000|  1   2  95   2   0   0
1228B   82000|  1   2  97   0   0   0
1236B  117000|  1   1  98   0   0   0
1991B  157000|  1   1  97   0   0   0
1845B  182000|  1   2  97   0   0   0
2616B  326000|  1   2  97   0   0   0
2578B  359000|  1   2  96   1   0   0
4176B  620000|  1   1  98   0   0   0
3760B  685000|  1   1  98   0   0   0
8100B 1141000|  1   2  97   0   0   0
9082B 1500000|  1   2  98   0   0   0
  12000 2163000|  1   1  98   0   0   0
  15000 2868000|  1   2  96   1   0   0
  17000 3736000|  2   1  97   0   0   0
  22000 5137000|  1   1  97   0   0   0
  24000 5937000|  2   2  97   0   0   0
  33000 8405000|  2   1  97   0   0   0
  39000 9836000|  2   2  96   0   0   0
  52000   13000000|  1   2  96   1   0   0
  64000   16000000|  2   2  97   0   0   0
  94000   15000000|  3   2  95   0   0   0
  63000   15000000|  2   1  97   0   0   0
  64000   16000000|  2   1  97   0   0   0
  66000   17000000|  2   2  97   0   0   0
  68000   17000000|  1   2  96   1   0   0
  76000   18000000|  2   2  96   0   0   0
  76000   18000000|  2   2  97   0   0   0
  77000   19000000|  2   2  97   0   0   0
  71000   18000000|  2   2  96   0   0   0
  77000   20000000|  1   1  98   0   0   0
  72000   18000000|  3   1  95   1   0   0
  76000   19000000|  2   2  96   0   0   0
  71000   18000000|  2   1  97   0   0   0
  72000   19000000|  2   2  97   0   0   0
  73000   19000000|  2   2  96   0   0   0
  75000   19000000|  2   2  96   0   0   0
  76000   19000000|  2   2  95   1   0   0
  74000   19000000|  2   2  97   0   0   0
  79000   20000000|  2   1  97   0   0   0
  80000   19000000|  2   1  96   0   0   0
  83000   21000000|  2   2  97   0   0   0
  80000   20000000|  1   1  98   0   0   0
  86000   23000000|  2   2  96   1   0   0
  83000   22000000| 21   2  77   0   0   0
  92000   25000000| 21   2  77   0   0   1
  70000   14000000|  2   2  96   0   0   0
1845B 1765B|  1   2  97   0   0   0
1922B  846B|  1   1  98   0   0   0
1455B 1626B|  1   2  95   3   0   0
1337B 2264B|  1   2  98   0   0   0
5793B   61000|  1   1  98   0   0   0
1657B   84000|  1   1  98   0   0   0
1376B  130000|  1   1  98   0   0   0
1456B  142000|  1   2  98   0   0   0
2484B  268000|  1   2  96   1   0   0
2947B  339000|  1   1  98   0   0   0
4328B  489000|  1   1  98   0   0   0
5357B  685000|  1   2  98   0   0   0
6212B 1011000|  1   1  98   0   0   0
8846B 1402000|  1   2  97   0   0   0
  12000 2055000|  1   1  97   1   0   0
  15000 2763000|  1   2  97   0   0   0
  18000 3802000|  1   1  98   0   0   0
  22000 4670000|  1   1  97   0   0   0
  27000 6471000|  1   2  96   0   0   0
  32000 7672000|  1   2  98   0   0   0
  43000   11000000|  1   2  96   1   0   0
  47000   12000000|  2   2  97   0   0   0
  63000   17000000|  1   2  97   0   0   0
  75000   19000000|  2   2  96   0   0   0
 102000   26000000|  2   2  96   0   0   0
 112000   31000000|  2   2  95   0   0   0
 137000   38000000|  3   3  94   1   0   0
 147000   38000000|  1   2  97   0   0   0
 152000   34000000|  2   2  95   0   0   0
 147000   34000000|  2   2  96   0   0   0
 151000   34000000|  2   2  96   0   0   0
 150000   34000000|  2   2  95   0   0   0
 153000   34000000|  3   2  94   2   0   0
 151000   34000000|  2   2  96   0   0   0
 151000   34000000|  2   2  96   0   0   0
 150000   34000000|  2   2  96   0   0   0
 151000   34000000|  8   3  89   0   0   0
 147000   34000000|  2   3  95   0   0   0
9027B 2727B|  1   1  96   3   0   0
1984B  716B|  1   1  98   0   0   0
1536B 1626B|  1   1  98   0   0   0
1342B 2772B|  1   1  98   0   0   0
1372B   31000|  2   2  96   0   0   0
1860B   99000|  1   1  98   0   0   0
1096B  101000|  2   1  96   1   0   0
1726B  162000|  1   1  98   0   0   0
1603B  176000|  1   1  98   0   0   0
2208B  320000|  1   1  98   0   0   0
3045B  365000|  1   2  97   0   0   0
3754B  554000|  1   1  98   0   0   0
4048B  685000|  1   1  97   1   0   0
6670B 1141000|  1   2  97   0   0   0
7740B 1402000|  1   1  98   0   0   0
  11000 1926000|  1   2  97   0   0   0
  11000 2602000|  1   1  98   0   0   0
  14000 3202000|  2   1  97   0   0   0
  19000 4369000|  2   2  95   1   0   0
  22000 5366000|  1   1  98   0   0   0
  28000 7142000|  2   1  97   0   0   0
  35000 8539000|  2   2  97   0   0   0
  46000   11000000|  1   2  97   0   0   0
  55000   13000000|  2   1  97   0   0   0
  69000   18000000|  1   2  96   1   0   0
  81000   21000000|  2   2  96   0   0   0
 106000   28000000|  2   2  96   0   0   0
 124000   33000000|  2   3  95   0   0   0
 150000   40000000|  2   3  95   0   0   0
 151000   35000000|  2   3  95   0   0   0
 150000   34000000|  2   3  94   1   0   0
 153000   34000000|  2   3  95   0   0   0
 152000   34000000|  2   3  96   0   0   0
 154000   34000000|  1   3  95   0   0   0
 151000   34000000|  2   3  96   0   0   0
 152000   34000000|  3   2  95   0   0   0
 153000   34000000|  2   4  93   1   0   0
 153000   34000000|  2   2  96   0   0   0
 154000   36000000|  6   4  90   0   0   1
  96000   16000000|  1   2  97   0   0   0
2693B 1617B|  1   1  98   0   0   0
1528B 1626B|  1   1  98   0   0   0
1086B 1012B|  0   1  97   2   0   0
1442B 2098B|  1   2  98   0   0   0
1708B   80000|  1   1  98   0   0   0
1664B   96000|  1   1  98   0   0   0
1656B  139000|  1   1  98   0   0   0
1980B  156000|  1   2  98   0   0   0
2878B  261000|  1   0  97   2   0   0
2476B  326000|  1   2  97   0   0   0
3820B  587000|  1   2  97   0   0   0
4905B  685000|  1   1  98   0   0   0
6814B 1044000|  1   1  98   0   0   0
8998B 1468000|  1   2  97   0   0   0
  11000 2121000|  1   2  96   1   0   0
  12000 2602000|  1   2  97   0   0   0
  15000 3335000|  1   2  97   0   0   0
  20000 4736000|  1   1  98   0   0   0
  23000 5337000|  1   2  98   0   0   0
  30000 7672000|  1   1  98   0   0   0
  35000 8939000|  2   2  96   1   0   0
  47000   12000000|  1   2  97   0   0   0
  54000   14000000|  2   2  96   0   0   0
  76000   19000000|  1   2  97   0   0   0
  84000   22000000|  2   1  97   0   0   0
 108000   29000000|  2   2  96   0   0   0
 124000   35000000|  1   2  96   1   0   0
 143000   37000000|  2   2  97   0   0   0
 143000   34000000|  1   2  97   0   0   0
 149000   34000000|  2   2  96   0   0   0
 151000   34000000|  2   2  97   0   0   0
 152000   34000000|  2   2  96   0   0   0
 152000   34000000|  2   2  96   1   0   0
 150000   34000000|  2   2  96   0   0   0
 153000   34000000|  1   2  97   0   0   0
 151000   34000000|  2   2  97   0   0   0
 151000   34000000|  2   2  97   0   0   0
 152000   36000000|  7   2  91   0   0   1
  85000   15000000|  2   2  95   2   0   0
2499B 1703B|  1   1  98   0   0   0
1748B 1540B|  1   1  98   0   0   0
1218B 1012B|  1   2  98   0   0   0
 734B 2098B|  1   2  97   0   0   0
1910B   80000|  1   1  97   1   0   0
1710B   96000|  0   1  98   0   0   0
1304B  126000|  1   1  99   0   0   0
2440B  176000|  1   1  98   0   0   0
2811B  253000|  1   1  98   0   0   0
2872B  359000|  1   1  98   0   0   0
3316B  457000|  1   1  96   1   0   0
4660B  685000|  1   1  98   0   0   0
5918B 1076000|  1   1  98   0   0   0
7882B 1305000|  1   2  98   0   0   0
  11000 2022000|  1   1  98   0   0   0
  11000 2329000|  1   1  98   0   0   0
  15000 3335000|  1   1  97   1   0   0
  16000 3936000|  1   1  98   0   0   0
  22000 5604000|  1   2  97   0   0   0
  26000 6337000|  1   1  98   0   0   0
  37000 9237000|  1   1  98   0   0   0
  40000   10000000|  1   2  97   0   0   0
  60000   14000000|  2   1  97   1   0   0
  64000   16000000|  1   2  97   0   0   0
  87000   23000000|  1   2  97   0   0   0
  97000   26000000|  2   2  96   0   0   0
 119000   34000000|  1   2  97   0   0   0
 149000   38000000|  1   2  97   0   0   0
 147000   34000000|  1   2  96   1   0   0
 146000   34000000|  1   2  96   0   0   0
 149000   34000000|  1   1  97   0   0   0
 157000   34000000|  1   2  97   0   0   0
 156000   34000000|  1   2  97   0   0   0
 162000   34000000|  1   2  97   0   0   0
 161000   34000000|  1   2  96   1   0   0
 167000   34000000|  1   2  97   0   0   0
 170000   34000000|  2   2  97   0   0   0
 173000   36000000|  8   2  90   0   0   0
 126000   22000000|  1   3  96   0   0   0
2560B 1687B|  1   2  98   0   0   0
1683B  846B|  1   1  96   2   0   0
1166B 1626B|  1   1  98   0   0   0
2142B 2264B|  1   2  98   0   0   0
1541B   64000|  1   2  98   0   0   0
2133B   96000|  1   1  98   0   0   0
2416B  108000|  1   1  98   0   0   0
1514B  156000|  1   1  97   1   0   0
2070B  256000|  1   1  98   0   0   0
3342B  345000|  1   1  98   0   0   0
3542B  457000|  1   2  98   0   0   0
5454B  783000|  0   1  99   0   0   0
8371B 1076000|  1   1  98   0   0   0
8419B 1435000|  1   1  97   1   0   0
  13000 2087000|  1   1  98   0   0   0
  14000 2674000|  1   2  98   0   0   0
  19000 3696000|  1   1  98   0   0   0
  21000 4203000|  1   1  98   0   0   0
  31000 6071000|  2   1  97   0   0   0
  28000 6878000|  1   2  96   1   0   0
  55000 9932000|  1   2  97   0   0   0
  50000   11000000|  1   2  97   0   0   0
  89000   16000000|  2   1  97   0   0   0
  77000   17000000|  1   2  97   0   0   0
 121000   25000000|  2   2  96   0   0   0
 121000   28000000|  2   1  96   1   0   0
 184000   36000000|  1   2  97   0   0   0
 186000   39000000|  1   2  96   0   0   0
 177000   34000000|  1   2  97   0   0   0
 175000   34000000|  2   1  97   0   0   0
 183000   34000000|  1   2  97   0   0   0
 183000   34000000|  1   2  96   1   0   0
 180000   34000000|  2   2  97   0   0   0
 182000   34000000|  2   1  97   0   0   0
 179000   34000000|  1   2  97   0   0   0
 168000   34000000|  2   2  96   0   0   0
 166000   34000000|  3   2  95   0   0   0
 183000   38000000|  5   2  92   1   0   0
  67000 7475000|  1   2  97   0   0   0
2534B 1570B|  1   1  99   0   0   0
1892B 1492B|  1   1  99   0   0   0
5794B 1092B|  0   1  99   0   0   0
 904B 2096B|  1   2  95   3   0   0
1038B   80000|  1   1  98   0   0   0
1766B  117000|  1   1  98   0   0   0
1712B  129000|  1   1  98   0   0   0
1860B  178000|  1   1  98   0   0   0
2430B  294000|  1   1  98   0   0   0
4287B  359000|  1   1  97   1   0   0
3990B  587000|  1   1  98   0   0   0
7546B  815000|  1   1  98   0   0   0
8682B 1337000|  1   1  98   0   0   0
  10000 1729000|  1   1  98   0   0   0
  14000 2473000|  1   1  99   0   0   0
  16000 3069000|  1   1  97   1   0   0
  19000 4269000|  1   2  98   0   0   0
  24000 5403000|  1   1  98   0   0   0
  34000 7138000|  1   1  98   0   0   0
  37000 8405000|  1   2  97   0   0   0
  53000   12000000|  0   2  98   0   0   0
  69000   13000000|  1   2  96   1   0   0
  89000   19000000|  2   1  97   0   0   0
 102000   22000000|  1   2  97   0   0   0
 125000   29000000|  1   3  96   0   0   0
 133000   33000000|  2   2  97   0   0   0
 178000   39000000|  2   2  96   0   0   0
 183000   38000000|  2   3  95   1   0   0
 174000   34000000|  1   3  96   0   0   0
 164000   34000000|  2   3  95   0   0   0
 174000   34000000|  2   2  96   0   0   0
 166000   34000000|  2   3  95   0   0   0
 175000   34000000|  1   3  96   0   0   0
 169000   34000000|  2   3  95   1   0   0
 181000   34000000|  2   3  96   0   0   0
 173000   34000000|  1   2  97   0   0   0
 198000   37000000|  8   1  90   0   0   0
  92000   13000000|  1   2  97   0   0   0
2895B 1633B|  1   1  98   0   0   0
1172B 1540B|  1   1  96   3   0   0
1180B 1012B|  1   1  99   0   0   0
 542B 2098B|  1   1  98   0   0   0
2052B   79000|  1   1  99   0   0   0
1312B   89000|  1   1  98   0   0   0
1986B  141000|  1   1  98   0   0   0
1918B  163000|  1   1  97   1   0   0
2896B  317000|  0   1  99   0   0   0
2894B  335000|  1   1  98   0   0   0
3700B  554000|  1   1  98   0   0   0
5340B  620000|  1   1  98   0   0   0
5378B 1011000|  1   1  98   0   0   0
7898B 1370000|  1   1  98   1   0   0
8800B 1631000|  1   1  98   0   0   0
  15000 2415000|  1   1  98   0   0   0
  12000 2775000|  1   1  99   0   0   0
  22000 3869000|  1   2  97   0   0   0
  27000 4670000|  1   2  97   0   0   0
  33000 6435000|  1   1  98   1   0   0
  39000 7774000|  2   1  98   0   0   0
  47000   11000000|  1   2  97   0   0   0
  62000   13000000|  1   1  98   0   0   0
  78000   17000000|  1   2  97   0   0   0
 101000   20000000|  1   2  97   0   0   0
 129000   27000000|  1   2  96   1   0   0
 156000   32000000|  2   2  97   0   0   0
 180000   39000000|  2   2  97   0   0   0
 167000   34000000|  1   2  97   0   0   0
 170000   34000000|  1   2  97   0   0   0
 175000   34000000|  2   1  97   0   0   0
 169000   34000000|  1   2  97   1   0   0
 171000   34000000|  2   2  96   0   0   0
 174000   34000000|  2   2  96   0   0   0
 203000   31000000|  1   2  96   0   0   0
 162000   26000000|  1   2  97   0   0   0
 120000   27000000|  1   2  97   0   0   0
 132000   29000000| 10   2  87   1   0   0
 138000   30000000| 21   2  77   0   0   1
 109000   20000000|  2   3  96   0   0   0
2075B 1757B|  1   1  98   0   0   0
1730B 1130B|  1   1  98   0   0   0
1234B 1626B|  1   1  98   0   0   0
1518B 2264B|  0   1  97   2   0   0
1292B   64000|  1   1  98   0   0   0
1090B   82000|  0   1  99   0   0   0
1246B  119000|  1   1  98   0   0   0
1230B  138000|  0   1  99   0   0   0
2254B  233000|  1   1  98   0   0   0
2814B  294000|  0   1  98   1   0   0
3884B  457000|  1   1  98   0   0   0
4782B  652000|  1   1  98   0   0   0
7047B  946000|  1   1  98   0   0   0
9448B 1402000|  1   1  98   0   0   0
  13000 1892000|  1   1  98   0   0   0
  17000 2754000|  1   1  97   1   0   0
  16000 3269000|  1   1  98   0   0   0
  23000 4736000|  1   1  98   0   0   0
  29000 5937000|  1   1  98   0   0   0
  36000 7672000|  1   2  98   0   0   0
  51000 9473000|  1   2  97   0   0   0
  72000   13000000|  1   1  97   1   0   0
  71000   15000000|  1   2  97   0   0   0
 109000   21000000|  1   2  97   0   0   0
 116000   25000000|  1   1  98   0   0   0
 158000   32000000|  1   2  97   0   0   0
 193000   38000000|  1   2  97   0   0   0
 218000   36000000|  1   2  96   1   0   0
 184000   34000000|  1   2  97   0   0   0
 195000   34000000|  1   2  98   0   0   0
 172000   34000000|  2   1  97   0   0   0
 159000   34000000|  1   2  97   0   0   0
 227000   34000000|  2   1  97   0   0   0
 143000   34000000|  1   2  96   1   0   0
 141000   34000000|  1   2  97   0   0   0
 146000   34000000|  2   2  97   0   0   0
 150000   34000000| 12   2  86   0   0   0
 162000   37000000|  3   2  95   0   0   1
  20000 2817B|  1   1  98   0   0   0
1730B  716B|  1   1  96   3   0   0
1138B 1626B|  1   1  98   0   0   0
1722B 2772B|  1   1  98   0   0   0
1056B   31000|  1   1  98   0   0   0
1460B  101000|  1   1  98   0   0   0
1772B  102000|  0   1  99   0   0   0
1618B  153000|  1   1  98   1   0   0
2038B  182000|  1   1  99   0   0   0
3037B  359000|  1   1  98   0   0   0
2692B  359000|  1   1  98   0   0   0
4064B  587000|  1   1  98   0   0   0
4874B  815000|  0   1  99   0   0   0
7156B 1207000|  1   1  98   1   0   0
8916B 1500000|  1   1  98   0   0   0
  12000 2301000|  1   2  98   0   0   0
  16000 2802000|  1   1  98   0   0   0
  19000 4003000|  1   1  98   0   0   0
  25000 4773000|  1   1  98   0   0   0
  32000 6634000|  1   1  97   1   0   0
  37000 8005000|  1   1  98   0   0   0
  52000   11000000|  1   1  98   0   0   0
  64000   13000000|  1   2  97   0   0   0
  75000   17000000|  1   1  98   0   0   0
  90000   20000000|  1   1  98   0   0   0
 107000   27000000|  1   2  96   1   0   0
 125000   31000000|  2   1  97   0   0   0
 162000   39000000|  1   2  97   0   0   0
 173000   36000000|  2   1  97   0   0   0
 162000   34000000|  1   1  97   0   0   0
 167000   34000000|  2   2  97   0   0   0
 166000   34000000|  1   2  96   1   0   0
 163000   34000000|  1   1  98   0   0   0
 164000   34000000|  1   2  97   0   0   0
 169000   34000000|  1   1  98   0   0   0
 166000   34000000|  1   2  97   0   0   0
 170000   34000000|  2   2  96   0   0   0
 171000   34000000|  6   2  92   1   0   0
 165000   29000000|  1   2  97   0   0   0
2185B 2637B|  0   1  99   0   0   0
1648B 1060B|  0   1  99   0   0   0
1102B 1562B|  0   1  99   0   0   0
1006B 2398B|  1   1  99   0   0   0
 962B   48000|  1   1  96   2   0   0
2092B   80000|  1   1  98   0   0   0
1108B  125000|  1   1  98   0   0   0
1584B  154000|  1   1  99   0   0   0
2464B  196000|  0   1  99   0   0   0
2354B  294000|  1   1  98   0   0   0
3096B  424000|  1   1  98   1   0   0
4284B  587000|  1   1  99   0   0   0
6218B  848000|  1   1  99   0   0   0
8402B 1109000|  1   1  98   0   0   0
9642B 1761000|  1   1  99   0   0   0
  14000 2142000|  1   1  99   0   0   0
  16000 3132000|  1   1  98   1   0   0
  21000 3736000|  1   1  98   0   0   0
  25000 5070000|  1   1  98   0   0   0
  28000 6071000|  1   1  99   0   0   0
  45000 8739000|  1   1  98   0   0   0
  53000   10000000|  1   1  98   0   0   0
  67000   14000000|  1   1  97   1   0   0
  83000   16000000|  1   1  98   0   0   0
 102000   21000000|  1   1  98   0   0   0
 132000   26000000|  1   1  98   0   0   0
 134000   33000000|  2   2  97   0   0   0
 145000   39000000|  1   1  98   0   0   0
 160000   35000000|  1   2  97   1   0   0
 162000   34000000|  1   1  98   0   0   0
 170000   34000000|  2   2  97   0   0   0
 170000   34000000|  2   1  97   0   0   0
 166000   34000000|  1   2  97   0   0   0
 171000   34000000|  1   1  97   0   0   0
 172000   34000000|  1   2  96   1   0   0
 170000   34000000|  2   1  97   0   0   0
 165000   34000000|  1   1  97   0   0   0
 174000   35000000|  7   2  91   0   0   0
 155000   27000000|  1   2  97   0   0   0
2311B 2637B|  1   1  99   0   0   0
6572B 1060B|  1   1  97   2   0   0
1298B 1696B|  0   1  99   0   0   0
 916B 2264B|  0   1  99   0   0   0
1420B   48000|  1   1  99   0   0   0
1652B  105000|  0   1  99   0   0   0
1720B  107000|  1   0  99   0   0   0
1848B  162000|  0   1  98   1   0   0
2938B  213000|  1   1  99   0   0   0
3550B  359000|  1   0  99   0   0   0
2838B  424000|  0   1  99   0   0   0
4700B  685000|  1   1  99   0   0   0
6136B  848000|  1   1  98   0   0   0
8641B 1370000|  1   1  98   1   0   0
  13000 1806000|  1   1  99   0   0   0
  14000 2639000|  1   1  98   0   0   0
  16000 3335000|  0   1  99   0   0   0
  22000 4269000|  1   1  98   0   0   0
  28000 5804000|  1   1  99   0   0   0
  40000 7138000|  1   1  98   1   0   0
  44000   10000000|  1   1  99   0   0   0
  53000   11000000|  1   1  98   0   0   0
  65000   16000000|  1   1  98   0   0   0
  80000   17000000|  1   2  98   0   0   0
 107000   24000000|  1   1  98   0   0   0
 124000   28000000|  1   1  97   1   0   0
 152000   36000000|  1   1  98   0   0   0
 184000   39000000|  1   2  98   0   0   0
 175000   34000000|  1   2  98   0   0   0
 175000   34000000|  1   2  97   0   0   0
 182000   34000000|  1   2  98   0   0   0
 190000   34000000|  2   2  96   1   0   0
 168000   34000000|  1   2  98   0   0   0
 162000   34000000|  2   2  96   0   0   0
 164000   34000000|  1   1  98   0   0   0
 164000   34000000|  1   1  98   0   0   0
 166000   34000000|  2   3  96   0   0   0
 172000   38000000|  6   2  91   1   0   0
  73000   10000000|  1   1  98   0   0   0
2295B 1633B|  0   1  99   0   0   0
1615B 1540B|  1   0  99   0   0   0
1167B 1012B|  0   1  99   0   0   0
1202B 2176B|  1   1  96   2   0   0
1399B   80000|  1   1  99   0   0   0
1988B  116000|  0   1  99   0   0   0
1970B  126000|  1   1  99   0   0   0
2108B  165000|  0   1  99   0   0   0
3475B  307000|  1   1  99   0   0   0
3066B  363000|  0   1  98   1   0   0
3709B  587000|  0   1  99   0   0   0
5843B  750000|  1   1  98   0   0   0
7926B 1207000|  1   0  99   0   0   0
  12000 1696000|  1   1  99   0   0   0
  13000 2301000|  1   1  99   0   0   0
  17000 3069000|  1   1  98   1   0   0
  20000 4136000|  0   1  99   0   0   0
  29000 3847000|  1   1  99   0   0   0
  23000 3848000|  1   1  99   0   0   0
  22000 4269000|  1   1  99   0   0   0
  26000 4536000|  1   1  99   0   0   0
  24000 4536000|  1   1  98   1   0   0
  28000 4870000|  1   1  99   0   0   0
  30000 4803000|  1   0  99   0   0   0
  27000 4803000|  1   1  99   0   0   0
  29000 4936000|  1   1  98   0   0   0
  26000 4736000|  1   0  99   0   0   0
  31000 4870000|  1   1  97   1   0   0
  24000 4803000|  1   1  98   0   0   0
  26000 5270000|  1   1  99   0   0   0
  25000 5203000|  1   1  98   0   0   0
  28000 5813000|  1   1  98   0   0   0
  29000 6062000|  1   1  98   0   0   0
  31000 6804000|  1   1  97   1   0   0
  35000 7672000|  1   1  98   0   0   0
  39000 8472000|  1   1  98   0   0   0
  41000 9873000|  1   1  98   0   0   0
  49000   11000000|  1   1  98   0   0   0
  54000   13000000|  1   1  98   0   0   0
  61000   14000000|  1   1  97   1   0   0
  66000   17000000|  1   1  98   0   0   0
  73000   19000000|  1   1  97   0   0   0
  82000   22000000|  1   1  98   0   0   0
  91000   25000000|  1   1  98   0   0   0
 111000   28000000|  1   1  97   0   0   0
 120000   32000000|  2   1  96   1   0   0
 128000   36000000|  1   1  98   0   0   0
 140000   37000000|  2   1  97   0   0   0
 138000   34000000|  1   2  98   0   0   0
 141000   34000000|  1   1  98   0   0   0
 147000   34000000|  1   1  98   0   0   0
 151000   34000000|  1   2  96   1   0   0
 155000   38000000|  7   1  92   0   0   0
  69000   11000000|  1   1  98   0   0   0
2353B 1633B|  0   1  99   0   0   0
1112B 1540B|  1   1  99   0   0   0
1278B 1012B|  0   1  99   0   0   0
1272B 2246B|  0   1  97   3   0   0
1494B   80000|  1   1  99   0   0   0
5995B  116000|  1   0  99   0   0   0
1649B  119000|  1   1  99   0   0   0
1870B  190000|  0   0  99   0   0   0
2620B  283000|  0   1  99   0   0   0
3236B  369000|  1   1  98   1   0   0
4377B  489000|  0   1  99   0   0   0
4938B  783000|  1   1  99   0   0   0
7029B 1044000|  1   1  99   0   0   0
9522B 1500000|  0   1  99   0   0   0
  13000 2191000|  1   1  98   1   0   0
  13000 2868000|  1   1  99   0   0   0
  19000 3869000|  1   1  98   0   0   0
  24000 5070000|  1   1  98   0   0   0
  32000 6804000|  0   1  99   0   0   0
  38000 8714000|  1   1  98   0   0   0
  49000   11000000|  0   1  98   1   0   0
  58000   14000000|  1   1  98   0   0   0
  74000   18000000|  1   1  98   0   0   0
  88000   23000000|  1   2  97   0   0   0
 107000   29000000|  1   1  98   0   0   0
 131000   35000000|  1   1  98   0   0   0
 154000   38000000|  1   2  97   1   0   0
 147000   34000000|  1   1  98   0   0   0
 142000   34000000|  0   2  98   0   0   0
 134000   34000000|  1   1  98   0   0   0
 144000   34000000|  1   1  98   0   0   0
 144000   34000000|  1   1  97   0   0   0
 145000   34000000|  1   1  97   1   0   0
 149000   34000000|  1   1  98   0   0   0
 146000   34000000|  1   1  98   0   0   0
 134000   34000000|  1   1  97   0   0   0
 141000   36000000|  7   2  91   0   0   0
  89000   17000000|  1   1  98   0   0   0
2719B 1703B|  0   1  97   3   0   0
1464B 1540B|  0   1  99   0   0   0
1214B 1012B|  1   0  99   0   0   0
1314B 2098B|  0   1  99   0   0   0
1798B   80000|  0   1  99   0   0   0
1158B   86000|  0   1  99   0   0   0
1660B  136000|  0   1  98   1   0   0
1730B  163000|  1   1  99   0   0   0
2362B  292000|  0   0  99   0   0   0
2698B  334000|  1   0  99   0   0   0
4304B  554000|  1   0  99   0   0   0
5084B  815000|  1   0  99   0   0   0
7122B 1174000|  1   1  97   1   0   0
9586B 1565000|  0   0  99   0   0   0
  13000 2314000|  1   1  99   0   0   0
  12000 2717000|  0   1  99   0   0   0
  17000 3936000|  0   1  99   0   0   0
  19000 4787000|  1   1  98   0   0   0
  26000 6287000|  1   0  98   1   0   0
  33000 7938000|  1   1  98   0   0   0
  38000 9940000|  1   1  99   0   0   0
  50000   13000000|  1   1  99   0   0   0
  59000   15000000|  1   1  98   0   0   0
  78000   20000000|  0   1  99   0   0   0
  91000   25000000|  1   1  97   1   0   0
 109000   30000000|  1   2  97   0   0   0
 125000   37000000|  1   1  98   0   0   0
 137000   37000000|  1   1  98   0   0   0
 145000   34000000|  1   1  97   0   0   0
 143000   34000000|  1   2  98   0   0   0
 145000   34000000|  1   1  98   1   0   0
 141000   34000000|  1   2  98   0   0   0
 139000   34000000|  1   1  98   0   0   0
 139000   34000000|  1   1  98   0   0   0
 142000   34000000|  1   1  98   0   0   0
 138000   34000000|  1   2  97   0   0   0
 142000   34000000|  8   2  90   1   0   0
 139000   37000000|  1   2  97   0   0   0
  21000 2817B|  0   1  99   0   0   0
1728B  716B|  0   0  99   0   0   0
1102B 1626B|  0   0 100   0   0   0
4420B 2772B|  0   0  99   0   0   0
1084B   31000|  1   1  96   3   0   0
1316B  101000|  1   1  99   0   0   0
1434B  101000|  0   0  99   0   0   0
1730B  141000|  1   0  99   0   0   0
1784B  163000|  0   1  99   0   0   0
2138B  326000|  0   1  98   1   0   0
3088B  359000|  0   0  99   0   0   0
3836B  555000|  0   1  99   0   0   0
4106B  685000|  1   0  99   0   0   0
6608B 1077000|  1   1  98   0   0   0
8590B 1273000|  1   1  97   0   0   0
  14000 2123000|  0   1  98   1   0   0
  12000 2304000|  1   0  99   0   0   0
  14000 3402000|  1   1  99   0   0   0
  15000 3736000|  1   0  99   0   0   0
  22000 5403000|  1   1  99   0   0   0
  25000 6271000|  0   1  99   0   0   0
  34000 8672000|  1   0  98   1   0   0
  41000   10000000|  1   1  98   0   0   0
  51000   13000000|  1   1  99   0   0   0
  62000   16000000|  1   1  98   0   0   0
  80000   21000000|  1   1  98   0   0   0
 104000   25000000|  1   1  98   0   0   0
 113000   32000000|  1   1  97   1   0   0
 134000   38000000|  1   1  98   0   0   0
 141000   34000000|  1   1  98   0   0   0
 146000   34000000|  1   2  98   0   0   0
 146000   34000000|  1   1  98   0   0   0
 149000   34000000|  1   2  97   0   0   0
 152000   34000000|  1   1  96   2   0   0
 151000   34000000|  1   1  98   0   0   0
 153000   34000000|  1   1  98   0   0   0
 152000   34000000|  1   1  98   0   0   0
 156000   34000000|  1   1  98   0   0   0
 153000   34000000|  6   2  92   0   0   0
 143000   31000000|  1   1  97   1   0   0
3057B 2977B|  0   0  99   0   0   0
2186B 1336B|  0   0 100   0   0   0
1740B 2024B|  0   0  99   0   0   0
2706B 3518B|  0   1  99   0   0   0
1430B   48000|  1   1  94   5   0   0
2381B  106000|  1   0  99   0   0   0
1032B  116000|  0   0 100   0   0   0
1520B  170000|  1   0  99   0   0   0
1324B  179000|  0   1  99   0   0   0
2512B  359000|  1   0  99   0   0   0
2630B  375000|  0   0  99   0   0   0
4518B  652000|  0   0  99   0   0   0
5646B  881000|  1   1  99   0   0   0
7954B 1337000|  0   1  99   0   0   0
  10000 1708000|  1   0  99   0   0   0
  13000 2501000|  0   1  99   0   0   0
  14000 3135000|  1   0  98   1   0   0
  18000 4136000|  0   1  99   0   0   0
  23000 5404000|  1   1  99   0   0   0
  28000 7004000|  1   1  99   0   0   0
  38000 8939000|  1   1  99   0   0   0
  49000   11000000|  1   1  99   0   0   0
  55000   14000000|  1   0  97   2   0   0
  73000   19000000|  1   1  98   0   0   0
  91000   23000000|  1   1  98   0   0   0
 101000   28000000|  1   1  98   0   0   0
 136000   23000000|  1   1  98   0   0   0
 100000   25000000|  1   1  98   0   0   0
 128000   22000000|  1   1  97   1   0   0
  79000   19000000|  1   1  98   0   0   0
  76000   20000000|  1   1  99   0   0   0
  79000   20000000|  1   1  99   0   0   0
  83000   21000000|  1   1  98   0   0   0
  89000   21000000|  1   1  98   0   0   0
  84000   21000000|  1   1  97   1   0   0
  84000   21000000|  1   1  98   0   0   0
  87000   22000000|  1   0  99   0   0   0
  85000   21000000|  1   1  98   0   0   0
  84000   22000000|  1   1  99   0   0   0
  83000   22000000|  1   1  98   0   0   0
  83000   22000000|  1   1  97   1   0   0
  85000   22000000|  1   1  98   0   0   0
  85000   22000000|  1   1  99   0   0   0
  85000   22000000| 25   1  75   0   0   0
  88000   22000000| 21   1  78   0   0   0
  87000   19000000|  1   1  98   0   0   0
5357B 2881B|  0   0  97   2   0   0
2320B 1154B|  0   0 100   0   0   0
1166B 1562B|  0   0 100   0   0   0
2346B 2398B|  0   0  99   0   0   0
1046B   31000|  1   1  99   0   0   0
2016B   82000|  0   0  99   0   0   0
1486B  122000|  0   0  99   1   0   0
2074B  117000|  0   0 100   0   0   0
3518B  211000|  0   1  99   0   0   0
2156B  301000|  0   1  99   0   0   0
2898B  359000|  0   0 100   0   0   0
3964B  554000|  0   0  99   0   0   0
5946B  848000|  1   0  99   1   0   0
  11000 1239000|  0   0  99   0   0   0
9012B 1598000|  0   0  99   0   0   0
  13000 2369000|  1   1  99   0   0   0
  12000 2802000|  0   0  99   0   0   0
  18000 4069000|  1   0  99   0   0   0
  21000 4870000|  1   1  98   1   0   0
  26000 6471000|  1   0  99   0   0   0
  32000 8138000|  1   1  99   0   0   0
  40000   10000000|  1   1  99   0   0   0
  48000   12000000|  0   1  99   0   0   0
  61000   16000000|  1   1  99   0   0   0
  72000   19000000|  0   1  98   1   0   0
 104000   17000000|  1   1  98   0   0   0
  65000   17000000|  1   1  98   0   0   0
  67000   18000000|  1   1  99   0   0   0
  73000   20000000|  0   2  98   0   0   0
  95000   17000000|  1   1  98   0   0   0
  56000   15000000|  1   1  98   1   0   0
  58000   15000000|  1   1  98   0   0   0
  65000   16000000|  1   1  98   0   0   0
  64000   16000000|  1   1  98   0   0   0
  66000   17000000|  1   1  98   0   0   0
  60000   16000000|  1   1  98   0   0   0
  70000   18000000|  1   1  98   1   0   0
  70000   17000000|  1   1  98   0   0   0
  69000   18000000|  1   1  99   0   0   0
  67000   17000000|  1   1  98   0   0   0
  69000   17000000|  1   1  99   0   0   0
  66000   17000000|  1   1  99   0   0   0
  67000   17000000|  1   1  98   1   0   0
  63000   17000000|  1   1  98   0   0   0
  71000   18000000|  1   1  98   0   0   0
  72000   18000000|  1   1  99   0   0   0
  72000   18000000|  1   1  99   0   0   0
  75000   19000000|  1   1  99   0   0   0
  73000   19000000| 10   1  88   1   0   0
  80000   21000000| 25   0  74   0   0   0
  83000   21000000| 16   1  83   0   0   0
  57000   10000000|  1   1  98   0   0   0
1851B 1687B|  0   0 100   0   0   0
1966B 1626B|  0   0 100   0   0   0
1086B 1012B|  0   0  98   2   0   0
 738B 2098B|  0   0  99   0   0   0
1604B   63000|  0   1  99   0   0   0
1234B   90000|  0   0  99   0   0   0
1300B  138000|  0   0 100   0   0   0
1176B  135000|  1   0 100   0   0   0
1662B  227000|  0   0  99   1   0   0
2348B  305000|  0   1  99   0   0   0
3470B  492000|  0   0 100   0   0   0
4302B  615000|  0   0  99   0   0   0
5390B  885000|  0   0  99   0   0   0
7540B 1305000|  0   0  99   0   0   0
  10000 1729000|  0   0  98   1   0   0
  13000 2581000|  0   0  99   0   0   0
  14000 3202000|  1   1  99   0   0   0
  20000 4140000|  1   0  99   0   0   0
  20000 5137000|  0   1  99   0   0   0
  28000 6871000|  0   1  99   0   0   0
  34000 8339000|  1   1  97   1   0   0
  50000 7279000|  1   0  99   0   0   0
  39000 7814000|  1   1  99   0   0   0
  42000 8072000|  1   1  99   0   0   0
  42000 9007000|  1   1  99   0   0   0
  38000 8674000|  1   1  99   0   0   0
  46000 9611000|  0   0  98   1   0   0
  36000 8872000|  1   0  99   0   0   0
  39000   10000000|  0   1  99   0   0   0
  38000 9140000|  1   0  99   0   0   0
  43000   10000000|  0   0  99   0   0   0
  40000 9089000|  0   1  99   0   0   0
  43000   10000000|  1   1  98   1   0   0
  39000 9073000|  0   0 100   0   0   0
  43000   10000000|  1   1  98   0   0   0
  41000 9613000|  1   1  99   0   0   0
  43000   10000000|  0   1  99   0   0   0
  41000   10000000|  1   1  99   0   0   0
  43000   11000000|  0   1  98   1   0   0
  46000   12000000|  0   1  99   0   0   0
  51000   12000000|  1   1  98   0   0   0
  54000   14000000|  0   1  99   0   0   0
  54000   14000000|  1   1  99   0   0   0
  67000   17000000|  1   1  98   1   0   0
  85000   14000000|  0   1  99   0   0   0
  61000   14000000|  1   1  99   0   0   0
  55000   14000000|  1   1  99   0   0   0
  64000   16000000|  1   1  98   0   0   0
  63000   15000000|  1   1  98   0   0   0
  73000   17000000|  0   1  97   1   0   0
  71000   16000000|  1   1  98   0   0   0
  71000   18000000|  1   0  99   0   0   0
  68000   17000000|  1   1  99   0   0   0
  68000   18000000|  1   1  99   0   0   0
  71000   18000000|  1   1  99   0   0   0
  69000   18000000|  1   1  97   1   0   0
  70000   18000000|  1   1  98   0   0   0
  68000   17000000|  2   1  97   0   0   0
  69000   18000000| 24   1  75   0   0   0
  70000   17000000| 25   1  74   0   0   1
  70000   18000000| 15   1  85   0   0   0
  45000 7546000|  1   1  97   1   0   0
2487B 1703B|  0   0 100   0   0   0
1368B 1540B|  0   0 100   0   0   0
 894B 1012B|  0   0 100   0   0   0
1068B 2200B|  0   0 100   0   0   0
1972B   62000|  0   1  97   2   0   0
1980B  110000|  1   0 100   0   0   0
1434B  104000|  0   0 100   0   0   0
1972B  173000|  0   0 100   0   0   0
2842B  276000|  0   0 100   0   0   0
2764B  334000|  0   0 100   0   0   0
3673B  489000|  0   0  99   1   0   0
7296B  464000|  1   0 100   0   0   0
3708B  506000|  0   0 100   0   0   0
4734B  562000|  0   1  99   0   0   0
5638B  574000|  0   0 100   0   0   0
4396B  544000|  0   1  99   0   0   0
4736B  587000|  0   0  99   1   0   0
4404B  554000|  0   0 100   0   0   0
4634B  685000|  0   0  99   0   0   0
5874B  781000|  0   0 100   0   0   0
6450B  989000|  0   0  99   0   0   0
7124B 1189000|  1   0 100   0   0   0
  15000 1791000|  0   0  99   1   0   0
  11000 2201000|  0   1  99   0   0   0
  16000 3069000|  0   0  99   0   0   0
  18000 3936000|  1   0  99   0   0   0
  22000 5070000|  0   0  99   0   0   0
  27000 6404000|  1   0  99   0   0   0
  33000 8205000|  0   1  98   1   0   0
  41000 9873000|  1   1  99   0   0   0
  57000   10000000|  0   1  99   0   0   0
  46000 9012000|  1   0  99   0   0   0
  43000   10000000|  1   0  99   0   0   0
  48000   10000000|  1   0  99   0   0   0
  50000   11000000|  1   1  98   1   0   0
  47000   11000000|  1   1  99   0   0   0
  48000   12000000|  1   1  99   0   0   0
  48000   12000000|  0   0  99   0   0   0
  51000   12000000|  1   1  99   0   0   0
  50000   12000000|  1   0  98   1   0   0
  50000   12000000|  1   1  99   0   0   0
  50000   12000000|  1   1  99   0   0   0
  49000   12000000|  1   1  99   0   0   0
  53000   12000000|  1   0  99   0   0   0
  53000   12000000|  1   1  99   0   0   0
  55000   12000000|  1   1  98   1   0   0
  52000   12000000|  0   0  99   0   0   0
  55000   13000000|  0   1  99   0   0   0
  57000   13000000|  1   1  99   0   0   0
  58000   14000000|  0   1  99   0   0   0
  59000   15000000|  0   1  99   0   0   0
  60000   15000000|  1   1  97   1   0   0
  66000   17000000|  1   1  99   0   0   0
  74000   18000000|  1   1  99   0   0   0
  79000   20000000|  1   1  99   0   0   0
  85000   21000000|  0   1  99   0   0   0
  93000   24000000|  0   1  98   0   0   0
  96000   25000000|  1   1  97   1   0   0
 102000   29000000|  1   1  98   0   0   0
 114000   31000000|  2   2  96   0   0   0
 126000   35000000| 24   0  75   0   0   1
 130000   30000000|  0   1  98   0   0   1
1176B 1714B|  0   0 100   0   0   0
 644B    0|  0   0  98   2   0   0
