   0     0|  1   1  94   4   0   0
3526B 3310B|  4   4  92   0   0   0
3000B 2120B|  3   2  95   0   0   0
2206B 3124B|  3   2  95   0   0   0
2264B 4780B|  3   3  94   0   0   0
2558B  156B|  4   3  94   0   0   0
2500B  226000|  3   3  92   2   0   0
4710B  620000|  4   2  94   0   0   0
6422B 1091000|  4   2  94   0   0   0
  14000 2351000|  4   3  94   0   0   0
  22000 4361000|  4   2  94   0   0   0
  40000 8613000|  3   3  94   0   0   0
  49000   12000000|  4   3  92   1   0   0
  82000   21000000|  6   3  91   0   0   0
 123000   32000000|  7   4  90   0   0   0
 156000   40000000|  5   4  91   0   0   0
 156000   40000000|  6   4  90   0   0   0
 159000   40000000|  6   4  90   0   0   0
 165000   40000000|  6   3  90   1   0   0
 218000   40000000|  6   3  90   0   0   0
 189000   40000000|  5   3  91   0   0   0
 182000   40000000|  6   3  91   0   0   0
 159000   40000000|  6   2  92   0   0   0
 156000   40000000|  5   3  91   0   0   0
 158000   40000000|  5   3  91   1   0   0
 167000   40000000|  5   3  92   0   0   0
 170000   40000000|  5   3  92   0   0   0
 170000   40000000|  5   3  92   0   0   0
 175000   40000000|  5   3  92   0   0   0
 190000   40000000|  6   3  91   0   0   0
 197000   40000000|  6   3  90   1   0   0
 183000   40000000| 17   4  79   0   0   1
 169000   40000000| 19   3  78   0   0   1
 151000   32000000|  5   3  92   0   0   0
  94000   22000000|  3   3  94   0   0   0
 109000   17000000|  4   3  93   0   0   0
  76000   17000000|  4   2  91   2   0   0
  74000   16000000|  5   2  93   0   0   0
  79000   18000000|  4   2  93   0   0   0
  74000   17000000|  4   3  94   0   0   0
  80000   19000000|  4   2  95   0   0   0
  77000   18000000|  4   3  91   2   0   0
  85000   19000000|  5   2  93   0   0   0
  79000   18000000|  6   2  93   0   0   0
  82000   19000000|  4   3  93   0   0   0
  80000   18000000|  5   2  93   0   0   0
  79000   19000000| 20   2  78   0   0   0
  79000   18000000| 29   3  67   1   0   0
  80000   19000000|  9   3  88   0   0   1
  60000   10000000|  5   3  92   0   0   0
3166B 3304B|  3   2  95   0   0   0
3212B 1692B|  3   2  95   0   0   0
2716B 3252B|  2   2  96   0   0   0
2060B 4528B|  2   3  94   2   0   0
 968B   30000|  3   2  94   1   0   0
3078B  359000|  4   2  94   0   0   0
4328B  587000|  3   2  95   0   0   0
7954B 1468000|  3   2  95   0   0   0
  11000 2152000|  3   2  95   0   0   0
  21000 4598000|  4   3  92   1   0   0
  31000 6834000|  3   2  95   0   0   0
  49000   13000000|  3   4  94   0   0   0
  71000   18000000|  5   2  92   0   0   0
 119000   30000000|  4   3  92   0   0   0
 157000   40000000|  4   5  91   0   0   0
 163000   40000000|  5   4  90   1   0   0
 209000   40000000|  5   3  92   0   0   0
 168000   40000000|  5   3  92   0   0   0
 167000   40000000|  5   3  92   0   0   0
 165000   40000000|  5   4  91   0   0   0
 166000   40000000|  5   4  91   0   0   0
 165000   40000000|  4   4  91   1   0   0
 170000   40000000|  5   4  91   0   0   0
 167000   40000000|  6   4  89   0   0   0
 174000   40000000|  4   3  92   0   0   0
 182000   40000000|  5   4  90   0   0   0
 173000   40000000|  5   4  92   0   0   0
 176000   40000000|  5   3  91   1   0   0
 175000   40000000|  5   3  92   0   0   0
 174000   40000000|  7   3  90   0   0   0
 182000   40000000|  5   4  90   0   0   0
 178000   40000000| 16   2  81   0   0   1
 223000   40000000| 22   4  74   0   0   1
   0     0|  6   4  88   1   0   1
   0     0|  4   2  93   0   0   0
   0     0|  3   4  94   0   0   0
   0     0|  3   3  93   0   0   0
   0     0|  4   3  93   0   0   0
   0     0|  3   3  93   1   0   0
   0     0|  4   3  93   1   0   0
   0     0|  4   2  93   0   0   0
   0     0|  3   3  94   0   0   0
   0     0|  8   3  88   0   0   0
   0     0| 30   3  67   0   0   0
   0     0| 25   3  70   1   0   1
1667000  280000000|  4   3  94   0   0   0
3552B 4134B|  3   4  93   0   0   0
4624B 1432B|  2   3  95   0   0   0
2184B 4000B|  2   3  96   0   0   0
1996B 4796B|  2   2  94   2   0   0
 204B    0|  3   3  94   1   0   0
4156B  217000|  3   4  94   0   0   0
4246B  520000|  3   3  94   0   0   0
7160B 1119000|  4   2  95   0   0   0
  12000 2218000|  3   2  95   0   0   0
  23000 4557000|  4   2  94   1   0   0
  34000 7497000|  3   3  94   0   0   0
  50000   13000000|  3   2  94   0   0   0
  73000   19000000|  5   3  93   0   0   0
 121000   31000000|  5   3  92   0   0   0
 158000   40000000|  4   4  91   0   0   0
 170000   40000000|  4   4  90   1   0   0
 169000   40000000|  5   4  90   0   0   0
 161000   40000000|  5   3  91   0   0   0
 159000   40000000|  6   3  91   0   0   0
 158000   40000000|  4   4  92   0   0   0
 160000   40000000|  5   4  91   0   0   0
 169000   40000000|  5   4  90   2   0   0
 165000   40000000|  5   4  91   0   0   0
 159000   40000000|  4   4  92   0   0   0
 161000   40000000|  4   4  91   0   0   0
 168000   40000000|  5   3  92   0   0   0
 180000   40000000|  5   4  91   0   0   0
 187000   40000000|  4   4  91   1   0   0
 173000   40000000|  6   4  90   0   0   0
 172000   40000000|  4   4  91   0   0   0
 174000   40000000|  4   4  92   0   0   0
 174000   40000000|  5   4  91   0   0   0
 178000   40000000|  5   3  91   0   0   0
 184000   40000000|  4   4  91   1   0   0
 178000   40000000|  4   3  92   0   0   0
 173000   40000000|  4   4  92   0   0   0
 178000   40000000| 14   3  82   0   0   1
 185000   40000000| 49   4  45   0   0   1
 180000   40000000| 28   3  68   0   0   1
 178000   40000000|  3   2  94   1   0   0
  32000 3648B|  4   3  92   0   0   0
4616B 3140B|  2   3  95   0   0   0
2248B 2984B|  2   2  96   0   0   0
1568B 1884B|  1   3  96   0   0   0
1328B 4196B|  2   2  94   1   0   0
2652B  106000|  3   3  92   1   0   0
3894B  414000|  3   3  94   0   0   0
5920B  815000|  2   3  95   0   0   0
8772B 1565000|  3   3  95   0   0   0
  16000 2968000|  3   2  95   0   0   0
  27000 5418000|  3   2  92   3   0   0
  43000 9812000|  3   2  95   0   0   0
  66000   15000000|  4   3  93   0   0   0
 103000   26000000|  3   3  94   0   0   0
 151000   38000000|  4   4  91   0   0   0
 168000   40000000|  4   4  92   0   0   0
 169000   40000000|  3   3  93   1   0   0
 168000   40000000|  5   4  91   0   0   0
 166000   40000000|  4   4  92   0   0   0
 165000   40000000|  4   3  92   0   0   0
 159000   40000000|  3   4  93   0   0   0
 165000   40000000|  4   4  93   0   0   0
 168000   40000000|  5   3  91   1   0   0
 167000   40000000|  4   4  93   0   0   0
 206000   40000000|  4   4  92   0   0   0
 374000   40000000|  6   2  92   0   0   0
 263000   12000000|  2   2  96   0   0   0
1696B   58000|  4   2  94   0   0   0
2878B  102000|  3   3  93   1   0   0
7414B  295000|  2   2  96   0   0   0
  14000  600000|  3   2  96   0   0   0
  16000  833000|  3   3  94   0   0   0
  21000 1629000|  2   2  96   0   0   0
  28000 2676000|  3   3  94   0   0   0
  21000 4668000|  4   2  93   1   0   0
  31000 7265000|  3   2  95   0   0   0
  59000   13000000|  4   2  95   0   0   0
  89000   21000000|  4   3  93   0   0   0
 144000   35000000|  4   3  93   0   0   0
 177000   40000000|  3   4  93   0   0   0
 178000   40000000|  3   3  93   1   0   0
 188000   40000000|  4   3  92   0   0   0
 162000   40000000|  4   3  92   0   0   0
 164000   40000000|  4   2  93   0   0   0
 175000   40000000|  8   3  90   0   0   0
 172000   40000000| 30   4  65   0   0   1
 169000   40000000| 27   4  66   1   0   1
 178000   40000000|  4   2  94   0   0   0
 174000   40000000|  3   3  94   0   0   0
 191000   40000000| 20   2  78   0   0   1
 181000   39000000|  6   3  91   0   0   0
  33000 3994B|  4   2  93   0   0   0
3151B 1572B|  2   2  93   2   0   0
2895B 3252B|  2   2  96   0   0   0
2307B 1648B|  2   2  96   0   0   0
1000B 3896B|  2   2  96   0   0   0
2548B  161000|  2   4  94   0   0   0
4935B  550000|  3   2  95   0   0   0
6194B 1015000|  3   2  95   1   0   0
9892B 1794000|  3   3  95   0   0   0
  16000 3392000|  2   2  96   0   0   0
  27000 5853000|  4   3  94   0   0   0
  42000 9863000|  2   3  95   0   0   0
  64000   16000000|  3   3  94   0   0   0
 100000   25000000|  3   2  94   1   0   0
 143000   37000000|  3   4  93   0   0   0
 157000   40000000|  4   3  93   0   0   0
 159000   40000000|  5   3  92   0   0   0
 155000   40000000|  6   2  92   0   0   0
 155000   40000000|  3   3  94   0   0   0
 164000   40000000|  5   4  90   1   0   0
 163000   40000000|  4   2  93   0   0   0
 160000   40000000|  4   3  92   0   0   0
 163000   40000000|  3   3  94   0   0   0
 163000   40000000|  5   3  92   0   0   0
 160000   40000000|  4   2  94   0   0   0
 166000   40000000|  4   3  92   1   0   0
 174000   40000000|  3   2  95   0   0   0
 182000   40000000|  5   3  92   0   0   0
 181000   40000000|  4   3  93   0   0   0
 178000   40000000|  3   3  94   0   0   0
 177000   40000000|  4   2  94   0   0   0
 177000   40000000|  3   3  92   1   0   0
 179000   40000000|  4   2  94   0   0   0
 182000   40000000|  4   3  93   0   0   0
 178000   40000000|  4   3  93   0   0   0
 181000   40000000| 14   3  83   0   0   1
 175000   40000000| 30   4  66   0   0   1
 173000   40000000| 14   3  81   1   0   1
 178000   40000000| 18   2  79   0   0   1
 179000   40000000| 16   3  81   0   0   1
 105000   15000000|  3   3  94   0   0   0
4938B 3406B|  2   2  97   0   0   0
2348B 3080B|  2   3  95   1   0   0
2514B 2024B|  2   2  94   2   0   0
1280B 4196B|  2   3  96   0   0   0
1702B   67000|  2   3  95   0   0   0
3672B  403000|  3   3  94   0   0   0
5126B  734000|  2   2  95   0   0   0
9634B 1631000|  2   2  95   1   0   0
  14000 2851000|  2   2  96   0   0   0
  27000 5596000|  2   2  96   0   0   0
  43000 9516000|  3   2  95   0   0   0
  61000   15000000|  4   3  94   0   0   0
  92000   24000000|  3   3  94   0   0   0
 145000   37000000|  4   3  91   1   0   0
 167000   40000000|  4   4  92   0   0   0
 170000   40000000|  4   3  93   0   0   0
 162000   40000000|  5   3  92   0   0   0
 166000   40000000|  4   3  92   0   0   0
 164000   40000000|  5   4  92   0   0   0
 164000   40000000|  4   4  91   1   0   0
 165000   40000000|  4   4  93   0   0   0
 163000   40000000|  4   4  93   0   0   0
 173000   40000000|  4   4  92   0   0   0
 165000   40000000|  4   3  92   0   0   0
 169000   40000000|  5   2  93   0   0   0
 178000   40000000|  4   4  90   2   0   0
 174000   40000000|  4   3  93   0   0   0
 179000   40000000|  2   3  94   0   0   0
 176000   40000000|  5   4  92   0   0   0
 186000   40000000|  5   4  91   0   0   0
 181000   40000000|  4   3  94   0   0   0
 181000   40000000|  4   4  91   1   0   0
 177000   40000000|  4   4  93   0   0   0
 179000   40000000|  4   3  93   0   0   0
 189000   40000000|  3   3  94   0   0   0
 182000   40000000|  4   3  92   0   0   0
 185000   40000000| 43   5  50   0   0   2
 184000   40000000| 44   4  51   0   0   1
 180000   40000000|  2   1  97   0   0   0
 146000   21000000|  2   3  69  25   0   0
 224000   17000|  4   5   2  90   0   0
 724000   29000|  4   4   0  92   0   0
1009000   23000|  6   7  22  65   0   0
6398B 2324B|  2   2  95   2   0   0
2046B 8382B|  1   2  85  12   0   0
6244B  326000|  3   2   8  87   0   0
  12000  766000|  1   2   0  97   0   0
  16000 1578000|  3   2   0  96   0   0
  17000 2646000|  2   2   0  96   0   0
  27000 4318000|  4   2  60  34   0   1
  34000 7219000|  2   3  95   0   0   0
  52000   12000000|  2   2  95   0   0   0
  77000   20000000|  3   2  95   0   0   0
 120000   31000000|  4   3  93   0   0   0
 159000   40000000|  4   3  92   1   0   0
 174000   40000000|  4   3  93   0   0   0
 168000   40000000|  3   4  93   0   0   0
 170000   40000000|  3   3  94   0   0   0
 168000   40000000|  4   3  93   0   0   0
 167000   40000000|  3   3  92   1   0   0
 167000   40000000|  5   2  93   0   0   0
 162000   40000000|  4   3  93   0   0   0
 162000   40000000|  4   3  93   0   0   0
 172000   40000000|  3   2  95   0   0   0
 177000   40000000|  4   3  93   0   0   0
 171000   40000000|  4   3  93   1   0   0
 176000   40000000|  3   3  94   0   0   0
 176000   40000000|  3   2  94   0   0   0
 179000   40000000|  4   3  94   0   0   0
 178000   40000000|  4   2  94   0   0   0
 178000   40000000|  4   3  93   0   0   0
 178000   40000000|  3   3  93   1   0   0
 181000   40000000|  4   2  94   0   0   0
 179000   40000000|  8   3  89   0   0   0
 182000   40000000| 28   2  70   0   0   1
 179000   40000000|  2   2  95   0   0   0
 174000   40000000|  3   2  93   1   0   0
 177000   40000000|  3   2  69  26   0   0
 190000   40000000|  5   3  68  24   0   0
 182000   40000000|  6   2  53  38   0   1
  41000  412000|  3   4   6  87   0   0
  15000  243000|  2   2   2  94   0   0
  10000  169000|  2   2   3  93   0   0
  10000  172000|  1   2   3  93   0   0
9204B  170000|  1   3   0  97   0   0
8542B  250000|  3   3  33  62   0   0
5602B  550000|  2   1  90   7   0   0
6572B 1014000|  3   2  96   0   0   0
  11000 2022000|  2   2  95   1   0   0
  21000 4011000|  2   2  96   0   0   0
  34000 5578000|  2   2  96   0   0   0
  37000 8364000|  2   3  95   0   0   0
  53000   12000000|  2   1  97   0   0   0
  75000   18000000|  2   3  95   0   0   0
 110000   28000000|  3   2  94   1   0   0
 145000   39000000|  4   2  94   0   0   0
 163000   39000000|  3   3  94   0   0   0
 165000   36000000|  3   3  95   0   0   0
 166000   36000000|  3   3  94   0   0   0
 166000   36000000|  3   3  94   0   0   0
 165000   36000000|  2   3  94   1   0   0
 164000   36000000|  2   2  95   0   0   0
 165000   36000000|  3   2  95   0   0   0
 171000   37000000|  3   3  94   0   0   0
 173000   37000000|  3   3  94   0   0   0
 179000   38000000|  3   2  94   0   0   0
 180000   39000000|  3   2  94   1   0   0
 177000   40000000|  3   3  94   0   0   0
 175000   40000000|  7   3  89   0   0   0
 117000   24000000|  2   2  96   0   0   0
  48000   11000000|  1   3  96   0   0   0
  68000   10000000|  3   2  95   0   0   0
  44000 9940000|  2   2  94   2   0   0
  47000   11000000|  1   2  96   0   0   0
  48000   11000000|  2   2  96   0   0   0
  53000   12000000|  2   2  95   0   0   0
  53000   12000000|  2   2  96   0   0   0
  59000   13000000|  2   2  95   1   0   0
  54000   12000000|  2   3  95   0   0   0
  58000   13000000|  2   2  97   0   0   0
  54000   12000000|  2   2  96   0   0   0
  60000   13000000|  2   2  96   0   0   0
  54000   12000000|  2   2  96   0   0   0
  57000   13000000|  1   3  96   1   0   0
  58000   13000000|  2   2  96   0   0   0
  52000   13000000|  2   2  96   0   0   0
  62000   13000000|  3   2  96   0   0   0
  60000   13000000|  2   2  96   0   0   0
  60000   14000000|  2   2  94   3   0   0
  61000   13000000|  2   2  96   0   0   0
  72000   15000000|  2   2  95   0   0   0
  66000   15000000|  3   3  95   0   0   0
  77000   17000000|  2   2  96   0   0   0
  69000   17000000|  2   3  95   0   0   0
  80000   20000000|  2   2  95   1   0   0
  82000   20000000|  3   3  94   0   0   0
  94000   23000000|  2   2  96   0   0   0
  98000   24000000|  2   3  95   0   0   0
 113000   28000000|  2   2  96   0   0   0
 123000   29000000| 17   2  81   0   0   1
 139000   33000000| 16   3  79   2   0   1
  52000 5753000|  3   3  94   0   0   0
5012B 3140B|  1   2  98   0   0   0
2316B 2984B|  1   1  98   0   0   0
1628B 1884B|  1   2  97   0   0   0
1868B 4196B|  1   2  96   1   0   0
2128B  116000|  2   2  95   0   0   0
4411B  436000|  2   2  96   0   0   0
4736B  750000|  1   1  97   0   0   0
9786B 1729000|  2   2  96   0   0   0
  13000 2674000|  1   2  97   0   0   0
  26000 5747000|  2   3  94   1   0   0
  38000 8386000|  3   2  95   0   0   0
  58000   15000000|  2   2  96   0   0   0
  83000   21000000|  3   2  95   0   0   0
 132000   35000000|  4   2  94   0   0   0
 159000   40000000|  4   3  93   0   0   0
 161000   40000000|  3   4  92   1   0   0
 159000   40000000|  3   3  94   0   0   0
 163000   40000000|  3   4  93   0   0   0
 163000   40000000|  3   4  93   0   0   0
 161000   40000000|  4   3  93   0   0   0
 163000   40000000|  3   3  94   0   0   0
 162000   40000000|  4   3  90   3   0   0
 163000   40000000|  3   4  93   0   0   0
 161000   40000000|  2   3  94   0   0   0
 161000   40000000|  2   3  95   0   0   0
 173000   40000000|  3   3  94   0   0   0
 176000   40000000|  3   3  94   0   0   0
 172000   40000000|  4   2  93   1   0   0
 176000   40000000|  2   3  95   0   0   0
 174000   40000000|  2   4  94   0   0   0
 178000   40000000|  3   3  94   0   0   0
 176000   40000000|  3   2  95   0   0   0
 175000   40000000|  2   4  94   0   0   0
 177000   40000000|  3   3  94   1   0   0
 179000   40000000|  3   3  95   0   0   0
 178000   40000000|  3   2  95   0   0   0
 182000   40000000| 22   4  74   0   0   1
 177000   40000000| 52   4  43   0   0   2
 174000   40000000|  8   3  90   0   0   0
 157000   28000000|  1   2  96   1   0   0
2906B 3496B|  2   3  95   0   0   0
4616B 3140B|  1   1  98   0   0   0
2120B 2984B|  1   2  97   0   0   0
1760B 1884B|  1   1  99   0   0   0
1648B 4196B|  2   2  95   2   0   0
2616B  161000|  2   3  94   1   0   0
3908B  417000|  2   2  96   0   0   0
6150B  953000|  1   2  97   0   0   0
8180B 1468000|  1   2  97   0   0   0
  16000 3229000|  2   1  96   0   0   0
  22000 4892000|  1   2  95   1   0   0
  40000 9745000|  2   2  96   0   0   0
  51000   13000000|  2   2  96   0   0   0
  89000   23000000|  2   2  95   0   0   0
 124000   34000000|  4   3  93   0   0   0
 156000   40000000|  3   3  94   0   0   0
 160000   40000000|  2   3  92   2   0   0
 167000   40000000|  3   3  93   0   0   0
 164000   40000000|  3   3  93   0   0   0
 163000   40000000|  4   3  93   0   0   0
 161000   40000000|  3   3  94   0   0   0
 162000   40000000|  3   4  93   0   0   0
 166000   40000000|  3   3  93   2   0   0
 166000   40000000|  4   2  94   0   0   0
 167000   40000000|  2   3  95   0   0   0
 171000   40000000|  4   3  94   0   0   0
 179000   40000000|  3   3  94   0   0   0
 170000   40000000|  3   2  95   0   0   0
 182000   40000000|  3   3  94   1   0   0
 183000   40000000|  2   3  94   1   0   0
 184000   40000000|  3   2  94   0   0   0
 175000   40000000|  2   3  94   0   0   0
 180000   40000000|  3   3  95   0   0   0
 184000   40000000|  3   2  95   0   0   0
 177000   40000000|  2   3  94   1   0   0
 178000   40000000|  9   3  88   0   0   0
 182000   40000000| 28   3  69   0   0   1
 184000   40000000| 13   3  84   0   0   0
 191000   40000000|  8   2  89   0   0   1
 184000   40000000| 22   2  76   0   0   1
 149000   27000000|  2   3  93   2   0   1
3686B 3686B|  1   1  98   0   0   0
3355B 1432B|  1   1  98   0   0   0
2784B 3252B|  1   2  97   0   0   0
4546B 1648B|  1   1  97   0   0   0
1000B 3896B|  1   2  97   1   0   0
2268B  150000|  2   2  95   2   0   0
3808B  483000|  2   2  97   0   0   0
4342B  715000|  1   1  97   0   0   0
8998B 1617000|  1   1  98   0   0   0
  14000 2576000|  2   1  97   0   0   0
  25000 5381000|  2   2  93   3   0   0
  38000 8694000|  2   2  96   0   0   0
  61000   15000000|  2   2  96   0   0   0
  87000   22000000|  2   2  96   0   0   0
 134000   35000000|  1   3  95   0   0   0
 165000   40000000|  3   3  94   0   0   0
 167000   40000000|  3   4  92   1   0   1
 222000   40000000|  3   2  94   0   0   1
 161000   40000000|  3   3  94   0   0   0
 161000   40000000|  3   3  95   0   0   0
 159000   40000000|  2   4  94   0   0   0
 161000   40000000|  2   3  95   0   0   0
 163000   40000000|  2   3  93   1   0   0
 162000   40000000|  2   3  95   0   0   0
 171000   40000000|  2   3  95   0   0   0
 211000   40000000|  3   3  93   0   0   0
 241000   40000000|  2   3  95   0   0   0
 181000   40000000|  2   3  95   0   0   0
 182000   40000000|  3   3  93   1   0   0
 175000   40000000|  2   3  95   0   0   0
 172000   40000000|  2   3  94   0   0   0
 162000   40000000|  2   3  95   0   0   0
 166000   40000000|  2   3  96   0   0   0
 167000   40000000|  2   3  95   0   0   0
 164000   40000000|  3   3  93   1   0   0
 160000   40000000|  2   3  96   0   0   0
 168000   40000000| 23   4  73   0   0   1
 169000   40000000|  2   3  95   0   0   0
 167000   40000000|  1   2  96   0   0   0
 163000   40000000| 19   3  77   0   0   1
 127000   24000000|  2   4  92   2   0   0
3565B 3582B|  1   1  98   0   0   0
3902B 1692B|  1   1  97   0   0   0
2578B 3252B|  1   1  98   0   0   0
2028B 4528B|  1   2  98   0   0   0
1480B   30000|  2   2  96   1   0   0
2756B  261000|  2   1  96   2   0   0
4730B  672000|  1   1  98   0   0   0
6326B 1024000|  1   1  97   0   0   0
  13000 2479000|  2   1  97   0   0   0
  19000 3946000|  2   2  96   0   0   0
  39000 8383000|  2   3  95   1   0   0
  46000   12000000|  1   2  97   0   0   0
  81000   21000000|  3   2  95   0   0   0
 115000   30000000|  2   3  95   0   0   0
 196000   40000000|  3   3  94   0   0   0
 164000   40000000|  2   2  96   0   0   0
 160000   40000000|  2   2  94   2   0   0
 164000   40000000|  2   3  95   0   0   0
 165000   40000000|  2   3  95   0   0   0
 167000   40000000|  2   3  95   0   0   0
 165000   40000000|  2   3  95   0   0   0
 164000   40000000|  2   2  95   0   0   0
 167000   40000000|  3   3  93   2   0   0
 172000   40000000|  2   2  96   0   0   0
 175000   40000000|  2   2  97   0   0   0
 177000   40000000|  2   2  96   0   0   0
 170000   40000000|  3   1  96   0   0   0
 172000   40000000|  1   2  97   0   0   0
 171000   40000000|  2   2  95   1   0   0
 176000   40000000| 11   2  86   1   0   1
 197000   40000000| 24   3  73   0   0   1
 345000   35000000|  1   2  96   0   0   1
 101000   18000000|  2   2  97   0   0   0
  72000   19000000|  2   2  97   0   0   0
  81000   20000000|  2   2  94   2   0   0
  85000   21000000|  1   2  97   0   0   0
  92000   23000000|  2   2  96   0   0   0
  88000   22000000|  2   2  97   0   0   0
 101000   24000000|  2   2  97   0   0   0
  92000   22000000|  1   1  98   0   0   0
 101000   25000000|  2   2  95   1   0   0
  98000   23000000|  2   2  96   1   0   0
 101000   25000000|  2   2  96   0   0   0
  98000   23000000|  2   2  96   0   0   0
 101000   24000000| 17   3  81   0   0   0
  94000   23000000| 24   2  74   0   0   1
  70000   13000000|  2   2  95   1   0   0
3950B 3304B|  1   1  98   0   0   0
3144B 1692B|  1   1  98   0   0   0
2592B 3252B|  1   2  98   0   0   0
1832B 4528B|  1   1  98   0   0   0
1164B   30000|  1   3  96   1   0   0
3134B  292000|  1   2  95   2   0   0
5206B  719000|  1   1  98   0   0   0
8832B 1370000|  1   2  97   0   0   0
  13000 2511000|  2   1  97   0   0   0
  25000 5186000|  2   1  98   0   0   0
  35000 8155000|  1   1  97   1   0   0
  54000   14000000|  2   1  97   0   0   0
  81000   21000000|  2   1  97   0   0   0
 120000   32000000|  2   2  96   0   0   0
 157000   40000000|  2   3  95   0   0   0
 156000   40000000|  2   3  95   0   0   0
 162000   40000000|  2   2  94   1   0   0
 156000   40000000|  2   2  96   0   0   0
 153000   40000000|  2   2  96   0   0   0
 163000   40000000|  2   3  95   0   0   0
 169000   40000000|  2   2  96   0   0   0
 159000   40000000|  2   2  96   0   0   0
 158000   40000000|  2   2  95   1   0   0
 158000   40000000|  2   2  96   0   0   0
 169000   40000000|  3   2  96   0   0   0
 168000   40000000|  2   2  96   0   0   0
 167000   40000000|  2   3  95   0   0   0
 167000   40000000|  3   2  95   0   0   0
 172000   40000000|  1   2  96   1   0   0
 173000   40000000|  2   2  96   0   0   0
 180000   40000000|  2   2  96   0   0   0
 185000   40000000|  2   2  95   0   0   0
 188000   40000000|  8   3  89   0   0   1
 179000   40000000| 25   3  70   1   0   1
 170000   40000000|  9   3  88   0   0   0
 174000   40000000|  1   2  96   0   0   1
 175000   40000000|  2   3  95   0   0   0
 184000   40000000|  2   2  96   0   0   0
 170000   37000000|  7   3  90   0   0   0
 168000   34000000|  1   1  96   3   0   0
6180B 4134B|  2   2  96   0   0   0
3818B 2308B|  1   1  98   0   0   0
2208B 3124B|  1   2  98   0   0   0
2210B 4796B|  1   1  98   0   0   0
 976B    0|  1   1  97   1   0   0
5138B  245000|  1   2  95   2   0   0
3986B  503000|  1   1  98   0   0   0
7226B 1141000|  1   1  98   0   0   0
  11000 1924000|  1   1  98   0   0   0
  20000 4142000|  2   2  97   0   0   0
  31000 6526000|  2   1  96   1   0   0
  48000   12000000|  1   2  98   0   0   0
  69000   17000000|  2   2  97   0   0   0
 113000   29000000|  2   2  96   0   0   0
 158000   39000000|  3   4  94   0   0   0
 167000   40000000|  3   3  94   1   0   0
 164000   40000000|  3   3  94   0   0   0
 158000   40000000|  2   3  95   0   0   0
 161000   40000000|  2   2  96   0   0   0
 160000   40000000|  2   3  95   0   0   0
 170000   40000000|  2   4  94   0   0   0
 166000   40000000|  3   3  94   1   0   0
 158000   40000000|  2   3  95   0   0   0
 157000   40000000|  3   3  95   0   0   0
 157000   40000000|  2   3  96   0   0   0
 165000   40000000|  2   3  95   0   0   0
 173000   40000000|  2   3  95   0   0   0
 173000   40000000|  3   2  93   2   0   0
 171000   40000000|  2   3  95   0   0   0
 169000   40000000|  2   2  96   0   0   0
 175000   40000000|  2   2  96   0   0   0
 179000   40000000|  3   2  96   0   0   0
 171000   40000000|  2   3  95   0   0   0
 171000   40000000|  2   2  95   1   0   0
 173000   40000000| 13   2  85   0   0   0
 180000   40000000| 20   3  77   0   0   1
 175000   40000000|  1   2  98   0   0   0
 185000   40000000|  2   2  96   0   0   0
 169000   40000000|  7   2  91   0   0   0
 172000   40000000|  8   2  88   2   0   0
  69000 5641000|  1   2  97   0   0   0
5063B 3266B|  1   1  98   0   0   0
2380B 3080B|  1   1  98   0   0   0
1468B 2024B|  1   1  98   0   0   0
1408B 4196B|  1   1  98   1   0   0
1702B   67000|  2   1  95   2   0   0
3468B  391000|  1   1  98   0   0   0
5546B  746000|  2   1  97   0   0   0
9844B 1533000|  1   1  98   0   0   0
  16000 3000000|  0   1  98   0   0   0
  29000 5773000|  2   0  97   1   0   0
  44000 9965000|  2   1  97   0   0   0
  67000   16000000|  1   1  98   0   0   0
 100000   26000000|  2   2  97   0   0   0
 146000   38000000|  2   2  96   0   0   0
 156000   40000000|  3   2  95   0   0   0
 157000   40000000|  2   3  94   1   0   1
 161000   40000000|  2   3  96   0   0   0
 158000   40000000|  3   1  96   0   0   0
 157000   40000000|  2   3  95   0   0   0
 159000   40000000|  2   3  95   0   0   0
 166000   40000000|  2   3  96   0   0   0
 169000   40000000|  2   2  95   1   0   0
 163000   40000000|  2   2  95   0   0   0
 160000   40000000|  2   2  96   0   0   0
 159000   40000000|  1   2  96   0   0   0
 172000   40000000|  1   2  97   0   0   0
 170000   40000000|  2   1  97   0   0   0
 187000   40000000|  3   2  95   1   0   0
 253000   40000000|  2   2  96   0   0   0
 489000   26000000|  2   1  97   0   0   0
5000B   71000|  2   1  98   0   0   0
4234B  141000|  1   1  98   0   0   0
6786B  270000|  1   1  98   0   0   0
8514B  298000|  1   2  97   1   0   0
  16000  698000|  1   1  97   0   0   0
  30000 1239000|  1   2  97   0   0   0
  23000 1227000|  1   1  98   0   0   0
  15000 2591000|  2   1  97   0   0   0
  24000 4130000|  1   1  98   0   0   0
  43000 8021000|  2   2  96   1   0   0
  67000   12000000|  1   1  98   0   0   0
 114000   22000000|  2   2  96   0   0   0
 152000   35000000|  2   2  96   0   0   0
 157000   40000000|  2   2  97   0   0   0
 166000   40000000| 12   2  85   0   0   1
 167000   40000000|  8   2  89   1   0   0
  73000   12000000|  1   1  98   0   0   0
  26000 6446000|  1   1  99   0   0   0
  33000 7803000|  1   1  98   0   0   0
  44000   11000000|  1   1  98   0   0   0
  47000   12000000|  1   1  97   1   0   0
  66000   17000000|  1   2  95   2   0   0
  74000   19000000|  1   2  98   0   0   0
 104000   25000000|  1   2  97   0   0   0
 119000   31000000| 24   2  75   0   0   0
 150000   38000000|  6   2  92   0   0   0
  42000 2537000|  1   2  95   2   0   0
4476B 3140B|  1   1  99   0   0   0
2248B 2984B|  1   1  99   0   0   0
2046B 2342B|  1   1  99   0   0   0
 536B 3896B|  1   1  99   0   0   0
4016B  161000|  1   2  96   1   0   0
4036B  554000|  1   1  98   1   0   0
5756B  881000|  1   1  98   0   0   0
  10000 1924000|  1   0  99   0   0   0
  15000 3000000|  1   1  98   0   0   0
  30000 6348000|  1   1  98   0   0   0
  38000 9397000|  2   1  96   1   0   0
  69000   17000000|  1   2  97   0   0   0
  94000   24000000|  2   2  97   0   0   0
 150000   38000000|  1   2  97   0   0   0
 165000   40000000|  2   3  95   0   0   0
 159000   40000000|  2   3  95   0   0   0
 161000   40000000|  2   2  95   1   0   0
 158000   40000000|  2   3  95   0   0   0
 207000   40000000|  2   2  97   0   0   0
 205000   40000000|  2   4  95   0   0   0
 167000   40000000|  2   2  96   0   0   0
 159000   40000000|  2   3  95   0   0   0
 157000   40000000|  2   3  94   1   0   0
 157000   40000000|  2   2  97   0   0   0
 153000   40000000|  2   2  96   0   0   0
 158000   40000000|  2   3  96   0   0   0
 167000   40000000|  2   2  96   0   0   0
 172000   40000000|  1   3  96   0   0   0
 160000   40000000|  1   3  94   1   0   0
 165000   40000000|  1   4  95   0   0   0
 166000   40000000|  2   1  97   0   0   0
 169000   40000000|  1   3  96   0   0   0
 163000   40000000|  1   3  96   0   0   0
 170000   40000000|  3   2  95   0   0   0
 171000   40000000|  1   2  95   1   0   0
 175000   40000000| 17   2  80   0   0   1
 172000   40000000|  6   2  92   0   0   0
 176000   40000000|  5   1  94   0   0   1
 154000   40000000| 15   2  83   0   0   0
  95000   17000000|  2   1  97   0   0   0
5372B 3406B|  1   1  96   3   0   0
3706B 3080B|  1   1  98   0   0   0
1952B 2024B|  0   0  99   0   0   0
1340B 4196B|  1   0  99   0   0   0
1164B   30000|  1   1  98   0   0   0
3120B  347000|  1   1  98   0   0   0
4040B  566000|  1   1  97   2   0   0
8632B 1402000|  1   1  99   0   0   0
  13000 2218000|  1   1  98   0   0   0
  23000 4882000|  1   1  98   0   0   0
  35000 7683000|  1   1  98   0   0   0
  50000   13000000|  1   1  98   0   0   0
  71000   19000000|  1   1  96   1   0   0
 113000   31000000|  1   2  97   0   0   0
 149000   40000000|  2   2  96   0   0   0
 145000   40000000|  2   2  96   0   0   0
 153000   40000000|  1   3  96   0   0   0
 158000   40000000|  1   2  96   0   0   0
 148000   40000000|  2   2  95   1   0   0
 156000   40000000|  1   3  96   0   0   0
 154000   40000000|  1   2  97   0   0   0
 153000   40000000|  2   2  96   0   0   0
 150000   40000000|  2   2  96   0   0   0
 159000   40000000|  2   2  96   0   0   0
 164000   40000000|  1   2  96   1   0   0
 156000   40000000|  1   2  97   0   0   0
 164000   40000000|  2   3  96   0   0   0
 180000   40000000|  1   2  97   0   0   0
 212000   40000000|  3   2  95   0   0   0
 192000   40000000|  1   2  97   0   0   0
 183000   40000000|  2   2  95   1   0   0
 177000   40000000|  2   2  96   0   0   0
 177000   40000000| 26   2  72   0   0   1
 173000   40000000|  1   1  98   0   0   0
 171000   40000000|  1   2  96   0   0   0
 152000   40000000|  0   2  98   0   0   0
 151000   40000000|  1   2  95   3   0   0
 163000   39000000|  1   2  97   0   0   0
 154000   34000000|  1   2  97   0   0   0
 155000   38000000|  7   2  92   0   0   0
  52000 5773000|  1   1  98   0   0   0
4350B 3140B|  1   1  99   0   0   0
2316B 2984B|  1   0  97   2   0   0
1372B 1884B|  1   1  99   0   0   0
1460B 4196B|  1   1  99   0   0   0
1543B   67000|  1   1  98   0   0   0
4681B  394000|  1   1  98   0   0   0
4106B  677000|  1   1  99   0   0   0
8313B 1500000|  1   0  98   1   0   0
  11000 2250000|  1   1  98   0   0   0
  21000 4631000|  1   1  98   0   0   0
  32000 7062000|  1   1  98   0   0   0
  49000   13000000|  1   1  98   0   0   0
  71000   18000000|  1   2  98   0   0   0
 113000   30000000|  1   1  97   1   0   0
 155000   40000000|  1   2  96   0   0   0
 197000   40000000|  2   2  96   0   0   0
 146000   40000000|  2   2  96   0   0   0
 145000   40000000|  2   2  96   0   0   0
 154000   40000000|  1   2  97   0   0   0
 152000   40000000|  2   1  95   1   0   0
 153000   40000000|  1   2  97   0   0   0
 158000   40000000|  1   1  98   0   0   0
 160000   40000000|  1   1  98   0   0   0
 166000   40000000|  2   2  96   0   0   0
 167000   40000000|  1   2  97   0   0   0
 170000   40000000|  2   1  96   1   0   0
 165000   40000000|  1   1  97   0   0   0
 167000   40000000|  2   1  97   0   0   0
 174000   40000000|  1   2  97   0   0   0
 169000   40000000| 18   1  80   0   0   1
 171000   40000000|  6   1  92   0   0   0
 127000   28000000|  1   1  96   1   0   1
  95000   25000000|  1   1  98   0   0   0
  95000   23000000|  1   1  98   0   0   0
 105000   25000000|  1   2  98   0   0   0
  99000   24000000|  1   2  97   0   0   0
 101000   26000000|  1   1  97   1   0   0
 104000   26000000|  1   1  97   1   0   0
 106000   27000000|  0   1  98   0   0   0
 110000   28000000|  1   1  98   0   0   0
 116000   30000000|  1   1  98   0   0   0
 119000   31000000|  1   1  98   0   0   0
 128000   33000000| 19   1  78   1   0   0
 135000   31000000|  8   1  90   0   0   1
  14000 4044B|  1   1  98   0   0   0
3606B 1432B|  1   0  99   0   0   0
2012B 3252B|  1   1  99   0   0   0
2016B 1648B|  1   0  99   0   0   0
 996B 3896B|  1   0  97   2   0   0
3032B  161000|  1   1  97   0   0   0
3948B  513000|  1   0  99   0   0   0
5066B  792000|  1   0  99   0   0   0
9440B 1826000|  1   0  99   0   0   0
  12000 2688000|  1   1  97   1   0   0
  27000 5727000|  1   1  99   0   0   0
  35000 8259000|  1   1  98   0   0   0
  57000   15000000|  1   1  98   0   0   0
  77000   20000000|  1   2  98   0   0   0
 124000   33000000|  2   2  96   0   0   0
 162000   40000000|  1   2  95   2   0   0
 168000   40000000|  1   2  97   0   0   0
 163000   40000000|  2   1  97   0   0   0
 159000   40000000|  1   1  98   0   0   0
 158000   40000000|  2   2  97   0   0   0
 200000   40000000|  1   1  97   0   0   0
 212000   40000000|  2   1  95   1   0   0
 175000   40000000|  2   2  97   0   0   0
 160000   40000000|  2   2  96   0   0   0
 158000   40000000|  1   2  97   0   0   0
 163000   40000000|  1   2  96   0   0   0
 173000   40000000|  2   2  96   0   0   0
 167000   40000000|  1   2  96   1   0   0
 168000   40000000|  2   2  97   0   0   0
 170000   40000000|  2   2  96   0   0   0
 170000   40000000|  2   2  97   0   0   0
 165000   40000000|  2   1  97   0   0   0
 173000   40000000|  1   1  98   0   0   0
 168000   40000000|  2   2  95   2   0   0
 169000   40000000|  1   1  98   0   0   0
 183000   40000000| 21   1  77   0   0   0
 175000   40000000| 15   2  82   0   0   1
 169000   40000000|  1   1  99   0   0   0
 157000   40000000|  1   1  98   0   0   0
 158000   40000000| 10   1  87   2   0   0
 133000   27000000|  1   1  98   0   0   0
6554B 4048B|  0   0 100   0   0   0
3503B 2120B|  0   0 100   0   0   0
2272B 3124B|  0   0  99   0   0   0
2766B 4796B|  0   0 100   0   0   0
1616B  296B|  1   0  97   2   0   0
3130B  322000|  1   1  99   0   0   0
4634B  599000|  1   1  99   0   0   0
7810B 1392000|  1   0  99   0   0   0
  12000 2250000|  0   0  99   0   0   0
  25000 4957000|  1   0  99   0   0   0
  36000 7741000|  1   1  97   1   0   0
  57000   14000000|  1   1  99   0   0   0
  82000   21000000|  1   1  97   0   0   0
 124000   34000000|  2   1  98   0   0   0
 156000   40000000|  2   2  97   0   0   0
 149000   40000000|  1   2  97   0   0   0
 152000   40000000|  1   2  97   1   0   0
 141000   40000000|  2   1  96   1   0   0
 154000   40000000|  2   2  97   0   0   0
 152000   40000000|  2   1  97   0   0   0
 153000   40000000|  2   2  97   0   0   0
 152000   40000000|  2   2  97   0   0   0
 136000   40000000|  1   1  97   1   0   0
 143000   40000000|  1   1  98   0   0   0
 162000   40000000|  1   1  97   0   0   0
 162000   40000000|  1   1  98   0   0   0
 166000   40000000|  2   1  97   0   0   0
 170000   40000000|  1   1  97   0   0   0
 174000   40000000|  2   1  96   1   0   0
 191000   40000000|  1   1  98   0   0   0
 238000   40000000|  1   1  98   0   0   0
 478000   34000000|  1   1  99   0   0   0
  90000 2308000|  1   0  99   0   0   0
3912B  148000|  1   1  99   0   0   0
7060B  212000|  1   1  98   1   0   0
8712B  342000|  0   0  99   0   0   0
  10000  399000|  1   1  99   0   0   0
  15000  627000|  0   1  99   0   0   0
  26000 1076000|  1   0  99   0   0   0
  28000 2043000|  1   1  99   0   0   0
  17000 2910000|  1   1  98   1   0   0
  28000 5406000|  1   0  99   0   0   0
  44000 7769000|  1   1  99   0   0   0
  63000   14000000|  2   1  98   0   0   0
  82000   21000000|  1   1  99   0   0   0
 125000   33000000|  1   2  98   0   0   0
 166000   40000000|  1   2  96   1   0   0
 167000   40000000| 16   2  82   0   0   0
 169000   40000000|  7   2  90   0   0   1
  98000   18000000|  1   1  99   0   0   0
  59000   12000000|  1   1  99   0   0   0
  67000   15000000|  4   1  96   0   0   0
  87000   20000000| 24   1  72   3   0   0
  89000   23000000| 12   1  86   0   0   0
 102000   21000000|  1   1  99   0   0   0
1470B 1714B|  0   0 100   0   0   0
 708B    0|  0   0 100   0   0   0
