   0     0|  1   1  95   4   0   0
1541B 1439B|  3   3  94   0   0   0
1744B  716B|  3   2  95   0   0   0
1588B 1626B|  3   3  94   0   0   0
3324B 2756B|  4   3  94   0   0   0
1956B   33000|  5   2  93   0   0   0
2349B  178000|  4   2  93   1   0   0
3433B  294000|  4   2  93   0   0   0
4246B  652000|  4   2  94   0   0   0
7887B 1272000|  4   2  94   0   0   0
  11000 2120000|  4   3  93   0   0   0
  26000 4816000|  3   2  93   1   0   0
  34000 7221000|  4   2  94   0   0   0
  61000   14000000|  4   2  94   0   0   0
  99000   19000000|  6   3  92   0   0   0
 106000   19000000|  4   4  93   0   0   0
  91000   13000000|  6   1  93   0   0   0
  71000   15000000|  4   2  93   0   0   0
  77000   12000000|  3   2  94   1   0   0
  65000   11000000|  4   3  93   0   0   0
  55000   11000000|  3   3  94   0   0   0
  62000   12000000|  4   3  94   0   0   0
  63000 9545000|  4   3  94   0   0   0
  45000 9406000|  4   2  93   1   0   0
  47000 9606000|  4   2  94   0   0   0
  48000 9907000|  4   2  94   0   0   0
  50000   10000000|  4   2  93   0   0   0
  49000 7096000|  3   3  94   0   0   0
  40000 8205000|  3   3  94   0   0   0
  41000 7672000|  3   3  93   1   0   0
  47000 8902000|  3   2  95   0   0   0
  49000 6661000|  4   3  94   0   0   0
  39000 6738000|  3   2  95   0   0   0
  36000 6404000|  4   3  93   0   0   0
  43000 7338000|  3   3  94   0   0   0
  37000 6738000|  4   2  94   0   0   0
  37000 7271000|  4   2  93   1   0   0
  38000 6804000|  5   2  93   0   0   0
  38000 7271000|  5   3  93   0   0   0
  36000 6938000|  5   2  94   0   0   0
  40000 7405000|  3   2  95   0   0   0
  40000 7405000|  3   3  94   0   0   0
  39000 7405000|  5   2  93   0   0   0
  41000 7538000|  5   2  92   1   0   0
  42000 7695000|  4   2  93   0   0   0
  42000 8315000|  4   2  94   0   0   0
  43000 8539000|  3   2  95   0   0   0
  48000 9539000|  3   2  95   0   0   0
  52000   10000000|  4   2  94   0   0   0
  54000   11000000|  4   3  94   0   0   0
  61000   12000000|  4   3  93   1   0   0
  74000   12000000|  4   2  94   0   0   0
  57000   10000000|  5   2  93   0   0   0
  60000   11000000|  3   2  95   0   0   0
  62000 8324000|  4   3  93   0   0   0
  50000 9139000|  4   3  94   0   0   0
  49000 9273000|  3   2  93   1   0   0
  54000 9673000|  4   2  94   0   0   0
  52000 9806000|  4   4  92   0   0   0
  53000 9969000|  4   1  95   0   0   0
  60000 8480000|  4   3  93   0   0   0
  41000 7405000|  4   2  94   0   0   0
  43000 7738000|  5   3  92   1   0   0
  42000 8138000|  4   2  94   0   0   0
  41000 8205000|  6   2  91   0   0   0
  46000 8405000| 31   3  66   0   0   0
  45000 8605000| 31   2  67   0   0   0
  45000 8405000| 31   3  66   0   0   0
  45000 8605000| 31   2  66   1   0   0
  46000 8405000| 31   2  67   0   0   0
  47000 8607000|  4   2  94   0   0   0
  47000 6771000|  5   3  92   0   0   0
3039B 2543B|  4   2  94   0   0   0
6655B 1154B|  3   2  95   0   0   0
1970B 1562B|  3   2  93   2   0   0
1610B 2398B|  3   2  95   0   0   0
2088B   60000|  3   2  95   0   0   0
2308B  170000|  3   2  95   0   0   0
5086B  414000|  4   2  94   0   0   0
4688B  676000|  4   2  94   0   0   0
8907B 1533000|  3   3  93   1   0   0
  13000 2511000|  4   2  94   0   0   0
  30000 5402000|  3   3  93   0   0   0
  47000 7299000|  4   2  95   0   0   0
  33000 6604000|  3   2  95   0   0   0
  42000 7938000|  3   2  95   0   0   0
  40000 7359000|  4   2  94   0   0   0
  46000 6392000|  5   2  92   1   0   0
  31000 5764000|  4   2  94   0   0   0
  38000 6741000|  4   2  94   0   0   0
  33000 4495000|  3   2  94   0   0   0
  31000 4750000|  4   2  94   0   0   0
  22000 3544000|  3   2  93   1   0   0
  25000 4260000|  3   3  94   0   0   0
  23000 3960000|  4   2  94   0   0   0
  23000 4179000|  5   2  93   0   0   0
  24000 4403000|  4   3  93   0   0   0
  26000 4336000|  3   3  94   0   0   0
  26000 4536000|  4   2  93   1   0   0
  28000 3510000|  4   2  94   0   0   0
  20000 3536000|  3   3  95   0   0   0
  22000 3669000|  4   3  94   0   0   0
  26000 4136000|  3   3  94   0   0   0
  23000 4003000|  4   2  94   0   0   0
  26000 3976000|  4   3  93   1   0   0
  22000 3126000|  3   3  94   0   0   0
  19000 3313000|  3   2  94   0   0   0
  20000 3469000|  3   2  95   0   0   0
  22000 3549000|  4   2  95   0   0   0
  24000 3789000|  4   3  94   0   0   0
  22000 3616000|  4   2  93   1   0   0
  25000 3789000|  4   3  93   0   0   0
  25000 3602000|  3   3  94   0   0   0
  25000 3802000|  3   2  95   0   0   0
  21000 3669000|  4   2  93   0   0   0
  23000 4136000|  4   2  94   0   0   0
  23000 4091000|  3   2  95   0   0   0
  30000 4647000|  5   3  92   1   0   0
  26000 5070000|  3   2  95   0   0   0
  30000 5804000|  4   2  94   0   0   0
  35000 6805000|  4   3  93   0   0   0
  40000 7538000|  4   2  94   0   0   0
  44000 9072000|  4   2  93   0   0   0
  53000 8551000|  5   2  92   1   0   0
  44000 7938000|  4   2  94   0   0   0
  41000 8605000|  4   3  93   0   0   0
  48000 9273000|  4   2  95   0   0   0
  49000 9406000|  4   3  93   0   0   0
  51000   10000000|  4   2  94   0   0   0
  51000 9940000|  4   2  93   1   0   0
  50000   10000000|  4   3  93   0   0   0
  55000   10000000|  3   3  94   0   0   0
  54000   10000000|  4   3  94   0   0   0
  56000   10000000|  5   3  93   0   0   0
  54000   10000000|  4   2  95   0   0   0
  55000   10000000|  5   2  92   1   0   0
  55000   10000000|  5   3  92   0   0   0
  52000   10000000|  4   2  94   0   0   0
  54000   10000000|  4   3  94   0   0   0
  54000 8496000|  3   3  94   0   0   0
  42000 8405000|  4   3  93   0   0   0
  50000 9473000|  4   3  92   1   0   0
  52000 9673000|  4   2  95   0   0   0
  54000   10000000|  4   3  93   0   0   0
  53000   10000000|  5   2  93   0   0   0
  57000   11000000|  5   2  93   0   0   0
  53000   10000000|  4   2  94   0   0   0
  56000   11000000|  4   2  93   1   0   0
  55000   10000000|  4   4  92   0   0   0
  54000   10000000|  4   3  94   0   0   0
  55000   10000000|  4   3  93   0   0   0
  52000   10000000|  4   3  93   0   0   0
  56000   11000000|  5   2  93   0   0   0
  55000   11000000|  3   3  92   2   0   0
  59000   11000000| 11   3  87   0   0   0
  56000   11000000| 31   3  66   0   0   1
  60000   12000000| 30   1  68   0   0   0
  63000   12000000| 30   3  66   0   0   0
  65000   13000000| 12   3  85   0   0   0
  13000 1829B|  5   4  89   2   0   0
2726B 1570B|  3   2  95   0   0   0
1853B 1760B|  3   2  94   0   0   0
1791B  824B|  2   2  95   0   0   0
1320B   36000|  4   2  94   0   0   0
2452B  144000|  4   2  94   0   0   0
2778B  359000|  3   1  94   2   0   0
3660B  587000|  5   2  93   0   0   0
  10000 1468000|  3   1  96   0   0   0
  12000 2413000|  3   3  94   0   0   0
  30000 5160000|  4   2  94   0   0   0
  42000 8396000|  4   2  94   0   0   0
  75000   16000000|  5   3  92   0   0   0
  94000   14000000|  4   3  92   1   0   0
  79000   16000000|  4   3  93   0   0   0
  84000   16000000|  4   3  93   0   0   0
  89000   18000000|  4   2  94   0   0   0
  93000   18000000|  4   2  94   0   0   0
  94000   19000000|  3   3  94   0   0   0
 101000   20000000|  3   2  93   2   0   0
 100000   19000000|  4   3  94   0   0   0
 108000   19000000|  5   2  93   0   0   0
  91000   14000000|  3   3  94   0   0   0
  81000   15000000|  3   3  94   0   0   0
  85000   14000000|  4   2  94   0   0   0
  85000   11000000|  3   3  93   1   0   0
  46000 8205000|  4   3  94   0   0   0
  50000 9406000|  4   2  94   0   0   0
  50000 8939000|  5   2  94   0   0   0
  54000 9873000|  4   3  93   0   0   0
  49000 9450000|  4   2  93   1   0   0
  55000   10000000|  4   2  93   0   0   0
  62000   10000000|  4   2  95   0   0   0
  55000 9873000|  4   3  94   0   0   0
  57000   10000000|  3   2  95   0   0   0
  59000 9740000|  4   4  93   0   0   0
  57000   10000000|  3   3  93   1   0   0
  53000 9740000|  3   3  94   0   0   0
  53000   10000000|  5   3  92   0   0   0
  58000   10000000|  4   3  93   0   0   0
  62000   11000000|  5   2  93   0   0   0
  58000   11000000|  3   2  94   0   0   0
  73000   11000000|  4   2  95   0   0   0
  51000 8806000|  3   3  93   1   0   0
  58000   10000000|  3   3  94   0   0   0
  58000   10000000|  4   3  94   0   0   0
  59000   11000000|  3   3  94   0   0   0
  61000   11000000|  4   2  94   0   0   0
  58000   11000000|  3   3  94   0   0   0
  62000   12000000|  4   3  93   1   0   0
  56000   11000000|  4   3  94   0   0   0
  63000   12000000|  6   3  92   0   0   0
  56000   11000000| 29   3  68   0   0   0
  61000   12000000| 30   2  68   0   0   0
  58000   11000000| 30   3  68   0   0   0
   0     0| 13   3  83   1   0   0
   0     0|  5   3  92   0   0   0
   0     0|  2   2  96   0   0   0
   0     0|  3   3  95   0   0   0
   0     0|  2   2  95   0   0   0
   0     0|  3   2  95   1   0   0
   0     0|  3   3  92   2   0   0
   0     0|  3   2  95   0   0   0
   0     0|  2   2  96   0   0   0
   0     0|  4   2  94   0   0   0
   0     0|  3   3  94   0   0   0
   0     0|  4   2  93   1   0   0
   0     0|  3   2  94   0   0   0
   0     0|  3   2  94   0   0   0
   0     0|  4   3  93   0   0   0
   0     0|  4   3  94   0   0   0
   0     0|  4   3  93   0   0   0
   0     0|  3   2  94   1   0   0
   0     0|  5   2  93   0   0   0
   0     0|  3   3  93   0   0   0
   0     0|  4   2  94   0   0   0
   0     0|  4   3  93   0   0   0
   0     0|  4   3  93   0   0   0
   0     0|  4   2  93   1   0   0
   0     0|  4   3  93   0   0   0
   0     0|  4   3  93   0   0   0
   0     0|  4   1  95   0   0   0
   0     0|  4   2  95   0   0   0
   0     0|  5   2  93   0   0   0
   0     0|  3   2  95   0   0   0
   0     0|  4   3  93   1   0   0
   0     0|  4   2  94   0   0   0
   0     0|  4   2  94   0   0   0
   0     0|  4   2  94   0   0   0
   0     0|  3   2  95   0   0   0
   0     0|  4   2  94   0   0   0
   0     0|  4   2  93   1   0   0
   0     0|  3   3  94   0   0   0
   0     0|  4   2  94   0   0   0
   0     0|  4   2  94   0   0   0
   0     0|  4   2  94   0   0   0
   0     0|  4   3  94   0   0   0
   0     0|  4   2  93   1   0   0
   0     0|  4   3  94   0   0   0
   0     0|  4   3  94   0   0   0
   0     0|  4   2  94   0   0   0
   0     0|  4   1  95   0   0   0
   0     0| 12   2  85   0   0   1
   0     0| 31   2  66   1   0   0
   0     0| 30   3  67   0   0   0
   0     0| 31   2  67   0   0   0
3133000  573000000|  6   3  91   0   0   0
  48000 6004000|  5   3  92   0   0   0
2252B 1687B|  3   1  96   0   0   0
1768B  846B|  2   3  93   2   0   0
1156B 1792B|  3   2  95   0   0   0
1212B 2098B|  2   2  96   0   0   0
1740B  113000|  2   3  95   0   0   0
2444B  228000|  3   3  94   0   0   0
4099B  554000|  3   2  95   0   0   0
7043B 1044000|  3   2  93   1   0   0
  13000 2283000|  4   3  94   0   0   0
  19000 4031000|  3   2  95   0   0   0
  34000 7382000|  4   2  95   0   0   0
  60000   12000000|  3   2  95   0   0   0
  68000   11000000|  4   2  94   0   0   0
  59000   11000000|  4   3  93   1   0   0
  63000   13000000|  3   2  95   0   0   0
  61000   12000000|  3   2  95   0   0   0
  72000   14000000|  4   2  94   0   0   0
  68000   13000000|  3   3  95   0   0   0
  74000   15000000|  4   2  93   0   0   0
  72000   13000000|  3   3  93   1   0   0
  66000   11000000|  3   2  95   0   0   0
  57000   11000000|  4   2  94   0   0   0
  59000   11000000|  3   2  94   0   0   0
  60000   12000000|  4   3  94   0   0   0
  66000   12000000|  4   3  94   0   0   0
  65000   12000000|  4   3  93   1   0   0
  62000   12000000|  4   2  93   0   0   0
  64000   12000000|  4   2  94   0   0   0
  62000   11000000|  4   3  94   0   0   0
  65000   12000000|  4   2  95   0   0   0
  60000   12000000|  3   3  94   0   0   0
  72000   13000000|  3   2  93   1   0   0
  72000 9860000|  3   3  94   0   0   0
  56000 9940000|  3   2  94   0   0   0
  56000   10000000|  4   2  94   0   0   0
  54000   11000000|  3   2  95   0   0   0
  62000   11000000|  5   2  93   0   0   0
  59000   12000000|  3   2  94   1   0   0
  62000   12000000|  3   3  94   0   0   0
  61000   12000000|  3   2  95   0   0   0
  69000 9323000|  3   2  95   0   0   0
  50000 9139000|  3   2  94   0   0   0
  52000   10000000|  3   3  94   0   0   0
  54000 9740000|  5   2  92   1   0   0
  56000   10000000|  3   2  95   0   0   0
  49000   10000000|  3   2  95   0   0   0
  56000   10000000|  3   2  95   0   0   0
  52000 7553000|  4   2  94   0   0   0
  40000 8005000|  3   2  94   0   0   0
  42000 8539000|  3   3  94   1   0   0
  43000 8472000|  4   3  93   0   0   0
  49000 8939000|  5   1  94   0   0   0
  44000 8739000|  3   3  94   0   0   0
  47000 9072000|  3   2  95   0   0   0
  44000 8672000|  3   2  95   0   0   0
  47000 9206000|  3   3  93   1   0   0
  40000 8539000|  4   2  94   0   0   0
  45000 9139000| 24   2  73   0   0   0
  46000 8873000| 29   3  68   0   0   1
  49000 9406000| 30   1  68   0   0   1
  48000 9406000| 31   1  68   0   0   0
  50000 9873000| 25   3  71   1   0   0
  51000 8103000|  4   4  93   0   0   0
2183B 2453B|  3   2  95   0   0   0
1842B 1154B|  2   3  96   0   0   0
1458B 1562B|  3   2  96   0   0   0
1450B 2398B|  3   2  95   0   0   0
1234B   60000|  3   2  93   2   0   0
1924B  209000|  2   2  97   0   0   0
3410B  497000|  2   2  96   0   0   0
4240B  783000|  2   2  96   0   0   0
  11000 1940000|  2   3  95   0   0   0
  17000 3199000|  3   3  94   0   0   0
  34000 6947000|  3   3  93   1   0   0
  51000   11000000|  3   2  95   0   0   0
  84000   19000000|  3   2  94   0   0   0
 138000   32000000|  3   2  95   0   0   0
 248000   38000000|  4   3  94   0   0   0
  34000   25000|  3   2  95   0   0   0
1642B   36000|  3   2  94   1   0   0
1832B  129000|  3   2  95   0   0   0
2074B  240000|  2   2  97   0   0   0
3740B  522000|  2   2  96   0   0   0
6758B 1079000|  3   2  95   0   0   0
7472B 1601000|  2   3  95   0   0   0
  17000 3402000|  3   3  94   1   0   0
  27000 5270000|  3   3  94   0   0   0
  58000 6996000|  3   2  95   0   0   0
  32000 6099000|  3   3  94   0   0   0
  45000 7977000|  2   2  96   0   0   0
  45000 7471000|  3   2  95   0   0   0
  48000 8180000|  4   2  95   0   0   0
  31000 4432000|  2   2  95   1   0   0
  36000 6444000|  3   3  94   0   0   0
  37000 6404000|  2   2  96   0   0   0
  42000 7138000|  3   2  95   0   0   0
  38000 6871000|  4   2  94   0   0   0
  45000 6585000|  3   2  94   2   0   0
  27000 3976000|  2   3  95   0   0   0
  29000 5203000|  3   2  95   0   0   0
  31000 5737000|  4   3  94   0   0   0
  32000 5737000|  4   2  94   0   0   0
  36000 6105000|  4   2  95   0   0   0
  32000 5703000|  2   2  96   0   0   0
  32000 6137000|  2   3  95   1   0   0
  28000 5670000|  3   2  94   0   0   0
  33000 6071000|  3   2  95   0   0   0
  32000 5945000|  3   3  94   0   0   0
  36000 6463000|  4   2  95   0   0   0
  36000 6204000|  3   3  95   0   0   0
  33000 6410000|  4   2  95   0   0   0
  37000 6798000|  3   2  94   1   0   0
  38000 7004000|  2   3  95   0   0   0
  40000 7738000|  3   2  95   0   0   0
  43000 8005000|  4   2  94   0   0   0
  49000 9406000|  4   3  94   0   0   0
  40000 4791000|  3   3  95   0   0   0
  36000 6852000|  4   2  93   1   0   0
  43000 7405000|  3   2  96   0   0   0
  48000 8205000|  4   2  94   0   0   0
  45000 8205000|  3   2  95   0   0   0
  49000 9139000|  4   3  94   0   0   0
  46000 8739000|  3   2  96   0   0   0
  56000 9473000|  3   2  96   0   0   0
  54000 9006000|  3   2  94   1   0   0
  51000 9406000|  4   3  94   0   0   0
  51000 8709000|  4   2  94   0   0   0
  35000 4732000|  2   2  96   0   0   0
  38000 6738000|  3   3  95   0   0   0
  40000 7138000|  3   2  95   0   0   0
  42000 7338000|  2   3  95   0   0   0
  42000 7672000|  3   2  93   1   0   0
  44000 7805000|  3   2  94   0   0   0
  44000 7738000|  3   2  95   0   0   0
  46000 6351000|  4   2  94   0   0   0
  33000 5070000|  3   1  96   0   0   0
  34000 5804000|  4   2  94   0   0   0
  35000 6004000|  3   3  93   1   0   0
  36000 6337000|  3   2  95   0   0   0
  35000 6271000|  3   2  95   0   0   0
  33000 6471000|  3   3  94   0   0   0
  39000 6671000|  4   1  95   0   0   0
  44000 6604000|  2   2  96   0   0   0
  40000 6613000|  5   2  92   1   0   0
  39000 6595000| 29   3  68   0   0   0
  38000 6738000| 29   3  68   0   0   0
  37000 6604000| 31   2  67   0   0   0
  39000 7004000| 29   2  68   0   0   0
  38000 7138000| 28   2  69   0   0   0
  45000 5507000| 20   2  78   1   0   0
  30000 5338000|  3   3  94   0   0   0
  34000 6071000|  3   2  95   0   0   0
  37000 5890000|  3   2  96   0   0   0
5245B 2817B|  4   4  92   0   0   0
1794B  716B|  2   2  96   0   0   0
2190B 1626B|  3   2  93   2   0   0
1954B 2772B|  3   2  95   0   0   0
1184B   34000|  3   2  94   0   0   0
2364B  209000|  2   2  96   0   0   0
2616B  359000|  2   3  95   0   0   0
5346B  783000|  3   2  95   0   0   0
6344B 1265000|  2   3  94   1   0   0
  13000 2747000|  3   2  95   0   0   0
  27000 4078000|  3   3  94   0   0   0
  19000 3469000|  3   2  95   0   0   0
  21000 4136000|  3   2  95   0   0   0
  23000 4203000|  3   2  95   0   0   0
  24000 4603000|  2   2  95   1   0   0
  25000 4670000|  3   2  95   0   0   0
  28000 4736000|  4   2  94   0   0   0
  29000 4803000|  2   2  96   0   0   0
  29000 4754000|  3   2  95   0   0   0
  30000 4852000|  4   2  94   0   0   0
  28000 4803000|  3   2  94   1   0   0
  30000 4883000|  2   2  96   0   0   0
  27000 4990000|  2   3  94   0   0   0
  30000 5137000|  3   2  95   0   0   0
  31000 5470000|  2   3  95   0   0   0
  34000 5937000|  3   2  94   0   0   0
  36000 6404000|  3   2  94   1   0   0
  38000 7271000|  4   2  94   0   0   0
  45000 8072000|  3   3  94   0   0   0
  50000 9206000|  2   2  96   0   0   0
  54000   10000000|  2   3  95   0   0   0
  61000   12000000|  3   3  95   0   0   0
  72000   14000000|  3   3  93   1   0   0
  84000   16000000|  3   3  94   0   0   0
  94000   18000000|  4   3  93   0   0   0
 106000   21000000|  4   2  94   0   0   0
 114000   23000000|  3   3  95   0   0   0
 140000   27000000|  4   3  93   0   0   0
 152000   30000000|  4   3  91   2   0   0
 168000   26000000|  4   2  94   0   0   0
 124000   25000000|  4   2  94   0   0   0
 148000   23000000|  4   3  93   0   0   0
  99000   20000000|  3   2  95   0   0   0
  99000   21000000|  3   2  96   0   0   0
 103000   21000000|  4   3  92   1   0   0
 116000   21000000|  4   3  94   0   0   0
 101000   16000000|  4   2  94   0   0   0
  85000   16000000|  4   3  93   0   0   0
  93000   18000000|  3   3  94   0   0   0
  92000   17000000|  4   3  94   0   0   0
  87000   13000000| 26   2  70   1   0   1
  71000   13000000| 30   1  68   0   0   0
  75000   14000000| 26   2  71   0   0   0
  76000   14000000|  2   2  96   0   0   0
  28000 2549000|  5   2  93   0   0   0
3094B 1570B|  3   2  96   0   0   0
1512B 1492B|  3   2  95   0   0   0
1326B 1092B|  3   2  93   3   0   0
 986B   17000|  2   3  96   0   0   0
1376B  130000|  2   2  96   0   0   0
2436B  326000|  2   2  96   0   0   0
4446B  554000|  2   3  95   0   0   0
8306B 1337000|  2   3  95   0   0   0
  12000 1447000|  2   3  94   2   0   0
  12000 1794000|  3   2  95   0   0   0
  11000 1804000|  3   2  96   0   0   0
  12000 1868000|  3   2  95   0   0   0
  11000 1868000|  2   2  96   0   0   0
  12000 1868000|  2   2  96   0   0   0
  12000 1868000|  3   3  94   0   0   0
  11000 1801000|  2   3  94   1   0   0
  11000 1935000|  3   3  95   0   0   0
  11000 1935000|  2   2  96   0   0   0
  14000 2335000|  2   3  96   0   0   0
  13000 2268000|  2   2  96   0   0   0
  16000 2868000|  2   2  96   0   0   0
  18000 3069000|  3   2  93   1   0   0
  21000 3669000|  3   2  95   0   0   0
  25000 4536000|  3   2  95   0   0   0
  32000 5337000|  2   2  95   0   0   0
  35000 6671000|  3   3  94   0   0   0
  40000 7738000|  3   3  94   0   0   0
  49000 6809000|  3   2  94   1   0   0
  34000 6604000|  2   3  95   0   0   0
  41000 7805000|  3   2  95   0   0   0
  41000 7605000|  2   3  95   0   0   0
  45000 8472000|  2   2  96   0   0   0
  45000 8138000|  3   2  94   0   0   0
  45000 8739000|  3   3  94   0   0   0
  42000 8339000|  3   2  94   1   0   0
  42000 8672000|  3   3  94   0   0   0
  43000 8539000|  3   2  95   0   0   0
  43000 8472000|  2   3  95   0   0   0
  43000 8672000|  2   2  96   0   0   0
  42000 8472000|  2   3  95   0   0   0
  48000 9139000|  3   3  93   1   0   0
  42000 8625000|  3   2  95   0   0   0
  55000 7397000|  3   3  94   0   0   0
  38000 7138000|  3   3  95   0   0   0
  43000 8113000|  3   2  96   0   0   0
  44000 8164000|  3   3  94   0   0   0
  46000 8806000|  3   3  93   1   0   0
  48000 8872000|  3   2  95   0   0   0
  46000 9072000|  3   2  95   0   0   0
  53000 9273000|  2   2  96   0   0   0
  50000 9206000|  4   3  94   0   0   0
  51000 9339000|  3   2  94   0   0   0
  51000 9072000|  3   2  95   1   0   0
  53000 9406000|  4   2  94   0   0   0
  52000 9092000|  3   2  95   0   0   0
  50000 9453000|  3   2  95   0   0   0
  52000 9473000|  3   3  95   0   0   0
  57000 9940000|  3   4  94   0   0   0
  55000 7882000|  2   3  94   1   0   0
  43000 7938000|  3   3  94   0   0   0
  47000 8605000|  2   2  96   0   0   0
  48000 9139000|  3   3  95   0   0   0
  51000 9339000|  3   2  95   0   0   0
  52000 9806000|  3   2  96   0   0   0
  59000 8110000|  3   2  94   1   0   0
  39000 7405000|  3   2  95   0   0   0
  66000 6413000|  4   2  48  45   0   0
 245000 5932000|  4   4   0  92   0   0
 694000 5981000|  6   6   0  88   0   1
1475000 6369000| 10   6   8  76   0   0
 594000 6145000|  3   3  75  20   0   0
 396000 6610000|  3   2  68  26   0   0
 130000 6708000|  2   3  11  84   0   0
  43000 7251000|  4   3   0  94   0   0
  46000 7097000|  3   3   0  94   0   0
  46000 7428000|  4   3   8  86   0   0
  50000 6102000|  3   1  93   2   0   0
  39000 4919000|  3   2  94   1   0   0
  33000 5442000|  3   2  95   0   0   0
  33000 5870000|  3   3  94   0   0   0
  34000 6137000|  3   1  96   0   0   0
  35000 6337000|  2   2  96   0   0   0
  43000 6604000|  2   2  96   0   0   0
  39000 6604000|  2   2  95   1   0   0
  40000 6804000|  3   2  94   0   0   0
  38000 6471000|  3   3  94   0   0   0
  40000 6871000|  3   2  95   0   0   0
  38000 6404000| 14   3  84   0   0   0
  39000 6871000| 30   2  68   0   0   0
  34000 6537000| 29   2  68   1   0   0
  40000 7205000| 30   1  69   0   0   0
  38000 7138000| 29   2  69   0   0   1
  43000 5912000| 29   2  69   0   0   0
  33000 6004000| 17   2  80   0   0   0
  40000 6091000|  3   2  95   0   0   0
6813B 2711B|  3   3  92   2   0   0
2140B  716B|  1   2  97   0   0   0
1916B 1704B|  2   2  96   0   0   0
2691B 4737B|  2   2  96   0   0   0
1948B   35000|  2   2  96   0   0   0
2750B  197000|  2   3  94   1   0   0
4282B  373000|  3   2  95   1   0   0
6869B  848000|  3   2  95   0   0   0
9168B 1502000|  3   2  95   0   0   0
  20000 3392000|  3   2  94   0   0   0
  33000 5003000|  3   2  84  12   0   0
  43000 5249000|  3   2  38  57   0   0
  46000 4530000|  3   2   1  95   0   0
  41000 4612000|  4   2   0  94   0   0
  30000 4101000|  3   2   0  95   0   0
  37000 4948000|  4   2   0  94   0   0
  31000 4537000|  3   3   9  85   0   0
  28000 4458000|  3   3  52  42   0   0
  29000 4151000|  3   2  94   1   0   0
  20000 3328000|  3   3  94   0   0   0
  25000 4138000|  3   2  95   0   0   0
  24000 3870000|  3   2  96   0   0   0
  28000 4537000|  2   3  95   0   0   0
  24000 4270000|  2   3  95   0   0   0
  25000 4671000|  3   3  94   1   0   0
  25000 4270000|  3   2  94   0   0   0
  27000 4603000|  3   3  94   0   0   0
  24000 4338000|  3   2  94   0   0   0
  25000 4470000|  3   2  95   0   0   0
  27000 4604000|  3   2  95   0   0   0
  29000 4738000|  2   2  95   1   0   0
  28000 5070000|  3   3  95   0   0   0
  33000 4160000|  3   3  94   0   0   0
  25000 4403000|  3   3  95   0   0   0
  27000 4270000|  3   3  94   0   0   0
  29000 5071000|  3   2  95   0   0   0
  28000 4804000|  3   3  95   0   0   0
  32000 5369000|  3   2  94   1   0   0
  29000 4973000|  3   2  95   0   0   0
  33000 5405000|  3   2  96   0   0   0
  32000 5004000|  3   2  95   0   0   0
  29000 5271000|  3   2  95   0   0   0
  31000 4475000|  2   2  96   0   0   0
  24000 4105000|  2   3  94   1   0   0
  27000 4671000|  3   2  96   0   0   0
  28000 4670000|  3   3  94   0   0   0
  30000 5204000|  3   2  96   0   0   0
  29000 4938000|  2   2  96   0   0   0
  32000 5405000|  3   2  95   0   0   0
  26000 5004000|  3   2  94   1   0   0
  29000 5271000|  3   3  94   0   0   0
  28000 5138000|  3   2  95   0   0   0
  29000 5204000|  3   2  95   0   0   0
  26000 5205000|  2   2  96   0   0   0
  32000 5535000|  3   2  95   0   0   0
  32000 5674000|  3   3  93   1   0   0
  34000 5872000|  2   2  96   0   0   0
  39000 6605000|  3   3  95   0   0   0
  36000 6605000|  3   2  94   0   0   0
  43000 8006000|  2   3  95   0   0   0
  44000 8140000|  3   2  95   0   0   0
  52000 9941000|  4   2  94   1   0   0
  56000   10000000|  3   2  95   0   0   0
  66000   12000000|  3   2  95   0   0   0
  73000   14000000|  4   2  94   0   0   0
  81000   16000000|  4   3  93   0   0   0
  90000   18000000|  3   2  95   0   0   0
 107000   21000000|  3   3  92   1   0   1
 118000   24000000|  3   3  94   0   0   0
 128000   27000000|  4   2  94   0   0   0
 152000   31000000|  3   2  95   0   0   0
 163000   35000000|  5   2  93   0   0   0
 176000   38000000|  5   2  94   0   0   0
 292000   23000000| 24   3  72   1   0   1
6016B  103000| 29   2  69   0   0   0
7743B  605000| 29   2  69   0   0   0
7088B 1135000| 29   2  69   0   0   0
9808B 1796000| 29   1  70   0   0   0
  17000 1850000| 29   2  70   0   0   0
  13000 2106000| 29   2  68   1   0   0
  12000 2032000| 29   1  70   0   0   0
  17000 2736000| 11   3  86   0   0   0
  16000 2337000|  2   1  97   0   0   0
  17000 2802000|  2   2  96   0   0   0
  13000 2336000|  2   2  96   0   0   0
  16000 2803000|  1   2  94   2   0   0
  17000 2335000|  2   2  96   0   0   0
  16000 2870000|  2   2  96   0   0   0
  17000 2736000|  2   2  96   0   0   0
6882B  162000|  3   3  94   0   0   0
3387B 2826B|  2   2  96   0   0   0
2700B 3022B|  2   2  94   2   0   0
2024B 3772B|  2   2  96   0   0   0
1902B   35000|  3   2  96   0   0   0
2312B  146000|  3   2  95   0   0   0
2741B  359000|  2   2  97   0   0   0
5473B  621000|  2   3  95   0   0   0
9514B 1404000|  2   3  95   1   0   0
  16000 2707000|  3   2  95   0   0   0
  27000 5435000|  2   2  95   0   0   0
  43000 8940000|  3   2  95   0   0   0
  75000   16000000|  3   3  94   0   0   0
 123000   27000000|  3   3  94   0   0   0
 209000   39000000|  3   2  94   1   0   0
  43000 1719000|  2   2  96   0   0   0
2288B   35000|  2   2  95   0   0   0
1530B   26000|  2   3  95   0   0   0
1763B   89000|  2   2  96   0   0   0
2789B  169000|  2   2  96   0   0   0
4397B  369000|  3   1  95   1   0   0
5443B  700000|  3   2  95   0   0   0
5789B 1003000|  3   2  95   0   0   0
  12000 2202000|  3   3  94   0   0   0
  19000 3126000|  2   2  96   0   0   0
  17000 2351000|  2   2  96   0   0   0
  18000 3003000|  2   3  94   1   0   0
  20000 3670000|  2   3  96   0   0   0
  20000 3544000|  2   2  96   0   0   0
  18000 2114000|  2   3  95   0   0   0
  15000 2743000|  2   2  96   0   0   0
  20000 3110000|  3   2  95   0   0   0
  17000 3136000|  3   2  94   1   0   0
  22000 3337000|  2   2  96   0   0   0
  21000 3403000|  3   3  95   0   0   0
  20000 3269000|  3   2  95   0   0   0
  21000 3404000|  2   2  96   0   0   0
  21000 3269000|  2   2  96   0   0   0
  23000 3470000|  3   2  95   1   0   0
  21000 3337000|  2   2  96   0   0   0
  25000 3803000|  3   3  94   0   0   0
  24000 3871000|  2   3  95   0   0   0
  29000 4270000|  3   2  95   0   0   0
  29000 4493000|  2   2  96   0   0   0
  22000 2672000|  2   2  93   3   0   0
  23000 3937000|  2   2  96   0   0   0
  25000 4537000|  2   1  97   0   0   0
  28000 4636000|  3   3  95   0   0   0
  31000 4972000|  2   1  97   0   0   0
  27000 4767000|  2   2  95   0   0   0
  30000 4908000|  2   2  95   1   0   0
  25000 4804000|  3   2  96   0   0   0
  25000 2771000|  3   2  95   0   0   0
  21000 3471000|  2   2  96   0   0   0
  25000 4203000|  2   2  96   0   0   0
  25000 4337000|  3   2  95   0   0   0
  27000 4737000|  2   2  95   1   0   0
  28000 4824000|  3   2  95   0   0   0
  29000 4851000|  2   2  96   0   0   0
  25000 2755000|  2   3  95   0   0   0
  21000 3460000|  2   3  95   0   0   0
  23000 3736000|  3   3  94   0   0   0
  21000 3670000|  3   2  94   1   0   0
  23000 4070000|  2   3  95   0   0   0
  24000 4070000|  3   2  95   0   0   0
  25000 4004000|  3   2  96   0   0   0
  26000 4070000|  3   2  96   0   0   0
  26000 4070000|  2   3  95   0   0   0
  26000 4071000|  3   2  94   1   0   0
  25000 4137000|  3   3  95   0   0   0
  25000 4204000|  2   2  96   0   0   0
  28000 4604000|  2   2  96   0   0   0
  25000 2651000|  2   2  97   0   0   0
  21000 3870000|  3   2  95   0   0   0
  24000 2677000|  2   3  95   1   0   0
  17000 2901000|  2   2  96   0   0   0
  19000 3020000|  3   1  96   0   0   0
  22000 3453000|  2   2  96   0   0   0
  20000 3336000|  2   3  95   0   0   0
  20000 3470000|  2   2  96   0   0   0
  20000 3270000|  3   3  94   1   0   0
  19000 3403000|  2   2  96   0   0   0
  18000 3336000|  2   2  95   0   0   0
  19000 3470000|  3   2  95   0   0   0
  22000 3634000|  2   2  96   0   0   0
  23000 3773000|  2   2  96   0   0   0
  24000 3937000|  2   2  95   1   0   0
  25000 4270000|  3   2  94   0   0   0
  27000 4737000|  2   3  95   0   0   0
  30000 5405000|  4   3  94   0   0   0
  35000 6004000|  2   2  96   0   0   0
  40000 6418000|  3   2  95   0   0   0
  28000 4082000|  2   2  94   1   0   0
  32000 5338000|  2   2  96   0   0   0
  37000 6138000|  2   2  96   0   0   0
  38000 6538000|  3   2  95   0   0   0
  37000 6606000|  3   2  95   0   0   0
  43000 7138000|  3   2  95   0   0   0
  38000 7006000|  3   3  94   1   0   0
  39000 7206000|  3   2  95   0   0   0
  41000 7213000|  2   2  96   0   0   0
  44000 7598000|  3   2  95   0   0   0
  42000 7205000|  4   2  94   0   0   0
  46000 7539000|  3   2  95   0   0   0
  42000 7339000|  3   3  93   1   0   0
  42000 7473000|  3   2  95   0   0   0
  42000 6641000|  2   3  95   0   0   0
  32000 4578000|  4   2  94   0   0   0
  32000 5605000|  3   2  95   0   0   0
  37000 6605000|  2   3  95   0   0   0
  37000 6939000|  3   2  95   0   0   0
  38000 7006000|  3   3  94   1   0   0
  42000 7606000|  2   3  95   0   0   0
  39000 7206000|  3   3  94   0   0   0
  46000 8006000| 14   2  84   0   0   0
  42000 7473000| 29   2  69   0   0   0
  48000 8006000| 29   1  69   1   0   1
  45000 7473000| 28   2  70   0   0   0
  45000 7960000| 29   1  70   0   0   0
  45000 7519000|  9   3  88   0   0   0
  46000 8007000|  2   2  96   0   0   0
  37000 5014000|  3   2  95   0   0   0
3309B 3652B|  1   2  94   3   0   0
2354B 2182B|  1   1  97   0   0   0
2354B 3092B|  1   2  97   0   0   0
2011B 3264B|  2   3  96   0   0   0
1869B   81000|  2   3  95   0   0   0
2679B  181000|  2   3  95   0   0   0
3247B  376000|  3   2  95   1   0   0
4388B  588000|  3   2  95   0   0   0
8082B 1338000|  2   2  96   0   0   0
  12000 2120000|  2   1  97   0   0   0
  23000 4621000|  2   2  96   0   0   0
  36000 7072000|  2   2  95   0   0   0
  66000   14000000|  3   2  94   2   0   0
  99000   22000000|  2   3  95   0   0   0
 233000   33000000|  3   3  94   0   0   0
 153000   29000000|  3   3  94   0   0   0
 167000   33000000|  4   2  94   0   0   0
 176000   32000000|  2   1  97   0   0   0
 153000   25000000|  3   2  94   1   0   0
 137000   26000000|  2   2  95   0   0   0
 126000   26000000|  4   2  94   0   0   0
 142000   22000000|  4   3  93   0   0   0
  95000   19000000|  3   3  94   0   0   0
 109000   22000000|  3   3  95   0   0   0
 104000   20000000|  3   2  94   1   0   0
 116000   23000000|  2   3  95   0   0   0
 105000   21000000|  3   3  94   0   0   0
 118000   24000000|  3   2  95   0   0   0
 111000   22000000|  2   3  95   0   0   0
 118000   24000000|  3   3  95   0   0   0
 104000   22000000|  3   3  93   1   0   0
 111000   24000000|  3   2  95   0   0   0
 109000   23000000| 26   3  72   0   0   0
 113000   23000000| 20   2  78   0   0   0
  97000   15000000|  4   3  92   0   0   0
3286B 3190B|  2   1  97   0   0   0
2316B 2165B|  2   2  94   2   0   0
2179B 3031B|  1   3  96   0   0   0
1870B 3447B|  2   2  96   0   0   0
1756B   81000|  1   2  97   0   0   0
2615B  179000|  2   3  95   0   0   0
3895B  411000|  2   2  96   0   0   0
5270B  751000|  2   2  95   1   0   0
9988B 1665000|  2   2  96   0   0   0
  15000 2696000|  2   2  96   0   0   0
  29000 5458000|  3   2  96   0   0   0
  45000 9566000|  3   3  95   0   0   0
  75000   17000000|  2   4  94   0   0   0
 121000   27000000|  3   3  93   1   0   0
 227000   40000000|  3   3  94   0   0   0
 106000 6052000|  2   3  95   0   0   0
2381B   72000|  2   2  97   0   0   0
2937B  221000|  2   2  96   0   0   0
3671B  353000|  2   2  97   0   0   0
6067B  829000|  2   1  96   0   0   0
7910B 1269000|  2   2  96   1   0   0
  16000 3003000|  2   2  96   0   0   0
  23000 4671000|  2   2  96   0   0   0
  56000   10000000|  3   3  94   0   0   0
  82000   16000000|  3   3  94   0   0   0
 185000   18000000|  2   2  95   0   0   1
  85000   16000000|  3   2  94   1   0   0
 103000   21000000|  3   3  95   0   0   0
  98000   20000000|  2   2  95   0   0   0
 134000   19000000|  4   2  94   0   0   0
  64000   13000000|  3   3  95   0   0   0
  85000   17000000|  2   2  96   0   0   0
  84000   16000000|  2   4  95   0   0   0
  82000   11000000|  3   2  95   1   0   0
  59000   11000000|  2   3  95   0   0   0
  66000   13000000|  2   3  95   0   0   0
  75000   14000000|  2   3  94   0   0   0
  75000   14000000|  2   3  95   0   0   0
  77000   15000000|  2   2  96   0   0   0
  72000   14000000|  2   2  95   1   0   0
  79000   15000000|  2   3  96   0   0   0
  71000   14000000|  2   3  95   0   0   0
  80000   16000000|  2   2  96   0   0   0
  74000   14000000|  2   3  95   0   0   0
  80000   16000000|  3   3  94   0   0   0
  74000   14000000|  2   2  95   1   0   0
  81000   15000000|  2   3  95   0   0   0
  70000   14000000|  2   2  96   0   0   0
  75000   15000000|  8   3  89   0   0   0
  84000   12000000| 28   3  69   0   0   1
  49000 8586000| 27   2  71   0   0   1
  61000 8613000| 28   2  69   1   0   0
  36000 7036000| 28   2  70   0   0   0
  51000 8873000|  3   2  95   0   0   0
  45000 8266000|  2   1  97   0   0   0
9739B 2817B|  4   2  94   0   0   0
3244B  716B|  2   2  96   0   0   0
1486B 1626B|  2   3  93   3   0   0
1656B 2772B|  2   3  96   0   0   0
1235B   33000|  2   2  96   0   0   0
1806B  197000|  2   1  97   0   0   0
2250B  307000|  1   2  97   0   0   0
4218B  685000|  2   2  96   0   0   0
6404B 1174000|  2   2  95   1   0   0
  14000 2511000|  2   2  97   0   0   0
  23000 4391000|  2   2  96   0   0   0
  38000 8739000|  2   2  95   0   0   0
  67000   13000000|  2   2  96   0   0   0
 131000   28000000|  4   3  94   0   0   0
 182000   25000000|  3   2  95   0   0   0
 145000   30000000|  3   2  94   1   0   0
 137000   27000000|  2   3  95   0   0   0
 166000   33000000|  3   2  95   0   0   0
 147000   30000000|  3   3  95   0   0   0
 183000   24000000|  3   2  95   0   0   0
  94000   16000000|  2   2  96   0   0   0
  89000   18000000|  2   2  96   1   0   0
  90000   18000000|  2   3  95   0   0   0
  93000   19000000|  2   2  96   0   0   0
 103000   14000000|  3   2  96   0   0   0
  72000   14000000|  2   3  95   0   0   0
  74000   15000000|  2   2  96   0   0   0
  73000   15000000|  2   2  95   2   0   0
  86000   17000000|  3   2  96   0   0   0
  80000   15000000|  3   2  95   0   0   0
  84000   17000000|  3   3  95   0   0   0
  78000   15000000|  3   2  96   0   0   0
  86000   13000000|  2   2  96   0   0   0
  58000   12000000|  2   2  95   1   0   0
  75000   11000000|  2   2  96   0   0   0
  50000 9406000|  2   3  96   0   0   0
  53000   10000000|  3   2  95   0   0   0
  53000   10000000|  1   3  96   0   0   0
  56000   10000000|  2   2  96   0   0   0
  55000   11000000| 20   2  76   1   0   0
  56000   11000000| 28   2  70   0   0   0
  60000   11000000| 27   2  71   0   0   1
  54000   10000000| 28   2  70   0   0   0
  60000   11000000|  2   3  95   0   0   0
  55000 8973000|  2   2  97   0   0   0
4971B 2817B|  3   3  93   2   0   0
2326B  716B|  2   2  97   0   0   0
1580B 1626B|  1   2  97   0   0   0
1595B 2772B|  1   2  97   0   0   0
1589B   33000|  1   2  97   0   0   0
2116B  196000|  1   3  96   0   0   0
3142B  308000|  2   2  95   1   0   0
5459B  783000|  2   1  97   0   0   0
7528B 1370000|  2   2  96   0   0   0
  16000 3000000|  3   2  95   0   0   0
  27000 4512000|  2   2  96   0   0   0
  24000 4103000|  2   2  94   1   0   0
  27000 4736000|  2   2  96   0   0   0
  26000 4803000|  1   2  97   0   0   0
  28000 5137000|  2   2  96   0   0   0
  28000 5203000|  2   1  97   0   0   0
  29000 5270000|  1   2  97   0   0   0
  28000 5337000|  2   1  95   2   0   0
  29000 5470000|  2   2  96   0   0   0
  28000 5470000|  2   1  96   0   0   0
  31000 5607000|  2   2  96   0   0   0
  29000 5420000|  1   3  97   0   0   0
  31000 5784000|  1   2  97   0   0   0
  29000 5670000|  2   1  95   1   0   0
  33000 6004000|  2   2  97   0   0   0
  35000 6404000|  2   3  95   0   0   0
  37000 6871000|  2   2  96   0   0   0
  41000 7605000|  1   3  96   0   0   0
  45000 8472000|  2   2  96   0   0   0
  49000 9406000|  1   3  96   0   0   0
  59000   11000000|  2   3  95   0   0   0
  61000   12000000|  2   3  95   0   0   0
  78000   14000000|  2   2  96   0   0   0
  73000   15000000|  2   2  96   0   0   0
  86000   18000000|  2   2  96   0   0   0
  94000   20000000|  2   2  94   1   0   0
 110000   23000000|  3   2  94   0   0   0
 107000   18000000|  3   3  95   0   0   0
  91000   19000000|  3   2  96   0   0   0
  98000   20000000|  2   2  96   0   0   0
 116000   18000000|  2   3  95   0   0   0
  79000   16000000|  2   3  95   0   0   0
  77000   16000000|  2   2  95   1   0   0
  83000   17000000|  2   2  95   0   0   0
  79000   17000000|  3   2  95   0   0   0
  83000   18000000|  2   2  95   0   0   0
  81000   17000000|  2   2  96   0   0   0
  87000   18000000|  2   2  96   0   0   0
  89000   14000000|  2   2  95   1   0   0
  67000   13000000|  2   2  97   0   0   0
  69000   14000000|  2   3  96   0   0   0
  74000   14000000|  3   2  95   0   0   0
  78000   14000000|  2   2  96   0   0   0
  70000   11000000| 12   2  86   0   0   0
  62000   11000000| 28   2  69   1   0   0
  61000   12000000| 27   2  71   0   0   0
  61000   12000000| 28   1  71   0   0   0
  59000   12000000|  8   3  90   0   0   0
  45000 6101000|  2   3  95   0   0   0
2037B 1687B|  1   1  98   0   0   0
1896B  846B|  1   2  97   0   0   0
1284B 1792B|  2   2  94   2   0   0
 994B 2098B|  2   1  97   0   0   0
1650B  113000|  2   2  97   0   0   0
2024B  228000|  1   3  96   0   0   0
3344B  489000|  2   2  96   0   0   0
6208B  946000|  2   2  96   0   0   0
  12000 1989000|  2   2  94   2   0   0
  20000 3731000|  2   2  96   0   0   0
  31000 6901000|  2   2  96   0   0   0
  50000   11000000|  2   2  96   0   0   0
  89000   20000000|  2   2  96   0   0   0
 164000   25000000|  2   3  96   0   0   0
 118000   24000000|  3   2  94   1   0   0
 130000   25000000|  3   2  95   0   0   0
 118000   19000000|  2   2  96   0   0   0
  96000   19000000|  3   1  96   0   0   0
 102000   15000000|  3   2  96   0   0   0
  72000   15000000|  3   2  96   0   0   0
  80000   16000000|  2   2  95   1   0   0
  81000   16000000|  3   2  95   0   0   0
  83000   17000000|  2   2  96   0   0   0
  84000   17000000|  3   2  95   0   0   0
  88000   17000000|  2   2  96   0   0   0
  88000   17000000|  2   1  97   0   0   0
  84000   17000000|  2   2  96   0   0   0
  87000   17000000|  2   3  94   1   0   0
  88000   13000000|  2   2  95   0   0   0
  69000   14000000|  2   2  96   0   0   0
  74000   14000000|  3   2  95   0   0   0
  76000   15000000|  2   3  95   0   0   0
  81000   15000000|  2   2  95   0   0   0
  92000   15000000|  2   2  95   1   0   0
  68000   12000000|  1   2  97   0   0   0
  61000   13000000|  2   2  96   0   0   0
  65000   13000000|  2   3  95   0   0   0
  75000   11000000|  2   2  96   0   0   0
  55000 9990000|  3   2  96   0   0   0
  53000   10000000|  2   2  95   1   0   0
  58000   11000000|  2   1  96   0   0   0
  57000   11000000|  2   2  96   0   0   0
  58000   11000000|  7   1  92   0   0   0
  58000   11000000| 28   2  69   0   0   0
  58000   11000000| 27   2  71   0   0   0
  56000   11000000| 28   1  69   1   0   0
  60000   11000000|  6   2  92   0   0   0
  56000 8730000|  3   2  95   0   0   0
2377B 2637B|  1   1  97   0   0   0
1782B 1060B|  1   2  97   0   0   0
1102B 1562B|  1   1  97   0   0   0
1326B 2398B|  1   2  94   3   0   0
1750B   57000|  2   3  95   0   0   0
2116B  154000|  1   2  97   0   0   0
2478B  359000|  1   3  96   0   0   0
5022B  750000|  2   2  97   0   0   0
6842B 1305000|  2   2  96   0   0   0
  16000 2903000|  1   3  95   1   0   0
  24000 4772000|  2   2  96   0   0   0
  47000 9849000|  1   2  97   0   0   0
  68000   11000000|  2   2  96   0   0   0
  71000   11000000|  2   2  96   0   0   0
  48000 7743000|  1   2  97   0   0   0
  55000 8576000|  2   2  94   2   0   0
  34000 6071000|  1   2  96   0   0   0
  38000 7471000|  2   2  96   0   0   0
  35000 6738000|  2   2  96   0   0   0
  41000 7738000|  3   2  96   0   0   0
  41000 7271000|  2   2  96   0   0   0
  45000 7538000|  2   2  95   1   0   0
  42000 7605000|  1   3  96   0   0   0
  37000 7071000|  2   3  95   0   0   0
  37000 7738000|  2   3  96   0   0   0
  41000 7405000|  2   1  97   0   0   0
  44000 8005000|  2   3  96   0   0   0
  40000 7471000|  2   2  95   1   0   0
  42000 8339000|  1   2  97   0   0   0
  46000 8138000|  2   2  96   0   0   0
  48000 9072000|  1   3  96   0   0   0
  44000 9139000|  2   2  96   0   0   0
  51000   10000000|  2   3  95   0   0   0
  53000   11000000|  2   2  95   1   0   0
  61000   12000000|  2   2  96   0   0   0
  65000   14000000|  2   2  96   0   0   0
  72000   15000000|  2   2  96   0   0   0
  82000   17000000|  3   3  95   0   0   0
  87000   18000000|  2   2  96   0   0   0
 102000   22000000|  2   3  94   1   0   0
 111000   23000000|  2   3  95   0   0   0
 152000   23000000|  2   2  96   0   0   0
  94000   20000000|  2   2  97   0   0   0
 106000   22000000|  3   2  96   0   0   0
 115000   22000000|  2   2  96   0   0   0
 121000   24000000|  3   3  93   1   0   0
 135000   20000000|  2   3  95   0   0   0
 104000   15000000|  2   3  96   0   0   0
  66000   13000000|  2   2  96   0   0   0
  68000   14000000|  3   2  95   0   0   0
  71000   15000000|  9   2  89   0   0   0
  72000   14000000| 28   1  69   1   0   0
  76000   15000000| 28   2  70   0   0   1
  73000   15000000| 12   2  85   0   0   0
  54000 7896000|  3   2  95   0   0   0
2622B 1687B|  1   2  97   0   0   0
1572B  846B|  2   2  97   0   0   0
1352B 1792B|  2   2  94   3   0   0
1144B 2098B|  2   2  97   0   0   0
1636B   97000|  2   1  97   0   0   0
1802B  212000|  2   2  96   0   0   0
2844B  457000|  2   2  97   0   0   0
3799B  685000|  1   2  97   0   0   0
9175B 1663000|  1   2  96   1   0   0
  12000 2532000|  2   2  96   0   0   0
  28000 5587000|  2   1  97   0   0   0
  41000 8539000|  2   2  96   0   0   0
  75000   13000000|  2   1  97   0   0   0
  54000   11000000|  2   2  96   0   0   0
  74000   10000000|  1   2  95   1   0   0
  43000 8672000|  2   2  96   0   0   0
  53000   10000000|  2   2  97   0   0   0
  56000 9542000|  2   3  95   0   0   0
  54000   10000000|  2   2  96   0   0   0
  53000   10000000|  2   2  97   0   0   0
  53000   10000000|  1   2  96   1   0   0
  57000   11000000|  2   2  96   0   0   0
  50000   10000000|  2   2  96   0   0   0
  58000   11000000|  2   2  96   0   0   0
  50000   10000000|  2   2  96   0   0   0
  56000   11000000|  2   3  96   0   0   0
  51000   10000000|  2   2  97   0   0   0
  55000   11000000|  2   2  95   1   0   0
  55000   10000000|  2   3  96   0   0   0
  62000   12000000|  2   2  96   0   0   0
  58000   11000000|  2   2  96   0   0   0
  66000   13000000|  2   2  96   0   0   0
  66000   13000000|  2   2  95   0   0   0
  73000   15000000|  1   3  95   1   0   0
  80000   15000000|  2   2  96   0   0   0
  86000   17000000|  2   1  97   0   0   0
  96000   19000000|  2   2  96   0   0   0
  98000   20000000|  2   2  97   0   0   0
 122000   24000000|  3   3  94   0   0   0
 139000   24000000|  2   3  95   1   0   0
 141000   21000000|  2   2  97   0   0   0
  98000   20000000|  2   2  96   0   0   0
 125000   17000000|  2   2  97   0   0   0
  77000   15000000|  3   2  95   0   0   0
  93000   18000000|  1   2  97   0   0   0
  84000   16000000|  1   2  95   2   0   0
  97000   18000000| 11   2  87   0   0   0
  87000   17000000| 27   2  71   0   0   1
  93000   19000000| 27   2  72   0   0   0
  90000   18000000|  7   2  91   0   0   0
  29000 2127000|  2   3  95   0   0   0
2466B 1570B|  1   1  96   3   0   0
1794B 1492B|  2   2  97   0   0   0
1236B 1092B|  1   1  98   0   0   0
1306B   17000|  2   1  97   0   0   0
2527B  163000|  1   2  97   0   0   0
2898B  350000|  1   1  98   0   0   0
3540B  563000|  1   2  97   0   0   0
8005B 1305000|  2   2  95   1   0   0
  16000 2805000|  1   1  98   0   0   0
  21000 4369000|  2   2  96   0   0   0
  42000 8868000|  1   2  97   0   0   0
  74000   12000000|  2   2  96   0   0   0
  77000   13000000|  2   3  94   1   0   0
  71000   11000000|  1   3  96   0   0   0
  58000   10000000|  1   2  97   0   0   0
  48000 9643000|  2   2  96   0   0   0
  54000   11000000|  1   2  97   0   0   0
  49000   10000000|  2   2  96   0   0   0
  60000   12000000|  2   2  95   1   0   0
  53000   10000000|  2   2  96   0   0   0
  62000   12000000|  2   2  96   0   0   0
  55000   11000000|  2   2  96   0   0   0
  61000   12000000|  2   2  96   0   0   0
  57000   11000000|  1   3  96   0   0   0
  56000   11000000|  2   2  95   1   0   0
  56000   11000000|  2   2  97   0   0   0
  56000   11000000|  2   3  95   0   0   0
  59000   12000000|  2   2  97   0   0   0
  63000   10000000|  2   3  96   0   0   0
  56000 9688000|  2   3  95   0   0   0
  45000 9406000|  2   2  95   1   0   0
  57000   11000000|  2   2  97   0   0   0
  58000 7838000|  2   2  97   0   0   0
  43000 8672000|  2   2  96   0   0   0
  41000 8272000|  2   2  96   0   0   0
  51000 6917000|  1   2  97   0   0   0
  36000 6404000|  1   2  96   2   0   0
  41000 6889000|  2   2  96   0   0   0
  30000 5214000|  1   2  97   0   0   0
  33000 5537000|  2   2  96   0   0   0
  31000 5870000|  1   2  96   0   0   0
  35000 5804000|  1   1  97   0   0   0
  33000 6137000|  2   2  94   1   0   0
  30000 5737000|  1   1  98   0   0   0
  32000 6071000|  2   1  97   0   0   0
  33000 4634000|  2   2  96   0   0   0
  29000 4942000|  2   2  97   0   0   0
  28000 5070000|  1   3  96   0   0   0
  32000 5737000|  2   2  96   0   0   0
  33000 5693000|  2   2  95   1   0   0
  35000 6115000|  2   2  97   0   0   0
  32000 5737000|  1   2  97   0   0   0
  36000 6071000|  2   2  97   0   0   0
  35000 5927000|  2   2  97   0   0   0
  32000 5881000|  2   2  96   0   0   0
  35000 6071000|  2   2  95   1   0   0
  31000 5870000|  2   1  97   0   0   0
  38000 6471000|  1   2  97   0   0   0
  36000 6137000|  1   2  97   0   0   0
  36000 6871000|  1   2  97   0   0   0
  37000 6958000|  1   2  96   0   0   0
  43000 7784000|  1   1  97   0   0   0
  42000 8138000|  2   1  96   1   0   0
  49000 9473000|  1   2  96   0   0   0
  52000 9940000|  1   2  97   0   0   0
  62000   12000000|  3   3  95   0   0   0
  62000   12000000|  2   1  97   0   0   0
  81000   15000000|  1   2  96   0   0   0
  82000   16000000|  7   2  90   1   0   0
  92000   19000000| 26   1  71   0   0   1
 120000   17000000| 24   3  73   0   0   0
  75000   12000000|  3   2  95   0   0   0
2459B 2637B|  1   1  98   0   0   0
1808B 1060B|  1   1  98   0   0   0
2006B 1562B|  1   2  95   3   0   0
2942B 2398B|  0   2  98   0   0   0
1116B   48000|  2   2  96   0   0   0
2286B  218000|  1   2  96   0   0   0
3720B  434000|  1   2  97   0   0   0
6900B 1011000|  1   1  98   0   0   0
  10000 1924000|  1   2  97   0   0   0
  23000 4195000|  2   2  95   1   0   0
  30000 6514000|  1   2  97   0   0   0
  71000   12000000|  1   2  97   0   0   0
  60000 9951000|  1   3  96   0   0   0
  66000   12000000|  2   3  95   0   0   0
  56000   11000000|  2   2  96   0   0   0
  67000   10000000|  2   2  94   3   0   0
  47000 9339000|  1   3  96   0   0   0
  53000   10000000|  2   2  97   0   0   0
  52000   10000000|  2   2  96   0   0   0
  53000   10000000|  2   2  96   0   0   0
  58000 9038000|  2   2  97   0   0   0
  42000 7938000|  1   2  97   0   0   0
  44000 6493000|  2   2  95   1   0   0
  33000 6004000|  1   1  98   0   0   0
  38000 6938000|  2   2  96   0   0   0
  33000 6471000|  2   2  96   0   0   0
  39000 7338000|  2   2  97   0   0   0
  36000 6671000|  1   2  96   0   0   0
  43000 7338000|  2   2  95   1   0   0
  36000 6671000|  2   1  97   0   0   0
  42000 7271000|  1   2  96   0   0   0
  40000 6871000|  1   2  96   0   0   0
  38000 7138000|  2   2  97   0   0   0
  39000 7271000|  2   2  96   0   0   0
  41000 7405000|  1   2  96   1   0   0
  41000 7872000|  2   1  97   0   0   0
  44000 8005000|  1   3  96   0   0   0
  52000 9072000|  2   2  97   0   0   0
  46000 9006000|  2   2  97   0   0   0
  58000   11000000|  2   2  96   0   0   0
  53000   11000000|  2   2  95   1   0   0
  70000   13000000|  2   2  96   0   0   0
  66000   13000000|  2   2  97   0   0   0
  80000   16000000|  2   1  97   0   0   0
  82000   17000000|  2   2  96   0   0   0
 104000   21000000|  2   2  96   0   0   0
 114000   22000000|  2   1  96   1   0   0
 128000   26000000|  1   2  96   0   0   0
 150000   29000000|  2   2  96   0   0   0
 192000   31000000|  2   2  96   0   0   0
 171000   25000000|  3   2  95   0   0   0
 131000   26000000| 10   2  88   0   0   0
 139000   29000000| 26   2  70   1   0   1
 141000   22000000|  5   3  92   0   0   1
2275B 2543B|  1   2  97   0   0   0
1792B  716B|  1   2  97   0   0   0
1324B 1626B|  1   2  97   0   0   0
1784B 2772B|  2   1  97   0   0   0
1148B   34000|  2   2  95   2   0   0
1502B  144000|  2   1  97   0   0   0
4404B  359000|  1   2  97   0   0   0
3398B  587000|  1   1  98   0   0   0
7186B 1337000|  1   2  97   0   0   0
  12000 2201000|  1   2  97   0   0   0
  22000 4702000|  1   2  97   0   0   0
  33000 7271000|  2   1  96   1   0   0
  63000   14000000|  2   2  96   0   0   0
 109000   18000000|  2   2  96   0   0   0
  96000   18000000|  2   3  96   0   0   0
  91000   18000000|  2   2  96   0   0   0
 102000   19000000|  2   2  95   1   0   0
 103000   21000000|  2   2  96   0   0   0
 108000   21000000|  2   2  96   0   0   0
 118000   22000000|  2   2  96   0   0   0
 106000   21000000|  2   2  96   0   0   0
 109000   17000000|  2   2  96   0   0   0
  79000   16000000|  2   3  95   1   0   0
  87000   18000000|  2   2  96   0   0   0
  84000   17000000|  2   2  96   0   0   0
  99000   19000000|  2   1  97   0   0   0
  86000   18000000|  1   2  97   0   0   0
 100000   19000000|  2   2  96   0   0   0
  98000   18000000|  2   2  96   0   0   0
  94000   14000000|  2   2  95   1   0   0
  76000   14000000|  3   2  95   0   0   0
  73000   15000000|  2   2  96   0   0   0
  95000   13000000|  1   2  97   0   0   0
  56000   11000000|  2   2  96   0   0   0
  60000   12000000|  1   2  97   0   0   0
  59000   12000000|  1   2  96   1   0   0
  66000   13000000|  1   2  97   0   0   0
  73000   10000000|  1   2  97   0   0   0
  54000 9873000|  1   2  97   0   0   0
  50000 9606000|  1   2  97   0   0   0
  59000   10000000|  1   2  96   0   0   0
  54000   10000000|  1   2  97   0   0   0
  59000   11000000|  2   1  96   1   0   0
  58000 8614000|  1   2  97   0   0   0
  47000 8205000| 26   2  73   0   0   0
  47000 8672000| 27   1  72   0   0   0
  47000 8739000| 26   1  73   0   0   1
  50000 9206000| 26   1  72   0   0   0
  49000 9006000| 26   1  72   0   0   1
  53000 9474000|  7   2  91   1   0   0
  45000 6925000|  2   3  95   0   0   0
2535B 2637B|  1   2  97   0   0   0
1842B 1060B|  1   1  98   0   0   0
1298B 1562B|  1   2  97   0   0   0
1925B 2398B|  1   1  98   0   0   0
1682B   55000|  1   1  95   2   0   0
2320B  221000|  1   2  97   0   0   0
3304B  424000|  1   2  98   0   0   0
5552B  913000|  1   1  98   0   0   0
8024B 1488000|  2   1  97   0   0   0
  17000 3306000|  2   2  96   1   0   0
  22000 4959000|  1   2  97   0   0   0
  44000 9940000|  2   1  97   0   0   0
  75000   15000000|  1   2  97   0   0   0
 198000   29000000|  2   2  96   0   0   0
 166000   18000000|  2   2  97   0   0   0
  98000   19000000|  2   2  94   3   0   0
  91000   18000000|  2   2  96   0   0   0
 105000   21000000|  2   3  96   0   0   0
  95000   19000000|  1   2  96   0   0   0
 110000   20000000|  2   2  97   0   0   0
  83000   14000000|  2   1  97   0   0   0
  80000   16000000|  1   2  96   1   0   0
  79000   16000000|  2   2  96   0   0   0
  86000   16000000|  1   2  97   0   0   0
  75000   12000000|  2   2  96   0   0   0
  60000   12000000|  2   1  97   0   0   0
  72000   14000000|  2   1  97   0   0   0
  66000   13000000|  2   1  95   2   0   0
  81000   14000000|  2   2  96   0   0   0
  67000 9615000|  1   2  97   0   0   0
  56000   11000000|  1   2  97   0   0   0
  53000   10000000|  2   2  97   0   0   0
  57000   12000000|  2   2  96   0   0   0
  59000   11000000|  2   2  95   1   0   0
  63000   12000000|  2   2  97   0   0   0
  60000   11000000|  2   1  97   0   0   0
  61000   12000000|  1   1  98   0   0   0
  64000 9348000|  1   2  97   0   0   0
  48000 9406000|  2   2  97   0   0   0
  54000   10000000|  1   2  96   1   0   0
  53000   10000000|  2   2  96   0   0   0
  58000   11000000|  1   2  97   0   0   0
  53000   11000000|  2   2  96   0   0   0
  64000   12000000|  1   2  97   0   0   0
  56000   11000000|  1   2  97   0   0   0
  62000   12000000|  1   2  96   1   0   0
  57000   11000000|  2   1  97   0   0   0
  62000   12000000| 24   2  74   0   0   0
  60000   11000000| 26   2  72   0   0   1
  53000 9190000| 26   1  72   0   0   1
  49000 9673000| 24   2  74   0   0   0
  54000   10000000|  1   2  96   1   0   0
  51000 7662000|  3   2  95   0   0   0
4265B 2637B|  1   2  97   0   0   0
2062B 1060B|  1   1  98   0   0   0
1551B 1562B|  1   1  98   0   0   0
1198B 2398B|  1   1  98   0   0   0
1160B   58000|  1   1  95   3   0   0
2712B  239000|  2   1  97   0   0   0
3312B  403000|  1   1  98   0   0   0
5882B 1011000|  1   2  97   0   0   0
8440B 1663000|  1   1  98   0   0   0
  20000 3522000|  1   1  97   0   0   0
  29000 6137000|  1   2  96   1   0   0
  63000   12000000|  1   2  96   0   0   0
  95000   20000000|  2   2  96   0   0   0
 196000   27000000|  2   3  96   0   0   0
 119000   24000000|  2   2  96   0   0   0
 142000   27000000|  2   2  96   0   0   0
 144000   26000000|  2   2  95   1   0   0
 136000   21000000|  1   2  96   0   0   0
 111000   21000000|  1   2  97   0   0   0
 120000   22000000|  1   2  97   0   0   0
 120000   22000000|  1   2  97   0   0   0
 122000   23000000|  1   1  97   0   0   0
 120000   24000000|  2   2  94   2   0   0
 119000   23000000|  2   2  96   0   0   0
 120000   25000000|  1   2  97   0   0   0
 110000   23000000|  2   2  96   0   0   0
 118000   25000000|  2   2  97   0   0   0
 112000   23000000|  3   1  96   0   0   0
 117000   24000000|  2   1  96   1   0   0
 130000   20000000|  2   2  96   0   0   0
  91000   19000000|  2   2  96   0   0   0
  95000   19000000|  2   2  96   0   0   0
 100000   21000000|  7   2  90   0   0   0
 108000   21000000| 26   3  71   0   0   0
 109000   22000000| 17   2  79   1   0   0
  84000   12000000|  3   2  95   0   0   0
2101B 1687B|  1   2  98   0   0   0
2011B  846B|  1   1  98   0   0   0
1846B 1626B|  1   1  98   0   0   0
1263B 2264B|  1   1  98   0   0   0
2292B   80000|  2   2  94   3   0   0
3090B  228000|  1   1  98   0   0   0
2496B  359000|  1   1  98   0   0   0
5446B  783000|  1   1  98   0   0   0
7928B 1337000|  1   2  98   0   0   0
  17000 3000000|  1   1  98   0   0   0
  28000 5979000|  1   2  96   1   0   0
  39000 8739000|  1   1  98   0   0   0
  80000   16000000|  1   1  97   0   0   0
 114000   18000000|  1   2  97   0   0   0
 105000   17000000|  1   2  97   0   0   0
  87000   11000000|  1   2  96   1   0   0
  62000   10000000|  2   1  98   0   0   0
  53000 9837000|  1   2  97   0   0   0
  59000   11000000|  2   2  97   0   0   0
  54000   10000000|  2   2  97   0   0   0
  64000   12000000|  1   1  98   0   0   0
  57000   11000000|  2   2  95   1   0   0
  60000   12000000|  1   1  98   0   0   0
  54000   11000000|  2   2  97   0   0   0
  59000   12000000|  1   2  97   0   0   0
  56000   11000000|  1   2  97   0   0   0
  56000   11000000|  1   2  97   0   0   0
  56000   12000000|  1   1  97   1   0   0
  59000   11000000|  1   2  97   0   0   0
  61000   12000000|  2   2  97   0   0   0
  64000   11000000|  1   2  97   0   0   0
  66000   13000000|  1   2  97   0   0   0
  61000   12000000|  1   2  97   0   0   0
  74000   14000000|  1   1  97   0   0   0
  74000   14000000|  1   1  97   1   0   0
  81000   17000000|  1   2  97   0   0   0
  85000   12000000|  2   2  96   0   0   0
  74000   13000000|  2   1  98   0   0   0
  77000   10000000|  2   1  97   0   0   0
  53000   10000000|  1   2  97   0   0   0
  58000   11000000|  2   2  95   1   0   0
  58000   11000000|  1   1  98   0   0   0
  64000   11000000|  1   1  97   0   0   0
  57000   11000000|  1   1  98   0   0   0
  60000   12000000|  1   2  97   0   0   0
  63000   11000000|  1   2  97   0   0   0
  64000   12000000|  2   1  96   1   0   0
  63000   11000000|  2   2  97   0   0   0
  69000 9683000|  1   1  98   0   0   0
  46000 8872000|  1   1  97   0   0   0
  56000   10000000|  1   2  97   0   0   0
  53000   10000000|  2   2  96   0   0   0
  58000   11000000|  1   2  96   1   0   0
  57000   11000000| 25   2  73   0   0   0
  60000   11000000| 25   2  73   0   0   0
  58000   11000000| 26   1  73   0   0   0
  59000   11000000| 21   2  77   0   0   0
  63000   12000000|  1   1  97   0   0   0
  15000  372000|  2   2  94   2   0   0
2752B 1570B|  1   1  98   0   0   0
1610B 1760B|  1   1  98   0   0   0
1074B  824B|  1   1  99   0   0   0
2492B   17000|  2   1  97   0   0   0
2354B  221000|  1   1  98   0   0   0
3120B  464000|  1   2  96   2   0   0
4314B  783000|  2   1  97   0   0   0
8300B 1663000|  1   1  98   0   0   0
  13000 2563000|  1   2  97   0   0   0
  25000 5190000|  1   1  98   0   0   0
  39000 8539000|  1   1  98   0   0   0
  72000   16000000|  1   1  96   1   0   0
 111000   19000000|  2   1  97   0   0   0
 104000   20000000|  2   1  97   0   0   0
  92000   19000000|  2   2  97   0   0   0
 126000   19000000|  1   1  98   0   0   0
  78000   14000000|  1   1  98   0   0   0
  92000   17000000|  2   1  96   1   0   0
  95000   14000000|  1   2  97   0   0   0
  71000   13000000|  2   2  96   0   0   0
  62000   13000000|  1   2  97   0   0   0
  70000   14000000|  1   2  97   0   0   0
  78000   10000000|  2   1  97   0   0   0
  52000   10000000|  1   1  97   1   0   0
  60000   11000000|  1   1  98   0   0   0
  56000   11000000|  2   1  97   0   0   0
  61000   12000000|  2   2  97   0   0   0
  61000   11000000|  2   1  97   0   0   0
  66000   12000000|  2   1  97   0   0   0
  60000   11000000|  1   2  96   1   0   0
  65000   12000000|  1   1  97   0   0   0
  57000   11000000|  1   2  97   0   0   0
  62000   12000000|  2   1  97   0   0   0
  55000   11000000|  1   2  97   0   0   0
  59000   12000000|  2   1  97   0   0   0
  60000   12000000|  1   1  97   1   0   0
  62000   12000000|  1   1  98   0   0   0
  66000   13000000|  1   2  98   0   0   0
  64000   13000000|  1   2  97   0   0   0
  70000   14000000|  1   2  97   0   0   0
  72000   14000000|  1   1  98   0   0   0
  78000   16000000|  2   2  96   1   0   0
  79000   16000000|  1   2  97   0   0   0
 101000   19000000|  1   2  97   0   0   0
  96000   19000000|  2   1  97   0   0   0
 122000   23000000|  9   1  90   0   0   0
 115000   16000000| 26   2  72   0   0   0
  89000   13000000| 26   1  72   0   0   0
  65000   12000000|  7   2  90   1   0   0
  44000 5881000|  1   3  96   0   0   0
2441B 1703B|  1   2  98   0   0   0
2052B 1540B|  1   1  98   0   0   0
1281B 1012B|  0   2  98   0   0   0
1596B 2098B|  1   2  95   3   0   0
1450B  111000|  1   2  98   0   0   0
1790B  227000|  1   1  98   0   0   0
3334B  492000|  1   1  98   0   0   0
5074B  848000|  1   2  97   0   0   0
  11000 1957000|  1   1  98   0   0   0
  19000 3355000|  1   1  97   1   0   0
  32000 6978000|  1   1  98   0   0   0
  52000   11000000|  2   1  97   0   0   0
  92000   20000000|  1   1  97   0   0   0
 153000   34000000|  2   3  96   0   0   0
 216000   38000000|  2   2  96   0   0   0
 174000   36000000|  2   2  96   1   0   0
 179000   29000000|  2   3  96   0   0   0
 114000   19000000|  1   1  98   0   0   0
  92000   20000000|  2   2  96   0   0   0
 110000   16000000|  1   2  97   0   0   0
  66000   11000000|  1   2  97   0   0   0
  55000   11000000|  1   1  97   1   0   0
  62000   11000000|  1   2  98   0   0   0
  68000   12000000|  2   2  97   0   0   0
  62000   12000000|  1   2  97   0   0   0
  64000   12000000|  1   2  97   0   0   0
  67000   12000000|  2   1  97   0   0   0
  64000   12000000|  1   1  97   1   0   0
  64000   12000000|  1   2  97   0   0   0
  66000   12000000|  1   2  97   0   0   0
  62000   12000000|  1   2  97   0   0   0
  61000   12000000|  2   1  98   0   0   0
  70000   13000000|  2   2  96   0   0   0
  60000   12000000|  1   2  96   1   0   0
  65000   13000000|  1   2  97   0   0   0
  71000   13000000|  1   2  97   0   0   0
  69000   14000000|  1   2  97   0   0   0
  76000   11000000|  2   2  97   0   0   0
  59000   11000000|  2   1  97   0   0   0
  62000   12000000|  1   1  98   0   0   0
  71000   11000000|  1   1  96   1   0   0
  49000 9406000|  1   1  98   0   0   0
  53000   10000000| 21   2  77   0   0   0
  52000   10000000| 26   1  73   0   0   0
  54000   11000000| 26   2  72   0   0   0
  51000   11000000| 26   1  73   0   0   0
  53000   10000000|  9   1  89   1   0   0
  57000   11000000|  0   1  98   0   0   0
  13000  116000|  2   2  96   0   0   0
2714B 1570B|  1   1  98   0   0   0
3180B 1492B|  1   1  98   0   0   0
1428B 1092B|  0   1  99   0   0   0
1268B   17000|  1   2  95   2   0   0
1516B  163000|  1   1  98   0   0   0
2132B  273000|  1   1  98   0   0   0
3890B  575000|  2   1  98   0   0   0
7446B 1272000|  1   1  98   0   0   0
  13000 2250000|  1   1  98   0   0   0
  25000 4683000|  2   1  96   1   0   0
  39000 6234000|  1   1  98   0   0   0
  34000 6337000|  1   1  98   0   0   0
  34000 6337000|  1   2  97   0   0   0
  40000 7471000|  1   1  98   0   0   0
  37000 7271000|  1   1  98   0   0   0
  39000 7938000|  1   1  97   1   0   0
  43000 8032000|  1   2  97   0   0   0
  38000 7445000|  1   1  98   0   0   0
  38000 8072000|  1   1  98   0   0   0
  39000 7405000|  1   1  97   0   0   0
  40000 8072000|  2   1  97   0   0   0
  38000 7405000|  1   1  97   1   0   0
  42000 8472000|  2   1  97   0   0   0
  44000 7747000|  1   1  98   0   0   0
  46000 8663000|  1   2  98   0   0   0
  46000 8072000|  2   1  97   0   0   0
  50000 9406000|  1   1  97   0   0   0
  49000 9238000|  1   1  98   0   0   0
  57000   10000000|  1   1  97   1   0   0
  56000   11000000|  1   2  97   0   0   0
  63000   12000000|  1   2  97   0   0   0
  78000   13000000|  1   2  97   0   0   0
  54000 9619000|  1   2  97   0   0   0
  56000   11000000|  1   2  97   0   0   0
  56000   11000000|  2   1  96   1   0   0
  63000   13000000|  1   2  97   0   0   0
  60000   12000000|  1   2  97   0   0   0
  66000   14000000|  1   2  97   0   0   0
  60000   12000000|  1   1  98   0   0   0
  70000   14000000|  1   2  97   0   0   0
  63000   13000000|  1   2  98   0   0   0
  78000   14000000|  1   1  97   1   0   0
  68000   13000000|  1   2  97   0   0   0
  70000   13000000|  1   1  97   0   0   0
  71000   14000000|  2   2  97   0   0   0
  66000   13000000|  1   1  98   0   0   0
  76000   14000000|  2   1  96   1   0   0
  71000   13000000|  1   1  98   0   0   0
  74000   15000000|  1   2  97   0   0   0
  67000   14000000|  2   2  97   0   0   0
  83000   16000000|  2   1  97   0   0   0
  75000   15000000|  2   1  97   0   0   0
  90000   17000000|  1   2  96   1   0   0
  83000   16000000|  1   2  97   0   0   0
 104000   19000000|  2   2  97   0   0   0
 102000   19000000| 21   3  76   0   0   0
 118000   22000000| 25   2  73   0   0   0
 101000   14000000|  1   4  95   0   0   0
2275B 2547B|  1   1  96   3   0   0
1712B 1060B|  1   1  99   0   0   0
1718B 1562B|  1   2  98   0   0   0
1134B 2398B|  1   1  99   0   0   0
1084B   48000|  1   2  98   0   0   0
1846B  202000|  1   1  98   0   0   0
2846B  320000|  1   1  98   1   0   0
4925B  717000|  1   1  98   0   0   0
7034B 1174000|  2   1  98   0   0   0
  15000 2772000|  1   1  98   0   0   0
  24000 5132000|  1   1  98   0   0   0
  38000 8205000|  1   1  97   1   0   0
  68000   16000000|  1   1  98   0   0   0
 121000   20000000|  1   2  98   0   0   0
 107000   20000000|  2   2  97   0   0   0
  91000   20000000|  1   2  97   0   0   0
 130000   19000000|  2   1  97   0   0   0
  81000   15000000|  1   1  97   1   0   0
  94000   18000000|  2   1  97   0   0   0
  89000   16000000|  1   1  98   0   0   0
  99000   19000000|  2   2  96   0   0   0
  85000   17000000|  1   2  98   0   0   0
  94000   19000000|  1   2  97   0   0   0
  98000   17000000|  1   2  96   1   0   0
  99000   19000000|  1   1  97   0   0   0
  94000   16000000|  1   2  98   0   0   0
  76000   14000000|  1   2  97   0   0   0
  72000   15000000|  1   1  98   0   0   0
  79000   16000000|  1   2  97   0   0   0
  79000   16000000|  1   2  96   1   0   0
  84000   17000000|  1   2  97   0   0   0
  86000   18000000|  1   2  97   0   0   0
  89000   18000000|  1   1  97   0   0   0
  90000   18000000|  1   1  98   0   0   0
  80000   18000000|  1   2  97   0   0   0
  93000   19000000|  1   1  97   1   0   0
  87000   18000000|  1   1  98   0   0   0
  92000   19000000|  1   2  97   0   0   0
  89000   18000000|  1   2  97   0   0   0
  95000   19000000|  7   1  92   0   0   0
  88000   18000000| 26   1  73   0   0   0
  86000   19000000| 24   2  73   1   0   0
  88000   15000000|  1   2  97   0   0   0
3489B 2817B|  1   1  98   0   0   0
1842B 1154B|  1   1  99   0   0   0
1234B 1562B|  1   1  98   0   0   0
1130B 2398B|  1   1  98   0   0   0
 764B   15000|  1   1  96   3   0   0
1932B  163000|  1   1  99   0   0   0
2138B  294000|  1   1  98   0   0   0
4112B  685000|  1   1  98   0   0   0
6950B 1174000|  1   1  98   0   0   0
  13000 2557000|  1   1  98   0   0   0
  21000 4077000|  1   2  98   0   0   0
  37000 8339000|  1   2  96   1   0   0
  55000   12000000|  1   2  97   0   0   0
 135000   27000000|  1   2  97   0   0   0
 198000   34000000|  2   2  96   0   0   0
 207000   34000000|  1   1  97   0   0   0
 185000   29000000|  1   1  98   0   0   0
 139000   27000000|  1   2  96   1   0   0
 127000   25000000|  1   2  97   0   0   0
 149000   28000000|  1   2  97   0   0   0
 132000   27000000|  1   2  97   0   0   0
 142000   29000000|  1   2  97   0   0   0
 154000   28000000|  2   1  97   0   0   0
 151000   30000000|  1   2  97   1   0   0
 143000   29000000|  1   2  97   0   0   0
 154000   30000000|  1   2  97   0   0   0
 144000   30000000|  1   2  97   0   0   0
 146000   28000000|  1   3  96   0   0   0
 133000   22000000|  1   1  98   0   0   0
 107000   23000000|  7   3  89   2   0   0
 123000   26000000| 26   1  73   0   0   0
 123000   25000000|  9   2  90   0   0   0
  31000 1357000|  1   1  98   0   0   0
2850B 1570B|  0   1  99   0   0   0
1808B 1492B|  1   1  98   0   0   0
1387B 1092B|  1   1  98   1   0   0
 986B   17000|  1   1  99   0   0   0
1446B  130000|  1   1  98   0   0   0
3314B  326000|  1   1  98   0   0   0
3388B  489000|  1   1  99   0   0   0
6764B 1174000|  1   1  98   0   0   0
  12000 2120000|  1   1  98   0   0   0
  25000 4443000|  1   1  97   1   0   0
  38000 8012000|  1   1  98   0   0   0
  74000   15000000|  1   1  98   0   0   0
 135000   26000000|  1   2  97   0   0   0
 225000   42000000|  2   1  97   0   0   0
 178000   28000000|  1   1  98   0   0   0
 132000   22000000|  1   2  97   1   0   0
 117000   22000000|  1   2  97   0   0   0
 131000   24000000|  1   1  98   0   0   0
 130000   24000000|  1   2  97   0   0   0
 122000   25000000|  1   2  97   0   0   0
 121000   24000000|  1   1  97   0   0   0
 133000   26000000|  2   1  97   1   0   0
 126000   25000000|  1   2  97   0   0   0
 142000   25000000|  2   2  97   0   0   0
 137000   26000000|  1   1  97   0   0   0
 139000   25000000|  1   1  98   0   0   0
 134000   26000000|  2   1  97   0   0   0
 122000   26000000|  1   2  96   1   0   0
 120000   26000000|  1   2  97   0   0   0
 124000   26000000|  1   1  98   0   0   0
 120000   25000000| 23   2  74   0   0   1
 130000   27000000| 17   2  81   0   0   0
  63000 8510000|  1   2  97   0   0   0
2728B 1633B|  1   1  96   2   0   0
1137B 1540B|  0   1  99   0   0   0
1090B 1012B|  1   1  99   0   0   0
5470B 2098B|  0   1  99   0   0   0
2466B  113000|  1   1  98   0   0   0
2262B  261000|  1   1  99   0   0   0
3519B  554000|  1   1  98   1   0   0
5068B  881000|  1   1  99   0   0   0
  11000 2120000|  1   1  98   0   0   0
  19000 3543000|  1   1  97   0   0   0
  29000 6520000|  1   1  98   0   0   0
  59000 9858000|  1   2  97   0   0   0
  58000 7506000|  1   2  97   1   0   0
  42000 5022000|  1   2  98   0   0   0
  27000 4803000|  1   1  98   0   0   0
  31000 5337000|  1   1  99   0   0   0
  29000 5270000|  2   1  97   0   0   0
  33000 5737000|  1   2  97   0   0   0
  34000 4775000|  1   1  97   1   0   0
  27000 4441000|  1   1  98   0   0   0
  26000 4510000|  1   1  99   0   0   0
  30000 5097000|  1   1  98   0   0   0
  29000 5070000|  1   1  98   0   0   0
  31000 5537000|  1   1  98   0   0   0
  30000 5403000|  1   1  98   0   0   0
  34000 5670000|  1   1  97   1   0   0
  29000 5337000|  1   1  98   0   0   0
  33000 5767000|  1   1  98   0   0   0
  31000 5374000|  1   2  98   0   0   0
  35000 5737000|  1   1  98   0   0   0
  33000 5537000|  1   1  98   1   0   0
  36000 5870000|  1   1  98   0   0   0
  37000 6204000|  1   1  98   0   0   0
  39000 6404000|  1   2  97   0   0   0
  43000 7138000|  1   1  98   0   0   0
  43000 7471000|  1   1  98   0   0   0
  52000 8717000|  1   1  97   1   0   0
  57000 9228000|  1   2  97   0   0   0
  61000   11000000|  1   1  98   0   0   0
  67000   11000000|  2   1  98   0   0   0
  76000   10000000|  1   2  98   0   0   0
  62000 7332000|  1   1  98   0   0   0
  48000 5814000|  1   1  97   1   0   0
  35000 5329000|  1   1  97   0   0   0
  41000 5507000|  1   1  99   0   0   0
  30000 4228000|  1   1  98   0   0   0
  30000 4762000|  1   1  98   0   0   0
  36000 4091000|  1   1  99   0   0   0
  26000 3544000|  1   1  97   1   0   0
  26000 2673000|  1   1  98   0   0   0
  20000 2935000|  1   2  98   0   0   0
  20000 2950000|  1   1  99   0   0   0
  18000 3054000|  1   1  98   0   0   0
  16000 3002000|  1   1  98   0   0   0
  17000 3002000|  1   1  97   1   0   0
  18000 3069000|  1   2  98   0   0   0
  18000 3002000|  1   1  98   0   0   0
  17000 3069000|  1   1  98   0   0   0
  22000 3402000|  1   1  98   0   0   0
  22000 2901000|  1   1  98   0   0   0
  15000 2735000|  1   1  97   1   0   0
  18000 2935000|  1   1  99   0   0   0
  20000 3469000|  1   1  98   0   0   0
  18000 3202000|  1   1  98   0   0   0
  21000 3402000|  1   1  98   0   0   0
  18000 3335000|  1   1  98   0   0   0
  19000 3269000|  0   2  98   0   0   0
  18000 3469000|  1   1  97   1   0   0
  18000 3202000|  1   1  98   0   0   0
  18000 3536000|  1   1  98   0   0   0
  24000 3669000|  1   1  98   0   0   0
  23000 3869000|  1   0  99   0   0   0
  23000 4136000|  1   1  97   1   0   0
  27000 4603000|  1   1  98   0   0   0
  31000 4389000|  1   1  99   0   0   0
  25000 3917000|  1   1  98   0   0   0
  26000 4470000|  1   1  98   0   0   0
  26000 4670000|  1   1  99   0   0   0
  27000 4870000|  1   1  97   1   0   0
  29000 5070000|  1   1  98   0   0   0
  31000 5137000|  2   1  97   0   0   0
  31000 5227000|  1   1  98   0   0   0
  30000 5113000|  1   1  98   0   0   0
  31000 5230000|  1   1  98   0   0   0
  33000 5110000|  1   1  97   1   0   0
  31000 5270000|  1   1  98   0   0   0
  29000 5203000|  1   1  99   0   0   0
  32000 5604000|  1   1  98   0   0   0
  32000 5737000|  1   2  98   0   0   0
  35000 6204000|  1   1  98   0   0   0
  39000 6849000|  1   1  97   1   0   0
  41000 7427000|  1   1  98   0   0   0
  45000 8405000|  1   2  98   0   0   0
  50000 9406000|  1   1  97   0   0   0
  58000   11000000|  2   1  97   0   0   0
  65000   12000000|  1   2  98   0   0   0
  70000   14000000|  1   2  96   1   0   0
  87000   16000000|  1   1  98   0   0   0
  89000   18000000|  2   1  97   0   0   0
 103000   21000000| 23   1  75   0   0   1
 112000   23000000| 21   2  77   0   0   0
  87000   12000000|  1   2  97   0   0   0
2431B 1687B|  0   0  97   3   0   0
2536B  846B|  0   1  99   0   0   0
1346B 1792B|  1   1  99   0   0   0
1080B 2098B|  1   1  99   0   0   0
1636B   71000|  1   1  98   0   0   0
2194B  191000|  1   1  98   0   0   0
3068B  372000|  1   1  97   1   0   0
5214B  815000|  1   1  98   0   0   0
  11000 1598000|  1   1  99   0   0   0
  18000 3359000|  1   1  99   0   0   0
  26000 5406000|  1   1  98   0   0   0
  54000   11000000|  1   1  98   0   0   0
  85000   17000000|  1   2  96   1   0   0
 154000   35000000|  1   2  97   0   0   0
 226000   36000000|  1   1  98   0   0   0
 227000   20000000|  2   1  97   0   0   0
  94000   17000000|  1   1  98   0   0   0
  84000   16000000|  1   1  98   0   0   0
  99000   18000000|  2   1  96   1   0   0
  97000   17000000|  1   2  98   0   0   0
 102000   19000000|  1   1  98   0   0   0
 101000   18000000|  2   1  98   0   0   0
  99000   19000000|  1   2  98   0   0   0
  98000   14000000|  1   1  98   0   0   0
  76000   14000000|  1   2  96   1   0   0
  74000   15000000|  1   1  98   0   0   0
  79000   15000000|  1   1  98   0   0   0
  79000   16000000|  1   1  98   0   0   0
  77000   15000000|  1   1  98   0   0   0
  82000   16000000|  1   1  98   0   0   0
  76000   15000000|  1   1  98   0   0   0
  81000   16000000|  1   2  97   1   0   0
  78000   15000000|  1   1  98   0   0   0
  82000   13000000|  1   1  98   0   0   0
  61000   12000000|  1   2  98   0   0   0
  65000   14000000|  1   1  98   0   0   0
  70000   14000000|  1   1  98   0   0   0
  79000   15000000|  1   1  97   1   0   0
  83000   15000000|  1   1  98   0   0   0
  83000   15000000|  3   1  96   0   0   0
  76000   11000000| 25   1  74   0   0   1
  63000   12000000| 25   1  74   0   0   0
  69000   12000000| 25   1  74   0   0   0
  69000   12000000| 13   2  84   1   0   0
  67000   10000000|  1   1  98   0   0   0
2889B 2637B|  0   1  99   0   0   0
1904B 1060B|  1   1  99   0   0   0
1322B 1562B|  1   1  98   0   0   0
1070B 2398B|  0   1  99   1   0   0
1268B   33000|  1   1  96   2   0   0
1820B  178000|  1   1  98   0   0   0
2574B  294000|  1   1  99   0   0   0
5461B  783000|  1   1  99   0   0   0
7872B 1533000|  1   1  98   0   0   0
  12000 2348000|  1   1  97   1   0   0
  26000 5264000|  0   1  99   0   0   0
  35000 7820000|  1   1  98   0   0   0
  83000   16000000|  1   1  97   0   0   0
 120000   26000000|  1   2  97   0   0   0
 181000   31000000|  1   2  97   0   0   0
 144000   29000000|  1   2  96   1   0   0
 129000   31000000|  1   2  97   0   0   0
 155000   32000000|  1   2  97   0   0   0
 158000   35000000|  1   2  97   0   0   0
 159000   34000000|  1   2  97   0   0   0
 176000   37000000|  1   2  97   0   0   0
 188000   31000000|  1   1  97   1   0   0
 135000   28000000|  1   2  97   0   0   0
 133000   27000000|  1   2  98   0   0   0
 159000   30000000|  1   1  98   0   0   0
 136000   28000000|  1   2  97   0   0   0
 149000   32000000|  1   2  97   0   0   0
 146000   29000000|  1   2  97   0   0   0
 159000   32000000| 22   2  76   1   0   0
 149000   30000000|  9   2  88   0   0   1
  39000 2419000|  1   1  98   0   0   0
2464B 1570B|  0   1  99   0   0   0
1124B 1492B|  1   1  99   0   0   0
1112B 1092B|  1   1  99   0   0   0
 996B 2096B|  1   1  96   3   0   0
1178B  125000|  1   1  99   0   0   0
2160B  240000|  1   1  99   0   0   0
3838B  563000|  0   1  99   0   0   0
6210B  946000|  0   1  99   0   0   0
  12000 2185000|  1   1  99   0   0   0
  24000 4305000|  1   1  98   0   0   0
  34000 7471000|  1   2  97   1   0   0
  71000   13000000|  1   1  98   0   0   0
  62000   11000000|  1   1  98   0   0   0
  61000   13000000|  1   1  98   0   0   0
  63000   12000000|  1   1  98   0   0   0
  73000   14000000|  1   1  98   0   0   0
  72000   13000000|  1   1  97   1   0   0
  80000   15000000|  1   1  98   0   0   0
  81000   14000000|  1   1  98   0   0   0
  81000   15000000|  1   1  98   0   0   0
  76000   14000000|  1   2  98   0   0   0
  77000   15000000|  1   1  98   0   0   0
  77000   14000000|  1   2  97   0   0   0
  67000   15000000|  1   2  96   1   0   0
  72000   14000000|  1   1  98   0   0   0
  74000   11000000|  1   1  98   0   0   0
  57000 8429000|  1   1  98   0   0   0
  47000 8806000|  1   1  98   0   0   0
  54000 9539000|  1   1  98   0   0   0
  51000 9273000|  1   1  97   1   0   0
  53000 9873000|  1   1  99   0   0   0
  48000 9339000|  1   2  98   0   0   0
  56000   10000000|  1   1  99   0   0   0
  52000 9573000|  1   1  99   0   0   0
  61000   10000000|  1   1  98   0   0   0
  51000 9539000|  1   1  97   1   0   0
  58000   10000000|  1   1  98   0   0   0
  54000 9539000|  1   1  98   0   0   0
  57000   10000000|  1   1  98   0   0   0
  60000 9511000|  1   1  98   0   0   0
  51000 7974000|  1   1  99   0   0   0
  45000 8272000|  1   1  97   1   0   0
  49000 9339000|  1   1  98   0   0   0
  50000 9568000|  1   1  99   0   0   0
  55000 6933000|  1   1  99   0   0   0
  45000 7605000|  1   1  98   0   0   0
  43000 7538000|  1   1  97   1   0   0
  46000 8339000|  1   0  99   0   0   0
  42000 7805000|  1   1  99   0   0   0
  45000 8405000|  1   1  98   0   0   0
  43000 7938000|  1   1  98   0   0   0
  43000 8339000|  1   1  98   0   0   0
  42000 7872000|  1   1  97   1   0   0
  43000 8405000|  0   1  99   0   0   0
  40000 7938000|  1   1  98   0   0   0
  46000 8700000|  1   1  98   0   0   0
  45000 8377000|  1   1  98   0   0   0
  46000 9006000|  1   1  98   0   0   0
  49000 9156000|  3   1  95   1   0   0
  49000 9857000| 26   1  73   0   0   0
  54000   10000000| 26   1  73   0   0   0
  55000   11000000| 26   0  74   0   0   0
  67000 9769000| 25   1  74   0   0   0
  45000 9138000| 19   2  79   1   0   0
  48000 7248000|  1   2  98   0   0   0
5231B 2637B|  0   0  99   0   0   0
1968B 1060B|  0   0 100   0   0   0
1230B 1562B|  0   0  99   0   0   0
1070B 2398B|  1   0  98   0   0   0
1864B   58000|  1   1  97   2   0   0
1928B  185000|  1   1  99   0   0   0
3196B  457000|  1   1  99   0   0   0
5469B  815000|  0   1  99   0   0   0
  10000 1899000|  1   0  99   0   0   0
  17000 3254000|  1   1  97   1   0   0
  36000 5650000|  1   1  99   0   0   0
  28000 5154000|  1   1  99   0   0   0
  27000 5380000|  0   1  99   0   0   0
  33000 6094000|  1   1  98   0   0   0
  32000 6071000|  1   1  98   0   0   0
  33000 6538000|  1   1  97   2   0   0
  37000 6352000|  1   1  98   0   0   0
  39000 6923000|  0   1  98   0   0   0
  35000 6294000|  1   1  98   0   0   0
  41000 6981000|  1   1  98   0   0   0
  35000 6297000|  1   1  98   1   0   0
  38000 7044000|  1   0  97   2   0   0
  35000 6337000|  1   1  98   0   0   0
  38000 7071000|  1   1  98   0   0   0
  36000 6712000|  1   1  98   0   0   0
  41000 7630000|  1   1  99   0   0   0
  41000 7738000|  1   1  97   1   0   0
  46000 8472000|  1   1  98   0   0   0
  48000 9206000|  1   1  98   0   0   0
  49000 9873000|  1   1  98   0   0   0
  57000   11000000|  1   1  98   0   0   0
  59000   12000000|  1   1  99   0   0   0
  76000   14000000|  1   1  97   1   0   0
  77000   11000000|  2   1  98   0   0   0
  62000   12000000|  1   1  98   0   0   0
  61000   12000000|  1   1  98   0   0   0
  69000   14000000|  1   1  98   0   0   0
  70000   13000000|  1   1  98   0   0   0
  79000   15000000|  1   1  97   1   0   0
  75000   14000000|  1   1  99   0   0   0
  79000   14000000|  1   1  98   0   0   0
  76000   11000000|  1   1  98   0   0   0
  59000   11000000|  1   1  98   0   0   0
  64000   12000000|  1   1  98   0   0   0
  62000   12000000|  1   1  99   0   0   0
  67000 9241000|  1   1  97   1   0   0
  47000 9139000|  1   1  99   0   0   0
  50000   10000000|  1   1  98   0   0   0
  56000 8365000|  1   1  99   0   0   0
  43000 7667000|  1   1  98   0   0   0
  38000 7672000|  1   1  98   0   0   0
  43000 8272000|  0   1  97   2   0   0
  44000 8138000|  1   1  98   0   0   0
  47000 8672000|  1   1  99   0   0   0
  49000 8405000|  1   1  98   0   0   0
  44000 8605000|  1   1  98   0   0   0
  43000 8468000|  1   1  99   0   0   0
  47000 8476000|  1   1  97   1   0   0
  45000 8539000|  1   1  98   0   0   0
  44000 8539000|  1   0  99   0   0   0
  47000 9006000|  1   1  98   0   0   0
  46000 8672000|  1   1  98   0   0   0
  50000 9539000|  1   1  98   0   0   0
  49000 9473000|  1   1  97   1   0   0
  53000   10000000|  1   1  99   0   0   0
  55000   11000000|  5   1  94   0   0   0
  61000   12000000| 25   1  74   0   0   1
  63000   13000000| 25   1  74   0   0   0
  70000   14000000| 25   1  74   0   0   0
  80000   13000000|  5   2  91   1   0   0
4741B 2817B|  1   1  98   0   0   0
1862B  716B|  0   0  99   0   0   0
1038B 1626B|  0   1  99   0   0   0
1246B 2772B|  0   1  99   0   0   0
1020B   34000|  1   1  98   0   0   0
2330B  228000|  1   1  97   2   0   0
2548B  339000|  0   1  99   0   0   0
6944B  913000|  0   1  99   0   0   0
8850B 1490000|  1   1  99   0   0   0
  19000 3402000|  1   1  99   0   0   0
  26000 5343000|  0   1  98   1   0   0
  48000   11000000|  1   1  98   0   0   0
  87000   17000000|  1   1  98   0   0   0
 174000   26000000|  1   1  98   0   0   0
 118000   22000000|  1   1  98   0   0   0
 131000   25000000|  1   1  98   0   0   0
 154000   20000000|  1   1  97   1   0   0
  87000   14000000|  0   1  98   0   0   0
  73000   14000000|  1   1  98   0   0   0
  74000   14000000|  0   1  98   0   0   0
  73000   15000000|  1   1  98   0   0   0
  73000   15000000|  1   1  98   0   0   0
  80000   16000000|  1   1  97   1   0   0
  72000   15000000|  1   1  98   0   0   0
  84000   16000000|  1   1  98   0   0   0
  76000   14000000|  1   2  98   0   0   0
  83000   16000000|  1   1  98   0   0   0
  74000   15000000|  1   1  99   0   0   0
  74000   16000000|  1   1  97   1   0   0
  74000   15000000|  1   1  98   0   0   0
  80000   16000000|  1   1  98   0   0   0
  75000   16000000|  1   1  99   0   0   0
  84000   16000000|  1   1  99   0   0   0
  96000   14000000|  1   1  98   0   0   0
  62000   12000000|  1   1  97   1   0   0
  74000   11000000|  1   1  99   0   0   0
  48000 9756000|  1   1  98   0   0   0
  59000   11000000|  1   1  99   0   0   0
  54000   10000000|  1   1  99   0   0   0
  64000   12000000|  1   1  98   0   0   0
  58000   11000000|  1   1  97   1   0   0
  65000   12000000|  1   1  99   0   0   0
  62000   11000000|  1   1  99   0   0   0
  66000   12000000|  1   1  99   0   0   0
  61000 8514000| 21   1  78   0   0   0
  51000 9606000| 25   1  74   0   0   0
  54000   10000000| 25   1  73   1   0   0
  56000   10000000| 25   1  74   0   0   0
  55000   11000000|  6   1  93   0   0   0
  55000 9226000|  0   1  99   0   0   0
4931B 2817B|  1   1  99   0   0   0
1472B  716B|  0   0  99   0   0   0
1604B 2000B|  0   1  97   2   0   0
1192B 2398B|  0   0  99   0   0   0
1244B   34000|  1   0  99   0   0   0
1864B  144000|  1   1  99   0   0   0
2554B  359000|  0   0  99   0   0   0
3532B  587000|  0   1  99   0   0   0
6766B 1305000|  1   1  98   1   0   0
  10000 1989000|  1   1  99   0   0   0
  20000 4346000|  0   1  99   0   0   0
  31000 7184000|  1   1  98   0   0   0
  63000   10000000|  1   0  99   0   0   0
  58000   10000000|  0   1  99   0   0   0
  52000   10000000|  1   1  98   1   0   0
  58000   12000000|  1   1  98   0   0   0
  61000   11000000|  1   1  99   0   0   0
  67000   13000000|  1   1  98   0   0   0
  59000   12000000|  1   1  99   0   0   0
  72000   13000000|  1   1  98   0   0   0
  63000 9618000|  1   1  98   1   0   0
  51000   10000000|  1   1  98   0   0   0
  55000 7221000|  0   1  99   0   0   0
  42000 7938000|  1   1  99   0   0   0
  39000 7538000|  1   1  99   0   0   0
  48000 8405000|  1   1  99   0   0   0
  46000 8465000|  1   1  98   1   0   0
  43000 8318000|  1   1  99   0   0   0
  49000 8834000|  1   1  98   0   0   0
  52000 7039000|  1   1  99   0   0   0
  38000 6871000|  1   1  99   0   0   0
  40000 6938000|  1   1  99   0   0   0
  39000 8005000|  1   1  98   1   0   0
  41000 7605000|  1   1  99   0   0   0
  44000 8405000|  1   1  99   0   0   0
  41000 8072000|  1   1  99   0   0   0
  47000 8806000|  1   1  99   0   0   0
  45000 8205000|  0   1  99   0   0   0
  44000 8739000|  1   1  97   1   0   0
  44000 8272000|  1   1  99   0   0   0
  45000 8736000|  1   1  98   0   0   0
  43000 8475000|  1   1  99   0   0   0
  42000 8539000|  0   1  99   0   0   0
  47000 9006000|  1   1  99   0   0   0
  46000 8939000|  1   1  98   1   0   0
  52000 9740000|  1   1  98   0   0   0
  55000 8691000|  1   1  99   0   0   0
  48000 7944000|  1   1  98   0   0   0
  46000 7872000|  1   1  98   0   0   0
  47000 9142000|  1   1  99   0   0   0
  49000 8869000|  1   1  98   1   0   0
  54000   10000000|  1   1  98   0   0   0
  47000 9406000|  1   1  98   0   0   0
  57000   10000000|  1   1  99   0   0   0
  52000 9673000|  1   1  99   0   0   0
  56000   10000000|  1   1  99   0   0   0
  54000 9903000|  1   1  97   1   0   0
  51000 9981000|  0   0  99   0   0   0
  52000   10000000|  1   1  99   0   0   0
  50000 9740000|  1   1  99   0   0   0
  51000   10000000|  1   1  98   0   0   0
  49000 9940000|  1   0  99   0   0   0
  56000   11000000|  1   1  98   1   0   0
  65000 9233000|  1   1  99   0   0   0
  49000 8841000|  1   1  99   0   0   0
  47000 8837000|  0   1  99   0   0   0
  54000   10000000|  8   1  92   0   0   0
  54000 9940000| 24   1  74   0   0   1
  54000   11000000| 25   0  74   1   0   0
  50000   10000000| 25   1  74   0   0   0
  57000   11000000| 18   1  82   0   0   0
  49000 6022000|  1   2  98   0   0   0
2011B 1687B|  0   0  99   0   0   0
2021B  846B|  0   0  99   0   0   0
1473B 1626B|  0   0  97   2   0   0
3902B 2264B|  0   0 100   0   0   0
1440B   80000|  1   1  99   0   0   0
2243B  196000|  0   1  99   0   0   0
2980B  457000|  0   1  99   0   0   0
4506B  717000|  0   0 100   0   0   0
8178B 1663000|  1   1  98   1   0   0
  14000 2609000|  0   1  99   0   0   0
  30000 6069000|  0   1  99   0   0   0
  44000 9047000|  1   1  99   0   0   0
  97000   19000000|  1   1  98   0   0   0
 150000   29000000|  1   1  98   0   0   0
 217000   29000000|  1   1  97   1   0   0
 120000   19000000|  1   1  99   0   0   0
 103000   22000000|  1   1  98   0   0   0
 101000   22000000|  1   1  98   0   0   0
 106000   23000000|  1   1  98   0   0   0
 129000   19000000|  0   1  99   0   0   0
  85000   17000000|  1   1  97   1   0   0
  78000   17000000|  1   1  99   0   0   0
  96000   19000000|  1   1  99   0   0   0
  93000   19000000|  1   1  98   0   0   0
  89000   19000000|  1   1  98   0   0   0
  97000   19000000|  1   1  99   0   0   0
 106000   18000000|  1   1  98   1   0   0
  83000   14000000|  1   1  99   0   0   0
  75000   15000000|  0   1  99   0   0   0
  79000   16000000|  1   1  98   0   0   0
  81000   16000000|  0   1  98   0   0   0
  84000   17000000|  1   1  98   0   0   0
  77000   16000000|  1   1  98   0   0   0
  79000   17000000|  0   1  98   1   0   0
  80000   16000000|  1   1  99   0   0   0
  84000   17000000|  1   1  98   0   0   0
  83000   14000000|  1   1  99   0   0   0
  63000   13000000| 10   1  89   0   0   0
  68000   14000000| 25   1  75   0   0   0
  73000   14000000| 24   1  73   1   0   0
  83000   15000000| 15   1  83   0   0   0
  91000   14000000|  0   1  99   0   0   0
  34000 1939000|  1   1  99   0   0   0
2528B 1570B|  0   0 100   0   0   0
1431B 1492B|  0   0 100   0   0   0
1529B 1092B|  0   0  97   3   0   0
1065B 2096B|  1   0  99   0   0   0
2029B  113000|  0   0  99   0   0   0
2650B  326000|  1   0  99   0   0   0
4744B  522000|  0   0  99   0   0   0
8099B 1239000|  0   0 100   0   0   0
  14000 2479000|  1   1  98   1   0   0
  23000 4619000|  0   1  99   0   0   0
  39000 8205000|  1   0  99   0   0   0
  74000   15000000|  0   1  99   0   0   0
 139000   27000000|  1   1  98   0   0   0
 247000   39000000|  1   1  98   0   0   0
 180000 7276000|  0   0  98   1   0   0
4464B   74000|  1   1  98   0   0   0
1909B  154000|  0   0 100   0   0   0
7106B  251000|  0   0 100   0   0   0
5027B  632000|  0   0 100   0   0   0
4832B  867000|  0   0 100   0   0   0
  10000 2068000|  1   0  98   1   0   0
  17000 3802000|  1   1  99   0   0   0
  27000 5547000|  0   1  99   0   0   0
  61000   12000000|  0   1  99   0   0   0
  91000   19000000|  1   1  99   0   0   0
 203000   15000000|  1   1  99   0   0   0
  51000 6754000|  1   1  98   1   0   0
  39000 7805000|  1   1  99   0   0   0
  38000 7461000|  1   0  99   0   0   0
  43000 8445000|  1   1  99   0   0   0
  39000 7775000|  1   0  99   0   0   0
  42000 8405000|  1   0  99   0   0   0
  42000 7872000|  1   1  98   1   0   0
  42000 8339000|  0   0  99   0   0   0
  42000 7938000|  1   1  99   0   0   0
  44000 8539000|  0   1  99   0   0   0
  43000 8339000|  1   1  99   0   0   0
  50000 8605000|  1   1  99   0   0   0
  43000 8672000|  1   0  98   1   0   0
  47000 8739000|  1   1  99   0   0   0
  55000 9673000|  1   0  99   0   0   0
  47000 9339000|  0   1  99   0   0   0
  55000   11000000|  1   0  99   0   0   0
  60000   11000000|  1   1  99   0   0   0
  64000   12000000|  1   1  98   1   0   0
  69000   13000000|  1   1  99   0   0   0
  74000   15000000|  1   1  99   0   0   0
  78000   16000000|  1   1  99   0   0   0
  97000   18000000|  1   1  99   0   0   0
 107000   20000000|  1   1  98   0   0   0
 126000   17000000|  1   1  98   1   0   0
  73000   14000000|  0   1  99   0   0   0
  87000   18000000|  1   1  98   0   0   0
  99000   20000000|  1   1  98   0   0   0
  95000   20000000|  1   1  99   0   0   0
 106000   22000000| 22   1  76   0   0   1
 104000   21000000| 23   1  75   1   0   1
 110000   20000000|  0   1  99   0   0   0
9807B 2817B|  1   1  99   0   0   0
2236B  716B|  0   0 100   0   0   0
2915B 1626B|  0   0 100   0   0   0
1402B 2772B|  0   0 100   0   0   0
1376B   34000|  1   1  97   3   0   0
2391B  163000|  0   0 100   0   0   0
3726B  470000|  0   0  99   0   0   0
4770B  685000|  0   0 100   0   0   0
  11000 1696000|  0   0  99   0   0   0
  16000 2935000|  0   0 100   0   0   0
  27000 3405000|  1   1  98   1   0   0
  18000 3224000|  0   1  99   0   0   0
  24000 3914000|  0   1  99   0   0   0
  22000 3869000|  0   0  99   0   0   0
  23000 4136000|  1   1  99   0   0   0
  25000 4136000|  0   0  99   0   0   0
  22000 4069000|  0   1  99   1   0   0
  23000 4203000|  0   1  99   0   0   0
  21000 4003000|  0   1  99   0   0   0
  21000 4136000|  0   1  99   0   0   0
  24000 4203000|  1   1  99   0   0   0
  24000 4470000|  1   0  99   0   0   0
  24000 4536000|  0   1  98   2   0   0
  30000 4870000|  0   1  99   0   0   0
  28000 5137000|  1   1  99   0   0   0
  34000 5870000|  1   0  99   0   0   0
  32000 6337000|  0   0  99   0   0   0
  37000 7471000|  1   1  99   0   0   0
  43000 8272000|  1   1  98   1   0   0
  48000 9740000|  0   1  99   0   0   0
  54000   11000000|  0   1  99   0   0   0
  61000   13000000|  1   1  99   0   0   0
  74000   15000000|  1   1  99   0   0   0
  84000   17000000|  1   1  99   0   0   0
  97000   20000000|  1   1  98   1   0   0
 114000   20000000|  1   1  99   0   0   0
  92000   16000000|  1   1  98   0   0   0
  87000   17000000|  1   0  99   0   0   0
  94000   19000000|  1   1  98   0   0   0
  95000   19000000|  1   1  99   0   0   0
 102000   20000000|  1   1  98   1   0   0
  96000   21000000|  1   1  98   0   0   0
 109000   21000000|  1   1  99   0   0   0
 103000   21000000|  1   1  98   0   0   0
  96000   22000000|  1   1  99   0   0   0
 113000   22000000|  1   1  98   0   0   0
 107000   22000000|  1   1  97   1   0   0
  99000   21000000|  0   1  99   0   0   0
 109000   22000000|  1   1  99   0   0   0
 112000   21000000|  1   1  98   0   0   0
 106000   22000000|  1   1  98   0   0   0
 109000   22000000| 19   1  80   0   0   0
 112000   22000000| 24   1  74   1   0   1
  96000   14000000|  1   2  98   0   0   0
2253B 2637B|  0   0 100   0   0   0
1794B 1060B|  0   0 100   0   0   0
5663B 1696B|  0   0 100   0   0   0
1454B 2264B|  0   0 100   0   0   0
1280B   48000|  0   1  97   2   0   0
1108B  153000|  0   0 100   0   0   0
2844B  369000|  0   0 100   0   0   0
4252B  652000|  0   0 100   0   0   0
9692B 1663000|  0   0 100   0   0   0
  15000 2740000|  1   0  99   0   0   0
  26000 3702000|  0   1  99   1   0   0
  19000 3402000|  0   0  99   0   0   0
  22000 4062000|  0   1  99   0   0   0
  21000 3921000|  0   1  99   0   0   0
  27000 4492000|  0   0  99   0   0   0
  26000 3353000|  0   0  99   0   0   0
  19000 3390000|  0   1  98   1   0   0
  19000 3402000|  0   0  99   0   0   0
  21000 3669000|  0   0  99   0   0   0
  26000 3393000|  0   0  99   0   0   0
  18000 2714000|  0   0 100   0   0   0
  18000 2990000|  0   1  99   0   0   0
  19000 3002000|  0   1  99   1   0   0
  18000 3002000|  0   0  99   0   0   0
  18000 3002000|  0   0  99   0   0   0
  17000 3069000|  0   0  99   0   0   0
  17000 3002000|  0   1  99   0   0   0
  18000 3002000|  0   1  99   0   0   0
  19000 3269000|  0   1  98   1   0   0
  20000 3402000|  0   0  99   0   0   0
  20000 3469000|  0   0  99   0   0   0
  22000 3936000|  0   1  99   0   0   0
  24000 4203000|  0   1  99   0   0   0
  26000 4936000|  0   0  99   0   0   0
  31000 5537000|  0   1  98   1   0   0
  36000 6537000|  0   1  99   0   0   0
  40000 7738000|  0   1  99   0   0   0
  44000 8872000|  1   0  99   0   0   0
  52000   10000000|  0   1  99   0   0   0
  60000   12000000|  1   1  99   0   0   0
  73000   15000000|  0   2  98   1   0   0
  79000   16000000|  1   1  99   0   0   0
 102000   20000000|  1   1  98   0   0   0
 102000   21000000|  1   1  98   0   0   0
 122000   26000000|  1   1  98   0   0   0
 149000   29000000|  1   0  99   0   0   0
 176000   34000000|  1   1  97   1   0   0
 200000   37000000|  1   1  98   0   0   0
 210000   37000000|  1   1  98   0   0   0
 176000   20000000|  1   1  99   0   0   0
  92000   19000000|  1   1  99   0   0   0
  97000   20000000|  1   1  98   0   0   0
 103000   21000000|  1   1  98   1   0   0
  98000   21000000|  1   1  99   0   0   0
 102000   21000000|  4   1  95   0   0   0
 114000   21000000| 25   1  75   0   0   0
 109000   22000000| 21   1  77   0   0   0
 112000   19000000|  0   0  99   0   0   0
7391B 1670B|  0   0  97   2   0   0
 192B    0|  0   0 100   0   0   0
 516B    0|  0   0 100   0   0   0
