   0     0|  1   1  95   4   0   0
 378000 7794B|  3   2  47  47   0   0
 337000 8234B|  3   2  43  52   0   0
 226000 9764B|  3   2  43  51   0   0
 496000   11000|  3   2  31  64   0   0
 607000 7226B|  4   3  23  70   0   0
 486000  299000|  5   2  38  55   0   0
1004000  547000|  4   2  47  46   0   0
1408000 1273000|  3   3  47  47   0   0
 763000 1873000|  5   3  42  50   0   0
1680000 3806000|  4   3  30  62   0   0
2499000 5232000|  4   3  46  47   0   0
4973000   10000000|  4   3  46  47   0   0
5848000   14000000|  5   3  47  46   0   0
7624000   19000000|  5   2  46  46   0   0
9222000   17000000|  5   3  46  46   0   0
4252000   18000000|  4   3  42  51   0   0
3513000   17000000|  4   2  43  50   0   0
 380000   18000000|  5   4  31  61   0   0
 309000   18000000|  5   3  32  60   0   0
 126000   18000000| 11   9  31  49   0   0
1636000   19000000|  5   4  37  54   0   0
5780000   16000000|  4   5  44  47   0   0
4918000   17000000|  4   4  46  45   0   0
9408000   14000000|  4   3  46  46   0   0
2261000   16000000|  5   4  36  55   0   0
1241000   15000000|  4   3  40  53   0   0
 101000   16000000|  5   4  34  57   0   0
1159000   15000000|  6   6  32  56   0   0
1694000   17000000|  5   5  35  55   0   0
3730000   16000000|  4   3  31  62   0   0
 119000   16000000|  5   3  46  46   0   0
 253000   13000000|  4   3  46  47   0   0
 529000   15000000|  6   3  51  40   0   0
1011000   16000000|  4   3  46  46   0   0
 522000   16000000|  5   6  49  40   0   0
 222000   17000000|  5   3  53  39   0   0
2087000   16000000|  4   4  46  46   0   0
1111000   18000000|  5   5  32  58   0   0
 547000   17000000|  5   5  28  62   0   0
 456000   18000000|  7   4  39  50   0   0
 282000   17000000|  5   4  38  53   0   0
1702000   18000000|  3   3  30  64   0   0
 621000   17000000|  4   3  42  51   0   0
1790000   18000000|  5   3  35  57   0   0
 756000   18000000|  5   3  33  59   0   0
1904000   17000000|  5   2  46  46   0   0
 136000   17000000|  3   4  42  50   0   0
 317000   18000000|  4   4  27  65   0   0
 773000   20000000|  3   4  24  69   0   0
1766000   17000000|  3   3  26  68   0   0
1287000   17000000|  5   3  46  46   0   0
  97000   16000000|  4   5  45  46   0   0
 655000   18000000|  5   3  46  46   0   0
1676000   18000000|  4   3  46  48   0   0
2971000   19000000|  5   3  46  46   0   0
1767000   19000000|  5   4  29  63   0   0
1457000   19000000|  5   4  23  69   0   0
2428000   18000000|  5   4  38  53   0   0
2048000   16000000|  5   3  42  50   0   0
 871000   18000000|  5   3  26  66   0   0
2298000   14000000|  5   4  55  35   0   0
1386000   14000000|  4   4  59  33   0   0
 190000   14000000|  5   3  51  41   0   0
 966000   16000000|  4   3  59  35   0   0
 478000   16000000| 22   4  27  47   0   0
1593000   17000000| 31   4  30  34   0   1
1594000   16000000| 31   3  14  52   0   1
1415000   17000000| 31   3  18  47   0   1
1654000   16000000| 32   4  15  48   0   1
 610000   17000000|  7   4  32  57   0   0
3591000 7806000|  5   3  46  45   0   1
 728000 7697000|  3   2  47  48   0   0
 144000 8138000|  3   3  44  51   0   0
 233000 7806000|  4   3  26  67   0   0
 319000 8767000|  4   3  34  59   0   0
 591000 8381000|  4   3  29  64   0   0
 931000 9730000|  4   3  28  66   0   0
  71000 9878000|  7  10  34  48   0   0
  58000   11000000|  4   3  26  67   0   0
 604000   12000000| 13   4  39  43   0   0
2027000   13000000| 31   2  45  22   0   0
4715000   15000000| 30   3  45  21   0   1
8273000   13000000|  9   3  46  41   0   0
4861000   93000|  7   3  41  49   0   0
  19000   93000|  3   3  55  39   0   0
  20000   67000|  3   3  51  43   0   0
 699000   13000|  5   5  60  30   0   0
 254000   11000|  6   3  58  33   0   0
 524000   99000|  4   3  49  44   0   0
1180000  427000|  5   3  36  56   0   0
 317000  668000|  4   4  31  61   0   0
 899000 1261000|  4   2  41  53   0   0
2405000 2192000|  4   3  45  48   0   0
  40000 4195000|  4   3  66  28   0   0
 419000 5826000|  4   3  54  40   0   0
 412000   11000000|  5   4  46  45   0   0
 238000   14000000|  4   3  47  46   0   0
 933000   21000000|  5   2  47  46   0   0
1003000   19000000|  4   3  46  46   0   0
 920000   22000000|  4   3  46  46   0   0
1506000   21000000|  5   4  45  45   0   0
1535000   19000000|  4   2  50  43   0   0
 774000   18000000|  4   3  47  46   0   0
 209000   20000000|  5   3  46  46   0   0
6564000   18000000|  5   3  46  46   0   0
7204000   17000000|  5   3  47  46   0   0
3656000   17000000|  5   6  55  35   0   0
 100000   17000000|  4   3  54  39   0   0
 102000   19000000|  6   3  46  46   0   0
 105000   16000000|  6   4  45  45   0   0
 171000   17000000|  5   3  46  46   0   0
  92000   16000000|  3   3  47  47   0   0
 178000   18000000|  5   3  46  46   0   0
  97000   14000000|  5   3  46  46   0   0
 167000   16000000|  5   3  46  46   0   0
  86000   16000000|  5   2  46  47   0   0
  83000   18000000|  4   2  47  47   0   0
 126000   17000000|  4   3  66  28   0   0
 205000   18000000|  4   3  50  43   0   0
  96000   18000000|  3   2  64  31   0   0
  82000   18000000|  5   3  69  23   0   0
  84000   16000000|  3   2  71  24   0   0
  72000   15000000|  5   3  65  27   0   0
  92000   17000000|  5   2  69  24   0   0
  98000   16000000|  4   3  70  24   0   0
 107000   18000000|  4   2  68  25   0   0
 194000   18000000|  3   3  70  24   0   0
 362000   20000000|  3   3  71  23   0   0
 691000   20000000|  4   3  70  23   0   0
 279000   21000000|  6   2  69  23   0   0
 413000   22000000|  4   3  69  23   0   0
2172000   24000000|  4   3  68  25   0   0
1768000   25000000|  6   3  68  23   0   0
 567000   28000000|  5   3  69  23   0   0
2559000   30000000|  5   3  69  23   0   0
2386000   33000000|  4   3  70  23   0   0
 406000   36000000|  4   4  69  23   0   0
 173000   31000000|  4   3  69  24   0   0
 144000   34000000|  9  10  68  13   0   0
 848000   29000000|  6   8  66  19   0   0
5655000   23000000|  4   4  69  23   0   0
8839000   23000000|  4   3  69  23   0   0
5383000   24000000|  5   4  73  18   0   0
 802000   24000000| 19   5  55  21   0   1
 114000   26000000| 32   4  44  20   0   0
 108000   25000000| 30   3  44  22   0   1
 117000   26000000| 38   4  39  18   0   0
   0     0| 30   4  45  20   0   1
 560000   30000000|  5   3  69  24   0   0
1112000   16000|  4   4  69  24   0   0
 436000 7276B|  4   3  75  19   0   0
  36000   14000|  2   2  71  24   0   0
 844000   23000|  3   3  70  24   0   0
2056000   33000|  2   2  72  24   0   0
8040B  278000|  4   4  69  23   0   0
  12000  392000|  3   3  71  23   0   0
 358000  923000|  3   3  70  23   0   0
  14000 1520000|  4   3  56  38   0   0
  21000 3032000|  4   3  47  47   0   0
 458000 4690000|  3   2  68  27   0   0
1111000 8824000|  3   2  72  23   0   0
 838000   12000000|  3   3  70  24   0   0
 526000   22000000|  4   3  70  23   0   0
 642000   30000000|  5   5  68  23   0   0
 918000   37000000|  4   3  71  23   0   0
 927000   47000000|  3   5  69  23   0   0
 357000   32000000|  4   3  70  23   0   0
 165000   31000000|  4   3  69  24   0   0
1933000   32000000|  4   4  69  23   0   0
6224000   33000000|  5   4  69  23   0   0
1352000   33000000|  3   3  70  24   0   0
 366000   35000000|  4   4  68  24   0   0
 711000   33000000|  5   3  68  23   0   0
2119000   36000000|  5   3  68  25   0   0
2207000   27000000|  4   3  73  19   0   0
1422000   27000000|  5   4  68  23   0   0
2382000   22000000|  5   3  69  23   0   0
 111000   23000000|  5   4  68  23   0   0
  93000   22000000|  3   3  70  24   0   0
 100000   24000000|  5   3  68  24   0   0
 117000   21000000|  5   3  69  22   0   0
  90000   20000000|  5   3  69  23   0   0
  97000   21000000|  4   2  70  24   0   0
  94000   21000000|  3   3  70  23   0   0
 101000   23000000|  4   3  70  23   0   0
  99000   21000000|  3   2  70  24   0   0
  99000   20000000|  4   3  70  23   0   0
  79000   18000000|  4   2  70  23   0   0
  89000   20000000|  4   2  70  23   0   0
  84000   19000000|  4   3  84  10   0   0
  91000   21000000| 31   3  66   0   0   0
  86000   18000000| 30   2  66   1   0   0
  80000   19000000| 30   2  68   0   0   0
  84000   19000000|  6   3  90   0   0   0
  78000   16000000|  5   2  93   0   0   0
  40000 8606000|  3   2  95   0   0   0
  44000 9473000|  3   3  94   0   0   0
  42000 9273000|  4   3  91   2   0   0
  41000 9228000|  3   2  95   0   0   0
  44000 9717000|  4   3  93   0   0   0
  45000 9473000|  2   3  95   0   0   0
  46000 9808000|  4   3  93   0   0   0
  47000 9271000|  2   2  96   0   0   0
  48000 9940000|  2   3  94   1   0   0
  44000 9277000|  3   2  88   7   0   0
  45000   10000000|  3   3  71  24   0   0
  47000 9703000|  3   3  75  19   0   0
  52000   10000000|  2   3  95   0   0   0
  51000   10000000|  3   3  95   0   0   0
  51000   11000000|  4   2  93   1   0   0
  56000   12000000|  3   2  95   0   0   0
  61000   13000000|  4   2  95   0   0   0
  64000   14000000|  3   2  94   0   0   0
  71000   16000000|  9   2  89   0   0   0
  74000   18000000| 30   2  68   0   0   0
  83000   19000000| 28   2  68   1   0   0
  66000   11000000|  4   4  92   0   0   0
3370B 3304B|  2   2  96   0   0   0
3020B 1692B|  2   2  96   0   0   0
1884B 3252B|  2   3  95   0   0   0
1943B 4528B|  2   3  96   0   0   0
1788B   67000|  4   2  92   2   0   0
3085B  363000|  4   2  95   0   0   0
3455B  578000|  3   2  95   0   0   0
6781B 1174000|  3   3  94   0   0   0
8796B 1794000|  2   2  96   0   0   0
  16000 3751000|  3   2  95   0   0   0
  22000 5196000|  3   2  94   1   0   0
  39000 9977000|  4   3  94   0   0   0
  47000   13000000|  3   3  94   0   0   0
  85000   24000000|  3   3  94   0   0   0
 120000   31000000|  5   3  92   0   0   0
 175000   44000000|  4   3  93   0   0   0
 192000   43000000|  4   3  92   1   0   0
 183000   28000000|  4   3  93   0   0   0
 112000   27000000|  5   2  93   0   0   0
 126000   30000000|  5   3  92   0   0   0
 123000   30000000|  3   4  93   0   0   0
 129000   31000000|  3   3  94   0   0   0
 137000   32000000|  4   3  92   1   0   0
 129000   30000000|  3   3  94   0   0   0
 136000   33000000|  4   3  93   0   0   0
 122000   30000000|  4   3  93   0   0   0
 135000   34000000|  3   3  93   0   0   0
 127000   30000000|  3   3  94   0   0   0
 141000   34000000|  3   3  93   1   0   0
 128000   31000000|  5   2  93   0   0   0
 144000   34000000|  3   3  94   0   0   0
 133000   32000000|  4   3  93   0   0   0
 145000   35000000|  5   2  93   0   0   0
 144000   34000000| 18   3  78   0   0   1
 149000   36000000| 18   4  77   1   0   0
  91000   16000000|  3   2  94   0   0   0
  54000   13000000|  3   2  95   0   0   0
  55000   13000000|  2   3  95   0   0   0
  72000   16000000|  3   3  94   0   0   0
  74000   17000000|  3   2  95   0   0   0
  80000   20000000|  3   2  92   3   0   0
 101000   20000000|  3   3  95   0   0   0
  80000   16000000|  2   3  95   0   0   0
  79000   19000000|  3   3  94   0   0   0
  77000   18000000|  4   2  94   0   0   0
  89000   21000000|  3   3  94   0   0   0
  86000   20000000|  3   4  92   1   0   0
  94000   22000000|  4   3  93   0   0   0
  87000   21000000|  3   2  94   0   0   0
  96000   23000000|  3   3  95   0   0   0
  92000   22000000|  3   2  95   0   0   0
  98000   23000000|  2   2  96   0   0   0
  95000   23000000| 20   3  76   1   0   1
  98000   22000000| 27   2  70   0   0   1
  67000   11000000|  4   3  93   0   0   0
3964B 3304B|  1   3  96   0   0   0
2696B 1692B|  2   2  96   0   0   0
2508B 3584B|  3   2  96   0   0   0
1357B 4196B|  3   1  94   3   0   0
2597B   69000|  2   3  95   0   0   0
2590B  288000|  1   3  96   0   0   0
3824B  717000|  3   3  95   0   0   0
4450B  935000|  1   2  97   0   0   0
9990B 1967000|  3   2  95   0   0   0
  13000 2935000|  3   3  94   1   0   0
  23000 5721000|  3   2  95   0   0   0
  30000 7765000|  3   2  94   0   0   0
  56000   14000000|  4   2  94   0   0   0
  64000   15000000|  4   2  94   0   0   0
  99000   24000000|  4   3  94   0   0   0
 119000   31000000|  3   3  93   1   0   0
 183000   34000000|  4   3  93   0   0   0
 125000   30000000|  4   3  93   0   0   0
 134000   33000000|  4   3  93   0   0   0
 143000   35000000|  3   3  94   0   0   0
 145000   28000000|  4   2  94   0   0   0
 116000   29000000|  4   3  92   1   0   0
 122000   28000000|  3   3  94   0   0   0
 140000   31000000|  3   4  93   0   0   0
 128000   28000000|  3   3  94   0   0   0
 143000   32000000|  3   3  94   0   0   0
 126000   29000000|  4   3  93   0   0   0
 139000   33000000|  4   3  92   1   0   0
 124000   29000000|  2   4  94   0   0   0
 142000   33000000|  4   2  93   0   0   0
 142000   29000000|  4   3  93   0   0   0
 122000   24000000|  5   2  93   0   0   0
 121000   23000000|  3   3  94   0   0   0
  90000   21000000|  4   3  92   1   0   0
 101000   21000000|  3   2  95   0   0   0
  88000   20000000|  3   2  95   0   0   0
  98000   22000000| 28   3  69   0   0   0
 102000   18000000| 29   3  68   0   0   0
  81000   18000000| 26   2  71   0   0   0
  78000   18000000|  2   3  94   1   0   0
  63000   11000000|  4   2  94   0   0   0
  33000 6204000|  3   3  94   0   0   0
  33000 6275000|  2   2  96   0   0   0
  32000 6266000|  3   3  95   0   0   0
  32000 6337000|  3   2  95   0   0   0
  30000 6271000|  2   2  93   3   0   0
  33000 6671000|  2   1  97   0   0   0
  32000 6738000|  3   2  95   0   0   0
  38000 7059000|  2   3  95   0   0   0
  34000 5558000|  3   2  95   0   0   0
  29000 6071000|  3   2  95   0   0   0
  33000 6604000|  3   2  94   1   0   0
  33000 6938000|  3   2  96   0   0   0
  34000 7071000|  3   1  96   0   0   0
  36000 7405000|  4   2  94   0   0   0
  43000 7405000|  3   2  95   0   0   0
  36000 7405000|  2   3  95   0   0   0
  35000 7338000|  3   2  94   1   0   0
  35000 7471000|  2   3  95   0   0   0
  34000 7443000|  3   2  96   0   0   0
  34000 7366000|  2   2  96   0   0   0
  34000 7538000|  2   3  96   0   0   0
  41000 7805000|  2   2  95   0   0   0
  40000 7483000|  3   1  96   1   0   0
  36000 6099000|  2   3  95   0   0   0
  31000 6671000|  2   2  96   0   0   0
  35000 7138000|  2   3  95   0   0   0
  35000 7605000|  1   2  96   0   0   0
  37000 7672000|  2   2  96   0   0   0
  36000 7938000|  3   2  94   1   0   0
  42000 8138000|  3   2  96   0   0   0
  41000 8138000|  3   2  95   0   0   0
  42000 8272000|  2   2  96   0   0   0
  43000 8005000|  3   2  96   0   0   0
  45000 8205000|  3   2  96   0   0   0
  42000 8072000|  3   2  94   1   0   0
  38000 8272000|  4   2  95   0   0   0
  38000 8272000|  3   2  96   0   0   0
  42000 8739000|  3   3  95   0   0   0
  43000 8872000|  3   2  95   0   0   0
  46000 9539000|  2   2  96   0   0   0
  46000   10000000|  3   2  94   1   0   0
  52000   11000000|  2   3  95   0   0   0
  54000   12000000| 18   2  80   0   0   0
  57000   13000000| 28   1  70   0   0   0
  64000   14000000| 28   1  71   0   0   0
  70000   15000000| 13   3  84   0   0   1
  14000 3904B|  4   3  91   2   0   0
3080B 1572B|  2   1  97   0   0   0
2460B 3252B|  2   2  96   0   0   0
1632B 1648B|  1   2  97   0   0   0
 996B 3896B|  2   3  95   0   0   0
2272B  150000|  2   2  96   0   0   0
3348B  486000|  2   2  94   2   0   0
4892B  796000|  2   2  96   0   0   0
9280B 1761000|  3   2  96   0   0   0
  12000 2805000|  2   3  95   0   0   0
  22000 4931000|  3   3  94   0   0   0
  33000 8001000|  3   2  95   0   0   0
  50000   13000000|  3   2  94   1   0   0
  80000   18000000|  3   2  95   0   0   0
  91000   23000000|  3   2  95   0   0   0
 115000   24000000|  3   3  95   0   0   0
  98000   24000000|  5   2  94   0   0   0
 113000   22000000|  3   2  95   0   0   0
  80000   18000000|  3   2  94   1   0   0
  88000   21000000|  3   2  95   0   0   0
  86000   16000000|  3   3  93   0   0   0
  80000   18000000|  3   3  94   0   0   0
  75000   17000000|  3   3  95   0   0   0
  84000   19000000|  4   3  94   0   0   0
  78000   18000000|  3   3  94   1   0   0
  90000   14000000|  3   2  95   0   0   0
  64000   14000000|  4   3  93   0   0   0
  73000   16000000|  3   2  94   0   0   0
  73000   16000000|  4   3  94   0   0   0
  75000   16000000|  4   3  94   0   0   0
  74000   14000000|  3   2  95   1   0   0
  67000   15000000|  3   3  94   0   0   0
  74000   16000000|  3   3  94   0   0   0
  73000   15000000|  3   3  94   0   0   0
  72000   16000000|  4   3  93   0   0   0
  70000   15000000|  3   2  95   0   0   0
  77000   16000000|  4   3  92   1   0   0
  74000   16000000|  4   3  94   0   0   0
  76000   16000000|  4   3  94   0   0   0
  81000   16000000|  2   3  95   0   0   0
  85000   17000000|  3   2  95   0   0   0
  80000   17000000|  4   2  94   0   0   0
  82000   18000000|  4   2  93   1   0   0
  88000   19000000|  3   3  95   0   0   0
  91000   20000000|  3   2  95   0   0   0
  95000   22000000|  3   3  94   0   0   0
 100000   23000000|  3   2  95   0   0   0
 113000   26000000|  3   3  94   0   0   0
 121000   29000000|  3   2  94   1   0   0
 138000   33000000|  3   4  94   0   0   0
 150000   36000000|  3   3  94   0   0   0
 165000   41000000|  4   3  93   0   0   0
 180000   45000000|  4   2  94   0   0   0
 205000   46000000|  3   3  94   0   0   0
 200000   49000000| 15   3  81   1   0   0
 228000   53000000| 13   3  83   0   0   1
  93000   12000000|  3   2  95   0   0   0
  57000   13000000|  2   2  96   0   0   0
  57000   13000000|  2   2  96   0   0   0
  63000   13000000|  3   2  95   0   0   0
  60000   10000000|  2   2  93   2   0   0
  46000   10000000|  2   2  96   0   0   0
  51000   11000000| 28   2  70   0   0   0
  49000   11000000| 28   1  71   0   0   0
  52000   12000000| 27   1  72   0   0   0
  52000   11000000| 25   2  73   0   0   1
  61000   10000000|  3   2  95   1   0   0
6898B 4134B|  3   3  94   0   0   0
3699B 1432B|  1   1  98   0   0   0
2080B 3252B|  2   2  96   0   0   0
2102B 1648B|  1   2  97   0   0   0
 936B 3896B|  1   3  97   0   0   0
2642B  212000|  3   2  92   3   0   0
3146B  405000|  2   2  96   0   0   0
4590B  848000|  2   2  96   0   0   0
7092B  935000|  3   2  95   0   0   0
5250B  643000|  2   1  97   0   0   0
5046B  777000|  3   2  95   0   0   0
7714B 1084000|  3   2  94   1   0   0
7900B 1069000|  1   2  97   0   0   0
7128B 1207000|  2   2  97   0   0   0
9016B 1319000|  2   2  97   0   0   0
  10000 1485000|  2   2  96   0   0   0
  11000 1816000|  1   1  98   0   0   0
  13000 2173000|  2   1  96   1   0   0
  16000 2633000|  3   3  95   0   0   0
  16000 3295000|  2   3  96   0   0   0
  20000 4404000|  3   2  95   0   0   0
  26000 5670000|  2   3  96   0   0   0
  33000 7138000|  2   3  95   0   0   0
  43000 8343000|  2   2  96   1   0   0
  36000 7903000|  2   2  96   0   0   0
  48000   10000000|  3   2  95   0   0   0
  57000   12000000|  2   3  95   0   0   0
  69000   13000000|  3   2  95   0   0   0
  55000   12000000|  2   3  95   0   0   0
  57000   13000000|  3   3  94   1   0   0
  61000   14000000|  2   3  95   0   0   0
  62000   14000000|  3   2  95   0   0   0
  65000   15000000|  3   2  95   0   0   0
  62000   14000000|  3   2  95   0   0   0
  64000   15000000|  2   3  95   0   0   0
  69000   15000000|  3   3  94   1   0   0
  72000   15000000|  2   3  95   0   0   0
  70000   15000000|  2   3  96   0   0   0
  71000   16000000|  3   3  94   0   0   0
  71000   16000000|  4   3  93   0   0   0
  73000   16000000|  2   3  95   0   0   0
  75000   17000000|  3   3  93   1   0   0
  80000   18000000|  3   2  95   0   0   0
  86000   19000000|  3   3  95   0   0   0
  84000   16000000|  2   2  95   0   0   0
  77000   18000000|  3   2  95   0   0   0
  85000   19000000|  4   3  94   0   0   0
  91000   21000000|  2   2  96   1   0   0
  96000   22000000|  3   2  94   0   0   0
 106000   25000000|  3   4  94   0   0   0
 110000   26000000|  4   2  95   0   0   0
 123000   25000000|  3   3  94   0   0   0
 102000   23000000|  3   3  95   0   0   0
 110000   23000000|  3   3  93   1   0   0
 100000   21000000|  3   2  95   0   0   0
  93000   21000000|  3   2  95   0   0   0
 100000   20000000|  3   2  95   0   0   0
  86000   18000000|  3   2  95   0   0   0
  85000   19000000|  3   2  95   0   0   0
  90000   17000000|  3   2  95   1   0   0
  72000   16000000|  4   1  95   0   0   0
  77000   17000000|  3   2  95   0   0   0
  87000   19000000|  2   2  96   0   0   0
  84000   15000000|  3   2  95   0   0   0
  76000   17000000|  3   2  95   0   0   0
  76000   17000000|  3   2  94   1   0   0
  79000   18000000|  4   2  94   0   0   0
  77000   18000000|  3   3  95   0   0   0
  80000   18000000|  3   3  94   0   0   0
  84000   18000000|  2   2  96   0   0   0
  86000   18000000| 10   3  87   0   0   0
  84000   18000000| 29   2  67   1   0   1
  82000   18000000| 27   3  69   0   0   1
  87000   19000000| 28   3  69   0   0   0
  81000   18000000| 28   2  70   0   0   1
  84000   19000000| 14   2  84   0   0   0
  76000   15000000|  3   2  95   0   0   0
  48000   11000000|  2   2  93   3   0   0
  48000   11000000|  2   2  97   0   0   0
  52000   12000000|  3   2  95   0   0   0
  54000   12000000|  2   2  97   0   0   0
  61000 9255000|  2   2  96   0   0   0
  34000 7872000|  2   3  95   0   0   0
  48000   11000000|  2   2  95   1   0   0
  53000   12000000|  1   2  97   0   0   0
  55000   12000000|  1   2  97   0   0   0
  62000 8929000|  1   2  97   0   0   0
  32000 7674000| 25   2  73   0   0   0
  43000   10000000| 28   1  70   0   0   0
  45000   10000000| 27   2  70   1   0   1
  51000   11000000| 28   1  71   0   0   0
  46000   10000000| 21   2  77   0   0   0
  35000 5714000|  2   4  95   0   0   0
3294B 3304B|  1   2  97   0   0   0
3108B 1692B|  1   2  97   0   0   0
2677B 3252B|  1   2  95   2   0   0
6457B 4528B|  1   2  97   0   0   0
1629B   66000|  2   3  96   0   0   0
2782B  258000|  2   2  96   0   0   0
5069B  606000|  2   3  96   0   0   0
6780B 1122000|  1   1  97   0   0   0
9569B 1826000|  2   1  96   1   0   0
  17000 3522000|  2   2  96   0   0   0
  24000 5509000|  2   3  95   0   0   0
  37000 9756000|  2   3  95   0   0   0
  57000   13000000|  2   2  96   0   0   0
  73000   16000000|  2   3  95   0   0   0
  79000   19000000|  3   2  95   1   0   0
 104000   27000000|  3   3  95   0   0   0
 112000   22000000|  3   2  94   0   0   0
 108000   17000000|  3   2  96   0   0   0
  67000   16000000|  3   2  95   0   0   0
  76000   17000000|  2   3  95   0   0   0
  73000   17000000|  2   3  94   1   0   0
  72000   17000000|  2   2  96   0   0   0
  77000   18000000|  3   2  95   0   0   0
  72000   17000000|  2   2  96   0   0   0
  80000   19000000|  3   4  94   0   0   0
  74000   17000000|  2   2  96   0   0   0
  84000   19000000|  3   3  94   1   0   0
  82000   16000000|  3   3  94   0   0   0
  76000   17000000|  3   2  96   0   0   0
  69000   16000000|  3   2  95   0   0   0
  80000   19000000|  3   2  96   0   0   0
  83000   19000000|  3   2  95   0   0   0
  91000   21000000|  3   2  94   1   0   0
  95000   22000000|  2   2  95   0   0   0
  98000   24000000|  3   2  95   0   0   0
 105000   26000000|  2   3  95   0   0   0
 121000   24000000|  3   1  96   0   0   0
 105000   24000000|  3   3  94   0   0   0
 101000   23000000|  3   2  95   1   0   0
 115000   26000000|  3   3  95   0   0   0
 104000   24000000|  2   2  96   0   0   0
 113000   27000000|  3   2  95   0   0   0
 105000   25000000|  4   3  94   0   0   0
 118000   28000000|  2   3  95   0   0   0
 120000   22000000|  3   3  94   1   0   0
  95000   21000000|  3   3  95   0   0   0
  96000   22000000|  2   2  95   0   0   0
 104000   24000000|  3   2  95   0   0   0
 102000   24000000|  3   2  95   0   0   0
 103000   24000000|  2   2  96   0   0   0
 103000   25000000|  2   3  94   1   0   0
  98000   24000000|  3   2  95   0   0   0
 116000   24000000|  2   3  95   0   0   0
  95000   20000000|  3   2  96   0   0   0
  89000   21000000|  2   2  96   0   0   0
  85000   20000000|  3   2  95   0   0   0
  95000   21000000|  3   1  95   1   0   0
  87000   20000000|  3   2  96   0   0   0
  94000   22000000| 25   3  71   0   0   1
  92000   21000000| 27   2  70   0   0   0
  96000   22000000| 26   2  72   0   0   0
  82000   15000000| 10   3  87   0   0   1
  36000 7538000| 27   2  68   3   0   0
  36000 7471000| 27   1  72   0   0   0
  32000 7271000| 27   2  71   0   0   0
  34000 7805000| 28   1  71   0   0   0
  34000 7738000| 27   1  72   0   0   0
  37000 8472000| 20   2  78   0   0   0
  39000 8606000|  1   1  97   1   0   0
  24000 3583000|  2   3  95   0   0   0
3160B 3234B|  1   1  97   0   0   0
3276B 1692B|  1   2  97   0   0   0
2568B 3584B|  1   1  98   0   0   0
1948B 4196B|  1   2  97   0   0   0
1370B   64000|  2   2  94   2   0   0
2190B  240000|  2   2  96   0   0   0
3612B  566000|  2   2  97   0   0   0
7112B  749000|  1   2  97   0   0   0
8052B 1607000|  2   1  97   0   0   0
  11000 2333000|  2   2  96   0   0   0
  21000 4874000|  2   2  96   1   0   0
  31000 7799000|  2   3  95   0   0   0
  42000   10000000|  2   2  96   0   0   0
  55000   15000000|  1   2  97   0   0   0
  78000   21000000|  3   2  95   0   0   0
 129000   29000000|  2   2  96   0   0   0
 104000   24000000|  3   2  94   1   0   0
 117000   28000000|  3   2  96   0   0   0
 104000   27000000|  3   2  95   0   0   0
 124000   25000000|  2   3  95   0   0   0
  86000   21000000|  3   2  96   0   0   0
  99000   24000000|  3   2  95   0   0   0
  95000   23000000|  2   2  95   1   0   0
 108000   26000000|  3   2  95   0   0   0
 106000   23000000|  2   3  95   0   0   0
  95000   20000000|  3   2  95   0   0   0
  88000   21000000|  2   2  96   0   0   0
  87000   21000000|  3   2  95   0   0   0
  98000   24000000|  2   3  94   2   0   0
  94000   23000000|  3   3  94   0   0   0
 112000   27000000|  2   2  96   0   0   0
 106000   26000000|  3   3  94   0   0   0
 119000   30000000|  2   3  95   0   0   0
 119000   25000000|  2   2  96   0   0   0
 127000   27000000|  3   3  93   1   0   0
 117000   26000000|  2   4  95   0   0   0
 119000   25000000|  2   2  95   0   0   0
 103000   22000000|  4   2  94   0   0   0
  86000   21000000|  2   1  97   0   0   0
  92000   23000000|  3   2  95   0   0   0
  95000   23000000|  2   3  95   1   0   0
  96000   23000000|  7   2  91   0   0   0
  93000   23000000| 28   2  70   0   0   0
  97000   24000000| 28   2  70   0   0   1
  93000   23000000| 28   2  69   0   0   1
  96000   24000000| 11   2  87   0   0   0
  95000   21000000|  3   2  94   2   0   0
  54000   12000000|  2   2  96   0   0   0
  58000   10000000|  2   3  96   0   0   0
  39000 9273000|  2   1  97   0   0   0
  45000   10000000|  3   1  96   0   0   0
  46000   10000000|  2   2  97   0   0   0
  49000   11000000|  2   2  95   2   0   0
  50000   12000000|  2   2  96   0   0   0
  52000   11000000|  2   3  96   0   0   0
  49000   12000000|  2   1  97   0   0   0
  54000   12000000|  2   2  96   0   0   0
  54000   12000000|  2   2  97   0   0   0
  52000   12000000|  2   2  95   1   0   0
  53000   12000000|  2   2  96   0   0   0
  52000   12000000|  2   2  97   0   0   0
  52000   12000000|  3   2  96   0   0   0
  51000   12000000|  2   2  96   0   0   0
  53000   12000000|  2   2  97   0   0   0
  54000   12000000|  2   2  95   1   0   0
  56000   13000000|  3   2  96   0   0   0
  59000   13000000|  2   1  97   0   0   0
  61000   14000000| 15   2  82   0   0   0
  63000   15000000| 26   1  72   0   0   1
  64000   16000000| 27   1  71   0   0   1
  63000   12000000|  5   3  91   1   0   0
3608B 4048B|  2   2  97   0   0   0
3442B 2120B|  1   2  97   0   0   0
2763B 3124B|  2   1  97   0   0   0
1971B 4796B|  1   2  97   0   0   0
 618B    0|  1   1  98   0   0   0
2888B  161000|  2   2  95   2   0   0
3888B  520000|  2   2  97   0   0   0
5920B  915000|  1   1  97   0   0   0
  10000 1924000|  1   2  97   0   0   0
  17000 3587000|  1   2  97   0   0   0
  25000 5684000|  2   2  96   0   0   0
  42000 6911000|  2   2  94   1   0   0
  28000 6537000|  2   1  97   0   0   0
  33000 7471000|  2   2  96   0   0   0
  35000 7605000|  2   3  96   0   0   0
  34000 8138000|  2   2  96   0   0   0
  37000 8150000|  2   2  96   0   0   0
  45000 8012000|  1   2  96   1   0   0
  34000 7083000|  2   2  96   0   0   0
  36000 7726000|  2   3  96   0   0   0
  36000 7538000|  2   2  97   0   0   0
  40000 7938000|  2   3  95   0   0   0
  39000 7763000|  2   3  96   0   0   0
  41000 8113000|  2   2  95   1   0   0
  41000 8472000|  2   2  96   0   0   0
  42000 8605000|  2   2  96   0   0   0
  43000 9488000|  2   2  97   0   0   0
  45000 9940000|  2   2  96   0   0   0
  51000   11000000|  2   3  95   0   0   0
  56000   12000000|  1   2  96   1   0   0
  64000   14000000|  2   3  96   0   0   0
  69000   16000000|  1   3  96   0   0   0
  82000   19000000|  2   2  96   0   0   0
  93000   21000000|  2   2  96   0   0   0
 103000   25000000|  2   3  94   1   0   0
 122000   25000000|  2   3  95   0   0   0
 108000   26000000|  2   3  96   0   0   0
 125000   26000000|  2   2  95   0   0   0
 115000   26000000|  2   2  96   0   0   0
 129000   25000000|  2   2  96   0   0   0
 109000   16000000|  2   2  95   1   0   0
  72000   16000000|  2   2  97   0   0   0
  74000   17000000|  3   2  95   0   0   0
  78000   17000000|  2   2  97   0   0   0
  81000   16000000|  2   2  96   0   0   0
  68000   15000000|  2   1  97   0   0   0
  68000   15000000|  3   2  95   1   0   0
  70000   16000000|  2   2  96   0   0   0
  67000   14000000|  1   2  97   0   0   0
  70000   15000000|  2   2  96   0   0   0
  73000   15000000|  2   2  96   0   0   0
  69000   13000000|  3   3  94   0   0   0
  63000   14000000|  2   2  95   1   0   0
  68000   14000000|  2   2  96   0   0   0
  67000   14000000|  2   2  96   0   0   0
  67000   14000000|  2   3  95   0   0   0
  68000   15000000|  2   2  96   0   0   0
  63000   14000000|  2   2  97   0   0   0
  65000   15000000|  1   2  96   1   0   0
  67000   13000000|  2   2  96   0   0   0
  64000   13000000|  2   2  97   0   0   0
  65000   14000000|  2   2  96   0   0   0
  67000   14000000|  2   3  95   0   0   0
  69000   15000000|  2   2  97   0   0   0
  72000   16000000|  3   3  94   1   0   0
  76000   17000000|  2   2  96   0   0   0
  74000   17000000|  2   2  96   0   0   0
  82000   19000000|  1   3  96   0   0   0
  83000   19000000|  3   2  95   0   0   0
  90000   21000000|  2   2  96   0   0   0
  92000   22000000|  2   2  96   1   0   0
 105000   25000000|  2   3  96   0   0   0
 119000   25000000|  7   2  91   0   0   0
 104000   23000000| 28   2  70   0   0   0
  98000   23000000| 27   2  71   0   0   1
 109000   25000000| 22   3  75   0   0   0
  91000   17000000|  2   2  95   1   0   1
  44000 9952000|  1   1  98   0   0   0
  45000   10000000|  3   2  96   0   0   0
  52000   12000000|  2   2  97   0   0   0
  58000   13000000|  2   2  96   0   0   0
  62000   14000000|  9   2  89   0   0   0
  67000   16000000| 27   2  70   2   0   0
  74000   18000000| 26   2  72   0   0   0
  69000   13000000|  5   3  92   0   0   0
3284B 4048B|  1   1  97   0   0   0
3470B 2120B|  1   1  99   0   0   0
2012B 3392B|  1   2  97   0   0   0
1428B 4528B|  2   1  95   2   0   0
1388B   69000|  1   3  96   0   0   0
2308B  288000|  2   1  97   0   0   0
4176B  685000|  1   1  98   0   0   0
5906B 1044000|  1   1  98   0   0   0
  10000 2250000|  1   2  97   0   0   0
  14000 3285000|  1   2  97   1   0   0
  25000 6234000|  1   2  97   0   0   0
  35000 8853000|  2   1  97   0   0   0
  63000   12000000|  2   2  96   0   0   0
  46000   10000000|  2   3  95   0   0   0
  54000   13000000|  2   3  96   0   0   0
  56000   11000000|  1   2  96   1   0   0
  50000   11000000|  2   2  96   0   0   0
  54000   11000000|  1   2  97   0   0   0
  55000   11000000|  2   2  96   0   0   0
  49000   11000000|  2   2  97   0   0   0
  51000   11000000|  2   2  97   0   0   0
  48000   11000000|  2   2  95   1   0   0
  49000   11000000|  2   2  96   0   0   0
  56000   11000000|  2   2  96   0   0   0
  51000   11000000|  2   2  97   0   0   0
  54000   11000000|  2   2  97   0   0   0
  56000   11000000|  2   2  96   0   0   0
  59000   12000000|  2   2  95   1   0   0
  58000   12000000|  2   2  96   0   0   0
  60000   13000000|  1   3  96   0   0   0
  61000   13000000|  2   2  96   0   0   0
  69000   15000000|  1   3  97   0   0   0
  71000   16000000|  2   2  96   0   0   0
  81000   18000000|  2   2  96   1   0   0
  85000   20000000|  2   2  96   0   0   0
 100000   23000000|  2   2  95   0   0   0
 108000   25000000|  2   2  96   0   0   0
 127000   30000000|  2   2  96   0   0   0
 135000   33000000|  2   3  95   0   0   0
 160000   38000000|  2   2  95   1   0   0
 175000   43000000|  3   2  95   0   0   0
 196000   49000000|  3   2  95   0   0   0
 224000   56000000|  3   3  94   0   0   0
 254000   57000000|  3   3  94   0   0   0
 242000   59000000|  3   3  94   0   0   0
 253000   61000000|  4   3  93   1   0   0
 268000   52000000|  3   2  95   0   0   0
 187000   40000000|  5   2  93   0   0   0
 174000   44000000| 26   3  70   0   0   1
 152000   31000000|  4   2  94   0   0   0
  43000   10000000|  2   1  97   0   0   0
  47000   10000000|  2   1  95   2   0   0
  46000   11000000|  2   2  95   0   0   0
  45000   10000000|  1   1  98   0   0   0
  47000   10000000|  2   2  97   0   0   0
  48000   10000000|  2   1  97   0   0   0
  45000   10000000|  1   2  97   0   0   0
  46000   11000000|  1   2  96   1   0   0
  51000   11000000|  2   2  96   0   0   0
  50000   11000000|  2   2  97   0   0   0
  47000   11000000| 15   3  82   0   0   0
  51000   11000000| 27   2  72   0   0   0
  51000   12000000| 26   1  72   0   0   0
  54000   12000000| 25   3  72   1   0   0
  58000   13000000|  2   2  96   0   0   0
  38000 5684000|  2   2  96   0   0   0
2834B 3234B|  1   2  98   0   0   0
3020B 1692B|  1   1  98   0   0   0
2550B 3252B|  1   1  98   0   0   0
1612B 4528B|  1   1  96   2   0   0
6465B   30000|  1   2  97   0   0   0
2831B  261000|  1   2  97   0   0   0
5754B  685000|  1   2  96   0   0   0
6466B 1076000|  2   1  96   0   0   0
  13000 2283000|  1   1  98   0   0   0
  19000 3816000|  2   2  96   1   0   0
  33000 7377000|  2   1  97   0   0   0
  47000   11000000|  2   2  96   0   0   0
  74000   19000000|  2   2  96   0   0   0
 100000   20000000|  2   2  96   0   0   0
  88000   21000000|  2   2  97   0   0   0
  89000   21000000|  2   3  94   1   0   0
  97000   24000000|  2   2  96   0   0   0
 100000   24000000|  2   2  97   0   0   0
 104000   25000000|  2   2  96   0   0   0
 105000   25000000|  2   2  95   0   0   0
 109000   19000000|  2   2  96   0   0   0
  79000   20000000|  3   1  95   1   0   0
  85000   20000000|  2   2  96   0   0   0
  95000   22000000|  2   2  96   0   0   0
  86000   21000000|  2   3  96   0   0   0
  99000   22000000|  2   2  96   0   0   0
  98000   19000000|  1   2  97   0   0   0
  84000   19000000|  2   1  96   1   0   0
  82000   19000000|  1   2  97   0   0   0
  85000   20000000|  2   2  95   0   0   0
  82000   19000000|  1   3  97   0   0   0
  88000   20000000|  2   2  96   0   0   0
  88000   20000000|  1   2  97   0   0   0
  90000   20000000|  1   2  96   1   0   0
  89000   21000000|  2   2  97   0   0   0
  90000   21000000|  2   2  96   0   0   0
  96000   22000000|  1   2  97   0   0   0
  92000   22000000|  2   2  97   0   0   0
 103000   24000000|  2   2  96   0   0   0
 108000   24000000|  1   3  95   1   0   0
 106000   24000000|  2   2  95   0   0   0
 102000   25000000|  2   3  95   0   0   0
 115000   29000000|  2   2  95   0   0   0
 119000   30000000|  2   4  95   0   0   0
 136000   34000000|  1   3  96   0   0   0
 139000   35000000|  2   4  93   1   0   0
 160000   40000000|  2   3  95   0   0   0
 175000   42000000|  2   4  94   0   0   0
 193000   47000000| 21   2  76   0   0   1
 212000   36000000|  5   2  93   0   0   1
  43000   10000000|  2   1  97   0   0   0
  45000   11000000|  1   2  95   2   0   0
  41000 9873000|  1   2  97   0   0   0
  45000   11000000|  1   2  97   0   0   0
  45000   10000000|  1   3  96   0   0   0
  50000   11000000|  1   2  97   0   0   0
  46000   11000000|  1   2  96   0   0   0
  53000   12000000|  2   2  95   1   0   0
  51000   12000000|  2   1  97   0   0   0
  57000   13000000|  1   1  97   0   0   0
  61000   14000000| 21   2  77   0   0   0
  64000   15000000| 25   2  72   0   0   1
  72000   17000000| 16   2  81   0   0   0
  29000 3223000|  2   3  94   2   0   0
4622B 3140B|  1   1  98   0   0   0
3802B 2984B|  1   1  98   0   0   0
2154B 2034B|  1   1  98   0   0   0
1486B 4046B|  1   1  98   0   0   0
2881B  146000|  2   2  96   0   0   0
3614B  468000|  1   2  95   3   0   0
5646B  949000|  1   1  98   0   0   0
9172B 1729000|  1   2  98   0   0   0
  14000 3131000|  1   1  98   0   0   0
  23000 5283000|  1   2  97   0   0   0
  37000 9225000|  1   2  97   0   0   0
  51000   12000000|  2   1  96   1   0   0
  64000   12000000|  2   2  97   0   0   0
  50000   12000000|  1   1  97   0   0   0
  64000   14000000|  1   1  98   0   0   0
  55000   12000000|  2   1  97   0   0   0
  55000   12000000|  1   1  98   0   0   0
  52000   12000000|  1   3  95   2   0   0
  59000   13000000|  1   2  97   0   0   0
  55000   13000000|  2   2  96   0   0   0
  56000   13000000|  2   1  97   0   0   0
  61000   13000000|  1   2  97   0   0   0
  64000   13000000|  2   2  96   0   0   0
  63000   13000000|  2   1  96   1   0   0
  60000   13000000|  2   2  97   0   0   0
  65000   14000000|  1   2  97   0   0   0
  61000   14000000|  1   2  97   0   0   0
  69000   15000000|  1   2  97   0   0   0
  69000   16000000|  2   2  96   0   0   0
  76000   17000000|  2   1  96   1   0   0
  82000   18000000|  2   2  96   0   0   0
  90000   21000000|  1   2  97   0   0   0
  96000   23000000|  3   2  96   0   0   0
 105000   22000000|  2   2  96   0   0   0
  95000   23000000|  2   1  97   0   0   0
 105000   26000000|  2   2  95   1   0   0
 115000   28000000|  2   3  95   0   0   0
 125000   31000000|  2   2  96   0   0   0
 142000   34000000|  2   2  96   0   0   0
 145000   36000000|  3   2  95   0   0   0
 144000   31000000|  2   3  95   1   0   0
 122000   32000000|  2   2  96   0   0   0
 146000   34000000|  1   3  96   0   0   0
 151000   35000000|  2   2  96   0   0   0
 143000   36000000|  2   2  96   0   0   0
 154000   32000000|  2   3  95   0   0   0
 122000   30000000|  2   2  95   1   0   0
 126000   31000000|  2   3  96   0   0   0
 129000   32000000|  2   2  96   0   0   0
 132000   33000000|  2   2  96   0   0   0
 139000   33000000|  1   2  97   0   0   0
 138000   33000000| 19   4  77   0   0   1
 145000   35000000| 27   2  70   1   0   0
 142000   32000000|  6   2  92   0   0   0
  75000   16000000|  2   2  97   0   0   0
  76000   19000000|  1   2  97   0   0   0
  86000   17000000|  1   1  98   0   0   0
  67000   15000000|  1   1  98   0   0   0
  69000   16000000| 13   2  83   3   0   0
  67000   16000000| 25   1  73   0   0   1
  75000   18000000| 23   1  76   0   0   1
  55000 9268000|  1   2  97   0   0   0
3428B 3304B|  1   1  98   0   0   0
3565B 1692B|  1   1  98   0   0   0
2324B 3252B|  1   1  96   3   0   0
2182B 4528B|  0   2  98   0   0   0
1032B   30000|  1   2  97   0   0   0
2494B  261000|  1   1  98   0   0   0
2508B  510000|  1   2  97   0   0   0
5236B  925000|  1   1  98   0   0   0
8720B 1663000|  1   1  94   4   0   0
  14000 3033000|  1   1  98   0   0   0
  21000 4990000|  1   2  97   0   0   0
  35000 8785000|  1   1  98   0   0   0
  50000   12000000|  2   1  97   0   0   0
  75000   16000000|  2   1  97   0   0   0
  73000   16000000|  2   2  96   1   0   0
  74000   17000000|  2   2  96   0   0   0
  70000   17000000|  2   3  96   0   0   0
  84000   19000000|  2   1  97   0   0   0
  79000   18000000|  1   2  97   0   0   0
  86000   20000000|  1   2  97   0   0   0
  86000   20000000|  2   2  95   2   0   0
  81000   20000000|  2   2  96   0   0   0
  90000   21000000|  2   2  96   0   0   0
  84000   20000000|  1   2  97   0   0   0
  98000   20000000|  2   2  97   0   0   0
  75000   16000000|  2   2  95   1   0   0
  79000   19000000|  1   2  97   0   0   0
  80000   19000000|  2   2  97   0   0   0
  90000   21000000|  2   2  96   0   0   0
  91000   22000000|  1   1  98   0   0   0
 100000   24000000|  2   3  95   0   0   0
 105000   25000000|  2   1  96   1   0   0
 113000   27000000|  1   3  96   0   0   0
 116000   29000000|  2   2  96   0   0   0
 125000   31000000|  2   2  96   0   0   0
 138000   31000000|  2   1  96   0   0   0
 124000   28000000|  2   2  96   0   0   0
 137000   28000000|  1   2  96   1   0   0
 113000   26000000|  1   2  97   0   0   0
 124000   26000000|  2   2  96   0   0   0
 108000   24000000|  2   2  96   0   0   0
 104000   25000000|  2   1  97   0   0   0
 104000   25000000|  2   2  96   0   0   0
 114000   23000000|  2   2  95   2   0   0
  95000   22000000|  2   2  97   0   0   0
 105000   23000000|  1   2  97   0   0   0
  99000   19000000| 10   2  88   0   0   0
  84000   20000000| 26   2  72   0   0   0
  87000   20000000| 26   2  72   0   0   0
  88000   21000000| 25   2  71   1   0   1
 103000   18000000|  9   2  89   0   0   0
  60000   11000000|  1   1  98   0   0   0
  33000 7605000|  1   2  97   0   0   0
  39000 8672000|  1   1  98   0   0   0
  38000 8405000|  1   2  97   0   0   0
  42000 9406000|  1   2  94   3   0   0
  41000 8883000|  1   1  98   0   0   0
  40000 9529000|  1   2  97   0   0   0
  38000 9296000|  1   1  98   0   0   0
  39000 9115000|  1   1  97   0   0   0
  40000 9539000|  1   1  98   0   0   0
  36000 8939000|  1   1  96   2   0   0
  39000 9606000|  1   1  97   0   0   0
  39000 9206000|  1   1  98   0   0   0
  42000   10000000|  1   2  98   0   0   0
  41000 9406000|  1   1  98   0   0   0
  44000   10000000|  1   2  97   0   0   0
  45000   10000000|  1   1  97   1   0   0
  50000   11000000|  1   2  97   0   0   0
  47000   11000000|  1   2  98   0   0   0
  55000   13000000|  1   2  98   0   0   0
  58000   14000000|  1   2  97   0   0   0
  62000   15000000| 19   2  79   0   0   0
  81000   18000000| 25   1  72   1   0   0
  71000   18000000| 14   2  84   0   0   1
  22000 1353000|  1   2  97   0   0   0
4408B 3140B|  1   1  99   0   0   0
2060B 2984B|  1   1  99   0   0   0
1564B 1884B|  1   1  99   0   0   0
1204B 4196B|  1   1  97   2   0   0
2194B  106000|  1   2  97   0   0   0
3468B  431000|  1   1  98   0   0   0
4442B  667000|  1   1  98   0   0   0
8426B 1500000|  1   1  98   0   0   0
  12000 2381000|  1   1  98   0   0   0
  23000 4957000|  1   1  96   1   0   0
  30000 7153000|  1   1  97   0   0   0
  54000   13000000|  1   2  97   0   0   0
  72000   19000000|  1   2  97   0   0   0
 105000   20000000|  2   2  97   0   0   0
  83000   19000000|  2   2  97   0   0   0
  87000   22000000|  1   2  95   1   0   0
  96000   23000000|  2   1  97   0   0   0
 103000   21000000|  2   2  97   0   0   0
  89000   21000000|  1   2  97   0   0   0
  88000   21000000|  1   2  97   0   0   0
  94000   22000000|  1   2  97   0   0   0
  89000   18000000|  2   1  95   2   0   0
  92000   21000000|  2   1  98   0   0   0
  90000   18000000|  2   2  96   0   0   0
  90000   18000000|  2   1  97   0   0   0
  76000   17000000|  1   1  97   0   0   0
  91000   20000000|  1   2  97   0   0   0
  86000   18000000|  2   2  95   2   0   0
  98000   21000000|  1   1  97   0   0   0
  91000   19000000|  2   1  97   0   0   0
  98000   21000000|  2   1  97   0   0   0
  91000   20000000|  2   2  97   0   0   0
  99000   21000000|  1   2  97   0   0   0
  95000   20000000|  1   2  96   1   0   0
  99000   22000000|  2   1  97   0   0   0
  99000   21000000|  1   2  97   0   0   0
 106000   21000000|  2   2  96   0   0   0
  97000   19000000|  1   1  98   0   0   0
  96000   21000000|  2   2  97   0   0   0
 106000   19000000|  2   1  96   1   0   0
  90000   16000000|  1   1  98   0   0   0
  76000   16000000|  2   2  97   0   0   0
  82000   17000000|  2   2  96   0   0   0
  82000   17000000|  1   2  97   0   0   0
  82000   17000000|  1   2  97   0   0   0
  75000   17000000|  1   2  96   1   0   0
  79000   18000000|  1   2  97   0   0   0
  81000   18000000|  2   2  96   0   0   0
  82000   15000000|  1   1  98   0   0   0
  75000   16000000|  1   2  97   0   0   0
  73000   16000000|  1   1  97   0   0   0
  78000   17000000|  1   2  96   1   0   0
  73000   17000000|  2   2  96   0   0   0
  83000   18000000|  1   2  97   0   0   0
  81000   18000000|  2   2  97   0   0   0
  86000   19000000|  2   2  97   0   0   0
  84000   19000000|  1   2  97   0   0   0
  89000   21000000|  2   1  96   2   0   0
  92000   22000000|  2   2  96   0   0   0
  99000   21000000|  1   2  97   0   0   0
  92000   22000000| 10   1  89   0   0   0
  99000   24000000| 25   2  73   0   0   1
 110000   27000000| 26   2  72   0   0   1
  94000   19000000|  1   2  96   2   0   0
  45000 9873000|  1   1  99   0   0   0
  43000 9606000|  1   1  98   0   0   0
  46000   10000000|  1   1  98   0   0   0
  41000 9673000| 19   1  79   0   0   0
  43000   10000000| 25   1  73   0   0   0
  44000 9806000| 26   2  71   2   0   0
  42000   10000000| 26   1  73   0   0   0
  43000 9874000| 12   2  86   0   0   0
  22000 2826000|  1   2  97   0   0   0
4594B 3266B|  1   1  99   0   0   0
1960B 3080B|  1   1  98   0   0   0
1676B 2024B|  1   1  97   2   0   0
1307B 4196B|  1   1  99   0   0   0
1429B   67000|  1   2  97   0   0   0
2864B  371000|  1   1  98   0   0   0
3800B  624000|  1   1  98   0   0   0
6876B 1251000|  1   1  98   0   0   0
9910B 1924000|  0   1  98   1   0   0
  19000 4175000|  1   1  97   0   0   0
  26000 6026000|  1   1  98   0   0   0
  43000   11000000|  1   1  97   0   0   0
  68000   14000000|  1   1  98   0   0   0
  89000   17000000|  1   1  98   0   0   0
  73000   16000000|  1   1  96   1   0   0
  76000   18000000|  2   1  97   0   0   0
  82000   17000000|  1   1  98   0   0   0
  67000   16000000|  1   1  98   0   0   0
  73000   17000000|  1   1  97   0   0   0
  73000   16000000|  1   1  98   0   0   0
  81000   18000000|  2   2  96   1   0   0
  73000   16000000|  1   1  98   0   0   0
  77000   18000000|  1   2  97   0   0   0
  70000   16000000|  2   1  97   0   0   0
  78000   18000000|  1   2  97   0   0   0
  73000   17000000|  2   1  97   0   0   0
  80000   19000000|  1   1  97   1   0   0
  76000   17000000|  1   1  98   0   0   0
  80000   19000000|  1   1  97   0   0   0
  89000   18000000|  1   2  97   0   0   0
  71000   18000000|  1   1  97   0   0   0
  82000   20000000|  1   2  97   0   0   0
  84000   20000000|  1   2  96   1   0   0
  97000   23000000|  1   2  97   0   0   0
  98000   23000000|  1   2  97   0   0   0
 112000   27000000|  1   2  97   0   0   0
 112000   27000000|  1   2  97   0   0   0
 134000   31000000|  1   2  97   0   0   0
 118000   29000000|  2   2  95   1   0   0
 142000   35000000|  1   2  97   0   0   0
 141000   35000000|  2   3  96   0   0   0
 168000   43000000|  1   2  97   0   0   0
 173000   43000000|  1   3  96   0   0   0
 188000   46000000|  2   2  96   0   0   0
 144000   38000000|  1   3  95   1   0   0
 139000   37000000|  9   2  88   0   0   1
 160000   40000000| 21   3  76   0   0   0
 120000   22000000|  1   1  98   0   0   0
  36000 8472000|  1   1  99   0   0   0
  36000 8672000|  1   1  98   0   0   0
  42000 9074000|  1   1  96   2   0   0
  37000 8871000|  1   1  98   0   0   0
  41000   10000000|  1   1  99   0   0   0
  41000 9940000|  1   1  99   0   0   0
  46000   11000000|  0   1  99   0   0   0
  52000 9422000|  1   1  98   0   0   0
  37000 8939000|  1   1  97   1   0   0
  42000 9673000|  1   1  99   0   0   0
  44000   10000000|  1   1  98   0   0   0
  44000   10000000|  1   1  99   0   0   0
  49000   11000000|  1   1  98   0   0   0
  49000   11000000|  1   1  99   0   0   0
  51000   11000000|  1   1  97   1   0   0
  48000   11000000|  1   1  98   0   0   0
  47000   11000000|  1   1  98   0   0   0
  50000   12000000|  1   1  98   0   0   0
  46000   11000000| 24   2  74   0   0   0
  48000   11000000| 25   2  73   0   0   0
  49000   11000000| 25   1  72   1   0   0
  49000   12000000| 24   2  74   0   0   0
  44000 7503000|  1   3  96   0   0   0
3412B 4048B|  1   1  99   0   0   0
3272B 2120B|  0   1  99   0   0   0
2012B 3392B|  1   1  98   0   0   0
1772B 4528B|  0   1  97   2   0   0
 812B  296B|  1   1  98   0   0   0
2856B  273000|  1   1  98   0   0   0
2904B  488000|  1   1  99   0   0   0
5710B  965000|  1   1  99   0   0   0
7256B 1435000|  1   1  99   0   0   0
  14000 2968000|  1   1  97   1   0   0
  21000 4533000|  1   2  98   0   0   0
  36000 8868000|  1   1  98   0   0   0
  52000 9768000|  1   2  98   0   0   0
  41000 9673000|  1   2  98   0   0   0
  43000   10000000|  2   1  98   0   0   0
  52000   11000000|  1   1  96   1   0   0
  44000 9677000|  1   1  98   0   0   0
  45000   10000000|  1   1  98   0   0   0
  44000   10000000|  2   2  97   0   0   0
  45000   10000000|  1   1  98   0   0   0
  44000   10000000|  1   1  98   0   0   0
  50000   11000000|  1   1  97   1   0   0
  53000   10000000|  1   2  98   0   0   0
  49000   11000000|  1   1  98   0   0   0
  54000   11000000|  1   2  98   0   0   0
  51000   11000000|  1   2  98   0   0   0
  53000   11000000|  1   1  98   0   0   0
  54000   12000000|  1   1  97   1   0   0
  57000   13000000|  1   1  98   0   0   0
  60000   14000000|  1   1  98   0   0   0
  69000   16000000|  1   2  97   0   0   0
  73000   17000000|  1   2  97   0   0   0
  84000   19000000|  1   2  97   0   0   0
  91000   21000000|  1   2  96   1   0   0
 103000   25000000|  1   2  97   0   0   0
 113000   28000000|  1   2  97   0   0   0
 124000   26000000|  1   3  96   0   0   0
 120000   30000000|  1   2  97   0   0   0
 131000   32000000|  1   2  97   0   0   0
 143000   30000000|  1   2  96   1   0   0
 122000   30000000|  1   3  96   0   0   0
 137000   33000000|  2   2  97   0   0   0
 132000   33000000|  1   2  96   0   0   0
 143000   35000000|  1   3  96   0   0   0
 138000   35000000|  2   2  96   0   0   0
 144000   36000000|  2   2  95   1   0   0
 148000   36000000|  1   2  97   0   0   0
 149000   36000000|  2   2  96   0   0   0
 148000   37000000|  1   2  96   0   0   0
 160000   29000000|  1   2  97   0   0   0
 113000   28000000|  1   1  98   0   0   0
 115000   24000000|  1   1  96   1   0   0
 111000   27000000|  2   1  97   0   0   0
 106000   26000000|  1   2  97   0   0   0
 115000   28000000|  2   2  97   0   0   0
 114000   27000000|  2   1  97   0   0   0
 121000   26000000|  5   2  94   0   0   0
 107000   25000000| 26   1  71   1   0   1
 110000   26000000| 25   2  73   0   0   0
 120000   23000000| 12   2  86   0   0   1
  64000   13000000| 10   2  89   0   0   0
  39000 9517000| 25   1  74   0   0   1
  42000   10000000| 25   1  74   0   0   0
  43000   10000000| 25   1  72   2   0   0
  44000 9873000| 25   1  74   0   0   0
  46000   10000000|  8   1  91   0   0   1
  23000 2996000|  0   2  98   0   0   0
4550B 3266B|  0   1  99   0   0   0
2783B 3080B|  1   0  99   0   0   0
2576B 2024B|  0   0  97   2   0   0
2300B 4196B|  1   1  99   0   0   0
1878B   70000|  1   1  98   0   0   0
2904B  319000|  1   1  99   0   0   0
4752B  750000|  1   1  98   0   0   0
5150B 1044000|  1   1  99   0   0   0
  10000 2185000|  1   1  98   1   0   0
  13000 3066000|  1   1  98   0   0   0
  25000 6142000|  1   1  98   0   0   0
  33000 8356000|  1   1  98   0   0   0
  58000   14000000|  1   1  98   0   0   0
  73000   15000000|  1   1  98   0   0   0
  66000   14000000|  1   1  97   1   0   0
  65000   15000000|  1   1  98   0   0   0
  67000   16000000|  1   1  98   0   0   0
  71000   17000000|  1   1  98   0   0   0
  70000   16000000|  1   2  97   0   0   0
  73000   17000000|  1   1  98   0   0   0
  79000   15000000|  1   1  97   1   0   0
  66000   14000000|  1   1  98   0   0   0
  60000   14000000|  1   1  98   0   0   0
  63000   15000000|  1   1  98   0   0   0
  65000   15000000|  1   1  98   0   0   0
  71000   16000000|  1   1  98   0   0   0
  68000   16000000|  2   1  96   2   0   0
  73000   17000000|  1   1  98   0   0   0
  73000   17000000|  1   1  98   0   0   0
  80000   16000000|  1   1  98   0   0   0
  74000   17000000|  1   1  97   0   0   0
  77000   18000000|  1   1  98   0   0   0
  88000   21000000|  1   1  97   1   0   0
  92000   22000000|  1   1  98   0   0   0
 108000   23000000|  1   1  98   0   0   0
 101000   24000000|  1   2  97   0   0   0
 107000   25000000|  1   1  98   0   0   0
 107000   27000000|  2   2  97   0   0   0
 132000   27000000|  1   2  96   1   0   0
 100000   24000000|  1   2  97   0   0   0
 113000   22000000|  1   1  98   0   0   0
  89000   21000000|  2   1  97   0   0   0
  98000   23000000|  1   1  98   0   0   0
  97000   22000000|  1   1  98   0   0   0
 101000   23000000|  2   2  95   2   0   0
 102000   23000000|  1   2  97   0   0   0
 101000   23000000|  1   1  98   0   0   0
 101000   23000000|  1   1  97   0   0   0
  97000   23000000|  1   1  98   0   0   0
 101000   24000000|  2   1  97   0   0   0
  99000   24000000|  1   1  96   1   0   0
 108000   22000000|  2   1  97   0   0   0
  93000   22000000|  1   1  98   0   0   0
 102000   24000000|  1   1  97   0   0   0
 103000   25000000|  1   1  98   0   0   0
 119000   29000000|  1   1  97   0   0   0
 117000   29000000|  2   2  96   1   0   0
 137000   32000000| 22   2  76   0   0   1
 135000   30000000| 25   1  72   0   0   1
 132000   33000000| 25   2  72   0   0   1
 146000   36000000| 18   2  80   0   0   0
 151000   34000000| 24   1  74   0   0   1
 115000   21000000| 12   2  84   3   0   0
  41000 5523000|  1   1  98   0   0   0
4460B 3266B|  0   0 100   0   0   0
2024B 3080B|  0   1  99   0   0   0
1728B 2024B|  0   0 100   0   0   0
1776B 4196B|  0   0 100   0   0   0
1860B   67000|  1   1  96   2   0   0
3917B  371000|  1   0  99   0   0   0
4366B  669000|  1   0  99   0   0   0
8536B 1305000|  0   1  99   0   0   0
  13000 2381000|  1   1  99   0   0   0
  19000 3946000|  1   1  98   0   0   0
  39000 7323000|  1   1  97   2   0   0
  45000   11000000|  1   1  98   0   0   0
 112000   16000000|  1   1  98   0   0   0
  74000   14000000|  1   2  97   0   0   0
  79000   16000000|  1   1  98   0   0   0
  82000   17000000|  1   1  98   0   0   0
  93000   18000000|  1   1  97   1   0   0
  99000   18000000|  1   2  98   0   0   0
 103000   17000000|  1   2  98   0   0   0
  88000   16000000|  1   1  98   0   0   0
  81000   17000000|  1   2  97   0   0   0
  94000   17000000|  1   2  97   0   0   0
  84000   17000000|  1   2  97   1   0   0
  97000   17000000|  1   1  98   0   0   0
  89000   17000000|  1   1  98   0   0   0
  92000   17000000|  1   2  97   0   0   0
  89000   17000000|  1   1  98   0   0   0
 103000   18000000|  0   2  98   0   0   0
  96000   18000000|  1   2  96   1   0   0
 101000   17000000|  1   1  98   0   0   0
  77000   16000000|  1   1  98   0   0   0
  87000   18000000|  1   1  98   0   0   0
  91000   18000000|  1   2  97   0   0   0
  89000   19000000|  1   2  97   0   0   0
  92000   20000000|  1   2  96   1   0   0
  97000   21000000|  1   1  98   0   0   0
 101000   21000000|  1   1  98   0   0   0
 106000   23000000|  1   2  97   0   0   0
 117000   24000000|  1   1  98   0   0   0
 124000   25000000|  1   2  97   0   0   0
 116000   25000000|  1   1  97   1   0   0
 129000   29000000|  1   1  98   0   0   0
 149000   31000000|  1   2  97   0   0   0
 169000   34000000|  1   3  97   0   0   0
 161000   28000000|  1   1  98   0   0   0
 151000   26000000|  1   1  98   0   0   0
 128000   25000000|  1   1  97   1   0   0
 113000   25000000|  1   1  98   0   0   0
 127000   26000000|  1   2  97   0   0   0
 127000   26000000|  1   1  97   0   0   0
 127000   27000000|  1   1  98   0   0   0
 132000   26000000| 20   2  78   0   0   0
 127000   21000000| 25   1  72   1   0   0
  88000   19000000| 25   1  74   0   0   1
  94000   20000000| 25   1  73   0   0   0
  93000   20000000|  2   2  96   0   0   0
  84000   14000000|  1   1  99   0   0   0
  41000 8606000|  1   1  99   0   0   0
  44000 9006000|  1   1  96   3   0   0
  45000 9806000|  0   1  99   0   0   0
  45000 9740000|  1   1  98   0   0   0
  49000   10000000|  1   1  99   0   0   0
  49000   10000000|  1   1  98   0   0   0
  51000   11000000|  1   1  99   0   0   0
  54000   10000000|  1   1  98   1   0   0
  54000   11000000|  1   1  99   0   0   0
  56000   10000000|  1   1  99   0   0   0
  56000   11000000|  0   1  99   0   0   0
  60000   10000000| 25   1  75   0   0   0
  64000   11000000| 25   1  74   0   0   0
  61000   10000000| 24   0  74   1   0   1
  63000   11000000| 25   0  74   0   0   1
  65000   11000000| 10   1  90   0   0   0
  17000  997000|  1   1  98   0   0   0
6360B 3140B|  0   0 100   0   0   0
2787B 2984B|  1   0  99   0   0   0
2436B 1884B|  0   0  97   2   0   0
1557B 4196B|  0   0 100   0   0   0
2000B  104000|  1   1  98   0   0   0
2960B  301000|  1   1  99   0   0   0
4018B  734000|  0   0  99   0   0   0
5824B  978000|  1   0  99   0   0   0
  15000 2185000|  0   0  99   1   0   0
  20000 3718000|  1   1  99   0   0   0
  28000 5605000|  1   1  99   0   0   0
  44000 7199000|  1   0  99   0   0   0
  42000   10000000|  1   1  98   0   0   0
  70000   15000000|  1   0  99   0   0   0
  96000   21000000|  1   1  97   1   0   0
 124000   21000000|  1   1  98   0   0   0
 104000   18000000|  1   1  99   0   0   0
  93000   17000000|  1   1  98   0   0   0
  76000   16000000|  1   1  98   0   0   0
  92000   18000000|  1   1  98   0   0   0
  87000   17000000|  1   1  97   1   0   0
 105000   19000000|  1   1  98   0   0   0
  89000   18000000|  1   1  98   0   0   0
  98000   19000000|  1   1  98   0   0   0
  93000   19000000|  1   1  98   0   0   0
 104000   20000000|  1   1  98   0   0   0
 104000   20000000|  1   1  98   1   0   0
 103000   21000000|  1   1  98   0   0   0
 112000   22000000|  1   1  99   0   0   0
 116000   23000000|  1   1  98   0   0   0
 143000   23000000|  1   1  98   0   0   0
 123000   22000000|  1   1  98   0   0   0
 142000   24000000|  1   1  97   1   0   0
 105000   21000000|  1   1  98   0   0   0
 127000   24000000|  1   1  98   0   0   0
 127000   23000000|  1   1  98   0   0   0
 145000   24000000|  1   1  98   0   0   0
 139000   23000000|  1   1  98   0   0   0
 126000   20000000|  1   1  97   1   0   0
 125000   19000000|  1   1  98   0   0   0
  71000   17000000|  1   1  98   0   0   0
  79000   18000000|  0   1  98   0   0   0
  91000   18000000|  1   1  98   0   0   0
  84000   18000000|  1   1  98   0   0   0
  85000   19000000|  1   1  97   1   0   0
  94000   19000000|  1   1  99   0   0   0
 101000   18000000| 21   2  77   0   0   1
  87000   18000000| 25   1  73   0   0   0
  86000   18000000| 25   1  74   0   0   0
  88000   19000000| 10   1  89   0   0   0
  57000 9030000|  1   1  97   2   0   0
  29000 5804000|  0   0  99   0   0   0
  29000 5937000|  1   0  99   0   0   0
  30000 5937000|  1   1  99   0   0   0
  32000 5870000|  0   0 100   0   0   0
  28000 6071000|  0   1  99   0   0   0
  27000 5670000|  0   1  98   2   0   0
  28000 6137000|  0   0  99   0   0   0
  30000 5804000|  0   1  99   0   0   0
  30000 6337000|  1   1  99   0   0   0
  37000 6271000|  0   1  99   0   0   0
  33000 6871000|  0   1  99   0   0   0
  38000 7138000|  0   1  98   2   0   0
  44000 8072000|  1   1  99   0   0   0
  43000 8539000|  0   1  99   0   0   0
  44000 9740000|  0   0  99   0   0   0
  62000   11000000|  0   1  99   0   0   0
  60000   12000000|  0   1  99   0   0   0
  71000   13000000|  1   1  97   2   0   0
  62000   10000000|  1   1  99   0   0   0
  62000   11000000|  1   1  99   0   0   0
  65000   12000000|  0   1  99   0   0   0
  68000   13000000|  0   1  99   0   0   0
  71000   11000000|  1   1  99   0   0   0
  50000 9940000|  1   1  98   1   0   0
  57000   10000000|  1   1  99   0   0   0
  57000 8683000|  0   1  99   0   0   0
  40000 8005000|  0   1  99   0   0   0
  41000 8472000|  0   1  99   0   0   0
  45000 8739000|  1   1  99   0   0   0
  47000 8806000|  1   1  97   2   0   0
  46000 8872000|  1   0  99   0   0   0
  45000 9273000|  0   1  99   0   0   0
  49000 9339000|  0   1  99   0   0   0
  57000 9072000|  0   1  99   0   0   0
  49000 9339000|  0   1  99   0   0   0
  48000 9072000| 17   1  81   2   0   0
  56000 8600000| 25   0  75   0   0   0
  42000 6511000| 25   0  75   0   0   0
  34000 5240000| 25   1  75   0   0   0
  29000 5537000| 25   0  75   0   0   0
  29000 5737000| 25   0  75   0   0   0
  32000 6004000| 25   0  74   1   0   0
  32000 5930000| 12   1  87   0   0   0
  30000 5290000|  0   0 100   0   0   0
3802B 1760B|  0   1  99   0   0   0
 406B    0|  0   0 100   0   0   0
 795B    0|  0   0 100   0   0   0
