   0     0|  0   0  99   1   0   0
3221000   35000|  3   4   0  93   0   0
3414000   48000|  3   2   0  95   0   0
3625000  113000|  3   2   0  95   0   0
4076000   95000|  2   3   0  95   0   0
4219000   65000|  4   4   0  93   0   0
2905000  163000|  4   5   0  91   0   0
4023000  291000|  2   3   0  95   0   0
1706000  244000|  1   2   0  96   0   0
 334000   36000|  2   2   0  97   0   0
1265000   14000|  2   2   0  96   0   0
2022000  136000|  4   5   0  91   0   0
2317000 1268000|  4   3   0  93   0   0
2248000 2443000|  3   3   0  94   0   0
2398000 5012000|  4   3   0  93   0   0
2373000 8336000|  4   3   0  93   0   0
2655000   15000000|  4   3   0  93   0   0
2474000   18000000|  5   5   0  90   0   0
3079000   28000000|  6   4   0  90   0   0
3034000   35000000|  7   9   0  83   0   1
1492000   32000000|  5   3   0  92   0   0
3517000   35000000|  5   3   0  92   0   0
3420000   37000000|  5   5   0  90   0   0
4322000   35000000|  5   3   0  91   0   0
4444000   37000000|  5   8   0  87   0   0
3002000   37000000|  8   8   0  84   0   0
4768000   40000000|  7   5   0  87   0   0
7165000   39000000|  6   6   0  87   0   1
9217000   36000000|  6   5   0  88   0   0
  10000000   33000000|  5   7   0  87   0   1
8123000   37000000|  7   5   0  86   0   1
  11000000   37000000| 11   9   0  80   0   1
  13000000   42000000|  6   5   0  88   0   1
8370000   42000000|  4   5   0  91   0   0
 287000   35000000|  6   4   0  89   0   0
 927000   38000000|  5   5   0  90   0   1
3864000   42000000|  5   6   0  89   0   0
  11000000   45000000|  9   8   0  82   0   1
6105000   49000000|  8   8   0  83   0   1
  18000000   45000000|  6   4   0  90   0   0
  11000000   36000000|  6   8   0  85   0   1
1974000   39000000|  6   5   0  89   0   0
2847000   42000000|  5   4   0  90   0   1
 289000   46000000|  6   5   0  88   0   0
1624000   50000000|  6   6   0  87   0   1
4226000   56000000|  6   6   0  88   0   1
  14000000   61000000|  7  10   0  82   0   1
  20000000   70000000|  9  11   0  80   0   1
  13000000   79000000|  6   5   0  88   0   1
7707000   80000000|  9  11   0  78   0   1
6075000   76000000|  8   9   0  83   0   1
  16000000   78000000|  6  15   0  78   0   1
7321000   64000000|  7  14   0  80   0   0
 681000   63000000|  6  23   0  69   0   1
1618000   67000000|  5  11   0  83   0   1
2772000   62000000|  5  26   0  68   0   1
3123000   62000000|  7  33   0  57   0   2
3298000   62000000|  5  18   0  76   0   1
3169000   44000000|  6  28   0  64   0   2
2856000   44000000|  6  11   0  82   0   1
2379000   35000000|  4   3   0  92   0   0
1131000   30000000|  4   4   0  92   0   1
 456000   31000000|  6  18   0  75   0   1
1323000   30000000|  4   6   0  90   0   0
3091000   31000000|  5   5   0  90   0   0
3797000   33000000|  6   4   0  90   0   0
3331000   33000000|  5   8   0  87   0   0
2732000   36000000|  4   4   0  91   0   0
3021000   32000000|  5   3   0  92   0   0
3736000   36000000|  4  12   0  84   0   0
3657000   36000000|  5   9   0  85   0   1
3931000   40000000|  6   5   0  89   0   0
4024000   43000000| 20  11   0  68   0   1
2209000   47000000| 30   6   0  63   0   1
 489000   39000000| 31  12   0  56   0   2
2238000   42000000| 32  13   0  54   0   1
3984000   47000000| 32   8   0  59   0   1
4255000   51000000| 32   9   0  58   0   1
4472000   50000000| 33   9   0  56   0   2
4516000   52000000| 30  10   0  58   0   2
4950000   44000000| 17   4   0  78   0   1
5044000   43000000| 18   4   0  76   0   1
5859000   49000000| 29   6   0  64   0   1
6377000   53000000| 29   6   0  64   0   2
6521000   49000000| 32   6   0  61   0   1
1629000   45000000| 24   5   0  70   0   1
 466000   49000000|  4   3   0  93   0   0
 527000   49000000|  3   3   0  93   0   0
 751000   45000000|  3   3   0  93   0   0
1694000   48000000|  6   5   0  88   0   1
2563000   48000000| 20   6   0  72   0   2
4235000   41000000| 28   6   0  65   0   1
4256000   45000000|  3   4   0  92   0   0
   0     0|  6   8   0  86   0   0
   0     0|  3   3   0  93   0   0
   0     0|  3   3   0  93   0   0
   0     0| 20   4   0  75   0   1
   0     0| 29   4   0  66   0   1
   0     0| 29   3   0  67   0   1
   0     0|  4   2   0  94   0   0
  45000000  225000000|  6   6   0  88   0   0
1974000   18000000|  3   4   0  92   0   1
4666000   21000000|  6   6   0  88   0   0
4921000   23000000|  7   7   0  86   0   1
5525000   25000000|  4   3   0  92   0   0
5246000   25000000|  7   8   0  85   0   1
5764000   26000000|  4   4   0  91   0   0
5472000   29000000|  4   5   0  91   0   0
5428000   32000000|  4   4   0  91   0   0
1629000   36000000|  5   2   0  93   0   0
 662000   40000000|  4   3   0  93   0   0
2236000   44000000|  4   2   0  93   0   0
5174000   49000000|  4   3   0  93   0   0
6329000   42000000|  3   1   0  96   0   0
5919000   34000000| 40   7   0  51   0   2
3021000   37000000| 57   8   0  33   0   2
4693000   37000000| 44   4   0  50   0   2
7060000   40000000| 28   3   0  68   0   1
8959000   27000000| 28   3   0  67   0   2
8678000   27000000|  9   5   0  85   0   1
  11000000   25000000|  2   2   0  97   0   0
  11000000   18000000| 11   6   0  82   0   1
  12000000   19000000| 26   2   0  70   0   2
6882000   19000000| 29   5   0  65   0   1
6059000   19000000| 21   6   0  73   0   0
2261000   19000000|  4   5   0  90   0   1
7750000 7513000|  2   1   0  98   0   0
  13000000 6822000|  3   2   0  94   0   0
8197000 7632000|  3   6   0  91   0   0
  11000000 8355000|  1   2   0  97   0   0
  14000000 9182000|  2   2   0  96   0   0
  15000000   10000000|  4   4   0  92   0   0
3883000   11000000|  2   1   0  97   0   0
  11000000   11000000| 24   7   0  68   0   1
6137000   13000000| 26   1   0  72   0   1
8072000 9976000| 26   1   0  73   0   1
9262000   12000000|  8   1   0  90   0   1
  11000000 7863000|  2   1   0  97   0   0
9478000  180000|  5   6   0  88   0   0
7488000  256000|  2   2   0  95   0   0
6678000  351000|  2   1   0  96   0   0
8396000  195000|  2   1   0  97   0   0
  12000000  175000|  4   3   0  94   0   0
6394000  304000|  5   5   0  89   0   0
8058000  514000|  6   7   0  87   0   0
7384000  346000|  3   3   0  94   0   0
9528000  327000|  4   3   0  92   0   1
6703000  773000|  2   2   0  96   0   0
1675000  812000|  2   2   0  96   0   0
  45000  721000|  5   6   0  88   0   0
3515000 1668000|  5   4   0  91   0   1
5920000 3078000|  6   5   0  89   0   0
7834000 4681000|  6   4   0  90   0   0
9462000 8099000|  6   4   0  90   0   0
2567000   14000000|  4   3   0  94   0   0
 253000   25000000|  4   3   0  92   0   0
 235000   34000000|  4   2   0  93   0   1
 366000   41000000|  4   3   0  92   0   0
 789000   53000000|  5   4   0  91   0   0
1788000   57000000|  4   4   2  89   0   1
2994000   67000000|  5   4   0  90   0   0
8335000   52000000|  8   5   0  86   0   1
  12000000   57000000|  6   4   0  90   0   0
 534000   60000000|  6   3   0  92   0   0
 514000   58000000|  4   4   0  91   0   0
 366000   41000000|  5   3   0  92   0   0
 388000   44000000|  4   2   0  93   0   1
 658000   43000000|  4   5   0  90   0   0
1542000   48000000|  5   4   0  90   0   1
3705000   49000000|  7   6   0  87   0   0
2233000   54000000|  7   5   0  88   0   0
4492000   56000000|  6   5   0  89   0   0
  12000000   62000000|  7   5   0  86   0   1
  13000000   53000000|  6   4   0  89   0   1
6692000   54000000|  5   4   0  90   0   1
6487000   56000000|  9   7   0  83   0   1
8068000   61000000|  6   6   0  88   0   0
  10000000   62000000|  6   6   0  88   0   1
6406000   56000000|  5   3   0  92   0   0
3113000   21000000|  4   3   0  93   0   0
9712000   20000000|  5   3   5  87   0   1
8644000   22000000|  5   6  16  72   0   0
7362000   22000000|  5   3   0  91   0   1
8778000   24000000|  7   5   0  88   0   1
9414000   25000000|  9   7   0  84   0   0
4969000   27000000|  8   7   0  85   0   1
6371000   31000000|  7   6   0  87   0   0
  10000000   36000000|  8   8   0  84   0   0
7510000   41000000|  7   6   0  86   0   1
  10000000   43000000|  7   4   0  89   0   1
  10000000   31000000|  6   5   0  89   0   0
4732000   39000000|  5   4   0  91   0   0
 760000   43000000|  7   5   0  88   0   0
1290000   47000000|  5   4   0  91   0   1
1488000   51000000|  7   4   0  88   0   0
1749000   52000000|  5   4   0  90   0   0
1473000   39000000|  6   4   0  90   0   0
1596000   41000000|  7   4   0  89   0   0
 936000   40000000|  5   3   0  91   0   0
 470000   45000000|  7   4   0  89   0   0
 639000   46000000|  6   4   0  89   0   0
1268000   49000000|  6   5   0  88   0   1
1915000   50000000|  6   4   0  89   0   0
2226000   49000000|  6   6   0  87   0   1
2183000   46000000|  5   5   0  89   0   0
3245000   45000000|  6   3   0  91   0   0
4120000   43000000|  6   5   0  89   0   0
4787000   44000000|  7   3   0  90   0   0
6560000   46000000|  6   4   0  89   0   0
7031000   47000000|  7   6   0  86   0   0
1554000   43000000|  6   4   0  90   0   0
 579000   44000000|  5  12   0  82   0   1
 789000   49000000|  5  10   0  85   0   0
1120000   46000000|  5   6   0  89   0   0
1019000   48000000|  6  23   0  70   0   2
2715000   50000000|  6  16   0  77   0   1
2341000   47000000|  4   9   0  86   0   1
1932000   41000000|  6   8   0  86   0   0
3859000   36000000|  6   4   0  89   0   0
7262000   38000000|  5   5   0  89   0   1
2812000   44000000|  6   8   0  85   0   1
3367000   43000000|  4   4   0  91   0   1
6133000   44000000|  6   6   0  88   0   0
6655000   36000000| 10   5   0  84   0   1
2371000   37000000| 31   8   0  61   0   1
 866000   39000000| 30   4   0  64   0   1
1497000   38000000| 32   7   0  60   0   1
2420000   44000000| 33  11   0  54   0   2
3474000   49000000| 32  13   0  54   0   2
3388000   41000000| 31   6   0  62   0   1
2992000   36000000| 33   7   0  58   0   2
2190000   41000000| 31  10   0  57   0   1
3254000   43000000| 31   6   0  62   0   1
4032000   46000000| 31  18   0  48   0   2
3872000   45000000| 31   4   0  64   0   1
3846000   47000000| 31  15   0  53   0   1
3926000   49000000| 30   4   0  64   0   1
4063000   49000000| 42   6   0  51   0   2
3334000   52000000| 57   7   0  34   0   1
3215000   56000000| 34   6   0  58   0   2
4882000   56000000| 30   7   0  62   0   2
5536000   57000000| 30   6   0  62   0   2
6020000   57000000| 32   5   0  61   0   2
6863000   57000000| 31   5   8  54   0   2
7045000   45000000| 15   5   3  75   0   2
7595000   50000000| 18   7   0  74   0   2
  10000000   54000000| 31   7   0  61   0   2
7629000   57000000| 32   6   0  60   0   2
4365000   60000000| 33   6   0  59   0   2
8712000   61000000| 32   6   0  60   0   1
 805000   61000000| 31   5   0  63   0   1
1638000   63000000| 32   4   0  64   0   1
2924000   60000000| 31   4   0  63   0   2
3321000   64000000| 33   4   0  62   0   1
3793000   61000000| 39   3   0  57   0   1
3603000   47000000| 43   4   0  52   0   2
3768000   48000000| 55   6   0  37   0   2
3733000   23000000| 75   6   0  17   0   2
3809000   25000000| 60   6   0  31   0   3
2679000   26000000| 57   4   0  38   0   1
 491000   26000000| 34   1   0  64   0   1
2094000   23000000| 27   1   0  71   0   1
3327000   21000000| 27   2   0  71   0   0
4187000   14000000| 20   4   0  74   0   1
3412000   19000000| 29   5   0  66   0   1
1068000   17000000| 29   3   0  67   0   1
4178000   16000000| 28   3   0  69   0   1
5096000   17000000| 13   2  13  71   0   0
6824000   16000000|  2   1   5  92   0   0
5248000   14000000|  4   3   0  92   0   1
7619000   10000000|  3   2   0  95   0   1
4483000   11000000|  2   2   0  96   0   0
3671000 6944000| 18   2   0  80   0   0
3439000 6158000| 28   2   0  71   0   0
2543000 6238000| 26   2   0  72   0   0
1194000 3991000| 26   1   0  72   0   0
5286000 5048000| 26   1   0  73   0   1
  10000000 6913000| 27   2   0  71   0   0
6710000 7526000|  4   2   5  88   0   1
1624000 6696000|  4   5   0  92   0   0
7848B  310000|  1   1   0  98   0   0
1416000  160000|  1   1   0  98   0   0
3810000   80000|  4   2   0  94   0   0
7939000  203000|  1   1   0  98   0   0
3672000  348000|  2   1   0  97   0   0
 608000  390000|  1   1   0  98   0   0
 336000  233000|  2   3   0  95   0   0
2273000   45000|  1   1   0  98   0   0
5987000  393000|  2   2   0  95   0   0
6217000  555000|  5   4   0  91   0   0
 197000 1127000|  4   2   0  94   0   0
 746000 2494000|  4   3   8  84   0   0
3333000 3900000|  5   3   0  92   0   0
7866000 7563000|  3   2   0  95   0   0
 108000   12000000|  5   3   0  92   0   0
  83000   21000000|  3   3   7  87   0   0
 659000   31000000|  5   3  23  69   0   0
1961000   47000000|  4   5   4  86   0   0
4861000   64000000|  8   8   3  81   0   1
6791000   76000000|  7   6   0  87   0   0
2878000   85000000|  6   5   0  88   0   1
3495000   88000000|  7   6   0  87   0   1
1554000   86000000|  7   7   0  85   0   1
4167000   58000000|  7   4   0  87   0   1
6008000   53000000|  4   4   0  91   0   0
4524000   54000000|  5   5   0  90   0   0
6665000   57000000|  5   4   0  90   0   1
8217000   57000000|  5   5   0  90   0   1
8096000   58000000|  7   6   4  83   0   1
9251000   59000000|  6   5   0  89   0   0
9211000   56000000|  6   6   0  88   0   0
6482000   58000000|  5   5   0  89   0   0
4423000   50000000|  6   6   5  83   0   1
5476000   52000000|  5   4  29  61   0   0
 737000   52000000|  6   4  21  69   0   0
2699000   55000000|  5   5  22  67   0   1
6278000   57000000|  6   6   1  88   0   0
6220000   59000000|  6   6   0  87   0   1
7607000   57000000|  7   4   0  88   0   0
8655000   62000000|  5   6   0  89   0   0
7677000   65000000|  6   6   0  87   0   1
5189000   66000000|  7   5   0  88   0   1
4369000   68000000|  7   5   9  79   0   0
4480000   62000000|  5   5   0  89   0   0
5681000   64000000|  6   6  21  67   0   0
 481000   65000000|  6   5  22  66   0   0
 497000   63000000|  5   5  22  67   0   0
 427000   60000000|  5   5  22  66   0   1
 473000   64000000|  5   5  23  67   0   0
 533000   62000000| 15   7   4  73   0   1
 653000   66000000| 33   6   0  59   0   1
 687000   65000000| 34   5   0  59   0   1
 771000   58000000| 34   6   0  60   0   1
 444000   60000000| 32   6   0  60   0   1
 514000   60000000|  8   5   0  86   0   1
 674000   62000000|  5   4   0  90   0   0
 537000   63000000|  6   3   0  91   0   0
 504000   51000000|  5   3  10  81   0   1
 906000   52000000|  5   3  23  68   0   0
2269000   56000000|  5   5  20  70   0   1
1484000   60000000|  5   3   0  90   0   1
 422000   61000000|  7   4   0  89   0   0
 475000   62000000|  7   2   0  91   0   1
 686000   65000000|  5   4   0  91   0   0
1051000   61000000|  5   5   0  90   0   0
2188000   62000000|  6   5   0  88   0   0
5484000   62000000|  6   6   0  87   0   0
9912000   62000000|  6   5  20  68   0   1
  11000000   63000000|  6   4   2  88   0   1
5824000   57000000|  7   5   0  88   0   1
 433000   60000000|  6   4   1  88   0   1
1279000   62000000|  8   4  19  69   0   0
2478000   62000000|  6   4  23  67   0   0
 413000   57000000| 11   4  23  62   0   0
 366000   59000000| 31   6  21  41   0   1
 420000   59000000| 31   6   5  58   0   1
 624000   61000000| 31   7  17  44   0   1
1003000   61000000|  9   5  37  49   0   0
 775000   54000000|  5   4   0  90   0   1
 376000   50000000|  5   4   0  91   0   0
 372000   51000000|  5   5   2  88   0   0
 535000   53000000|  4   4  24  68   0   0
1122000   55000000|  5   5  15  76   0   0
2564000   57000000|  6   5   0  88   0   0
 504000   61000000|  5   5   0  90   0   1
 527000   65000000|  5   4   0  90   0   1
 617000   68000000|  6   4   0  90   0   0
 672000   73000000|  6   4   0  90   0   0
 480000   69000000|  7   8  16  69   0   1
 516000   75000000| 31  10   2  55   0   2
 734000   80000000| 48   7   0  43   0   2
1086000   77000000| 41  11  24  22   0   3
1156000   72000000| 30   6  21  42   0   2
 335000   59000000| 54  10  15  20   0   2
 342000   56000000| 59  10   3  26   0   2
 347000   57000000| 60  11   3  24   0   3
 355000   53000000| 42   7  16  34   0   2
 309000   47000000| 29   6  37  27   0   1
 297000   48000000| 33   4  47  15   0   1
 273000   45000000| 55   7  36   0   0   2
 277000   47000000| 37   5  55   2   0   1
 279000   47000000| 27   3  68   0   0   2
 236000   36000000| 28   4  59   7   0   1
 212000   33000000| 27   2  47  23   0   1
 158000   21000000| 27   1  48  23   0   0
 157000   23000000| 27   3  56  14   0   1
 169000   25000000| 20   3  77   0   0   1
 198000   29000000|  7   2  90   0   0   1
 176000   27000000| 27   2  71   0   0   1
 183000   27000000| 26   3  72   0   0   0
 182000   30000000| 12   2  76   9   0   0
 197000   29000000|  1   2  70  26   0   0
  98000   17000000|  1   2  97   0   0   0
 133000   21000000|  2   2  96   0   0   0
 150000   23000000|  5   1  94   0   0   0
 166000   27000000| 25   1  73   0   0   1
 163000   22000000| 11   2  85   2   0   0
 119000   20000000|  3   4  94   0   0   0
9709B 5119B|  1   1  98   0   0   0
  26000   17000|  2   1  97   0   0   0
  12000   16000|  1   1  98   0   0   0
7508B   10000|  1   1  79  19   0   0
2729B   35000|  1   1  82  16   0   0
6386B   31000|  0   1  99   0   0   0
 580B    0|  1   1  99   0   0   0
 627B    0|  0   1  99   0   0   0
 196B    0|  1   1  99   0   0   0
 384B    0|  5   5  87   3   0   0
  11000  749000|  4   2  64  31   0   0
  16000 2084000|  3   2  66  29   0   0
  25000 4228000|  3   2  59  37   0   0
  38000 6600000|  3   2  96   0   0   0
  60000   12000000|  4   4  92   0   0   0
  85000   20000000|  4   3  74  20   0   0
 131000   32000000|  4   4  84   8   0   0
 180000   47000000|  5   4  91   0   0   0
 240000   60000000|  6   4  90   0   0   0
 311000   78000000|  4   5  90   0   0   1
 329000   84000000|  5   6  89   0   0   1
 386000   99000000|  6   4  91   0   0   0
 497000   97000000|  6   4  89   1   0   0
 434000   75000000|  4   5  91   0   0   1
 353000   61000000|  5   3  92   0   0   0
 260000   53000000|  6   3  92   0   0   0
 279000   52000000|  5   4  91   0   0   0
 263000   51000000|  3   4  93   0   0   0
 268000   50000000|  4   3  92   1   0   0
 262000   44000000|  5   3  92   0   0   0
 242000   40000000|  5   4  91   0   0   0
 244000   39000000|  4   3  93   0   0   0
 225000   40000000|  3   3  94   0   0   0
 230000   38000000|  4   4  92   0   0   0
 222000   39000000|  4   3  91   1   0   0
 227000   39000000|  5   3  92   0   0   0
 223000   40000000|  5   3  92   0   0   0
 228000   37000000|  4   4  92   0   0   0
 203000   35000000|  4   2  94   0   0   0
 185000   35000000|  5   2  93   0   0   0
 184000   38000000|  4   4  91   1   0   0
 210000   39000000|  5   3  92   0   0   0
 222000   43000000|  5   3  92   0   0   0
 242000   47000000|  4   4  92   0   0   0
 285000   52000000|  5   4  91   0   0   0
 318000   54000000|  4   4  92   0   0   0
 312000   55000000|  5   4  90   1   0   0
 341000   58000000|  4   3  92   0   0   0
 332000   56000000|  5   5  90   0   0   0
 340000   59000000|  6   4  90   0   0   0
 375000   61000000|  4   4  92   0   0   0
 438000   65000000|  6   5  90   0   0   0
 439000   61000000|  4   4  91   1   0   0
 513000   61000000|  5   3  92   0   0   0
 527000   57000000|  4   4  91   0   0   0
 380000   50000000|  4   4  92   0   0   0
 364000   48000000|  4   4  92   0   0   0
 404000   52000000|  6   3  91   0   0   0
 431000   55000000|  5   4  90   1   0   0
 454000   58000000|  5   2  93   0   0   0
 472000   63000000|  5   5  90   0   0   0
 522000   68000000|  6   5  90   0   0   0
 548000   71000000|  4   5  90   0   0   0
 642000   78000000|  5   4  90   0   0   0
 612000   79000000|  5   5  89   1   0   1
 534000   70000000|  5   5  90   0   0   0
 475000   63000000|  4   4  91   0   0   0
 481000   67000000|  6   4  90   0   0   0
 526000   69000000|  5   4  90   0   0   0
 549000   74000000|  5   5  90   0   0   0
 551000   75000000|  5   6  88   1   0   0
 510000   74000000| 28   6  65   0   0   1
 457000   67000000| 31   6  63   0   0   1
 475000   72000000| 30   6  63   0   0   1
 561000   79000000| 31   7  60   0   0   1
 559000   79000000| 57  11  30   0   0   2
 529000   79000000| 28   6  64   1   0   2
 538000   68000000|  4   3  93   0   0   0
 427000   59000000|  3   3  93   0   0   0
 418000   56000000|  4   5  91   0   0   0
 336000   48000000|  4   3  93   0   0   0
 385000   55000000|  3   4  94   0   0   0
 424000   58000000|  5   3  90   2   0   0
 424000   60000000| 15   5  79   0   0   1
 406000   59000000| 29   5  65   0   0   1
 410000   62000000| 28   5  66   0   0   2
 401000   61000000| 29   5  66   0   0   1
 427000   64000000| 29   4  65   0   0   1
 438000   67000000| 39   6  52   1   0   1
 442000   62000000| 21   4  73   0   0   1
 442000   63000000|  3   3  94   0   0   1
 272000   39000000|  3   2  95   0   0   0
 235000   34000000|  2   2  96   0   0   0
 225000   32000000|  3   2  95   0   0   0
 224000   33000000|  2   2  94   2   0   0
 243000   34000000|  3   2  95   0   0   0
 244000   34000000|  2   3  95   0   0   0
 245000   35000000|  3   2  95   0   0   0
 275000   35000000|  3   2  95   0   0   0
 308000   36000000|  3   3  94   0   0   0
 327000   36000000|  3   2  94   1   0   0
 357000   38000000|  3   2  95   0   0   0
 354000   40000000|  2   2  96   0   0   0
 364000   40000000|  3   2  95   0   0   0
 397000   39000000|  2   2  96   0   0   0
 327000   41000000|  2   2  95   0   0   0
 397000   45000000|  3   3  93   1   0   0
 512000   49000000|  4   2  94   0   0   0
 304000   42000000|  3   3  95   0   0   0
 261000   46000000|  4   3  93   0   0   0
 307000   51000000|  3   3  94   0   0   0
 349000   49000000|  4   3  93   0   0   0
 424000   49000000|  2   3  94   1   0   0
 597000   53000000|  6   3  90   0   0   0
 676000   55000000| 28   3  68   0   0   1
 572000   49000000| 28   3  69   0   0   1
 524000   50000000| 28   3  68   0   0   1
 472000   42000000| 23   3  73   0   0   1
 488000   45000000| 28   4  67   1   0   1
 400000   37000000| 27   2  70   0   0   1
 359000   38000000| 28   3  69   0   0   1
 380000   37000000| 27   2  70   0   0   1
 399000   36000000| 28   4  68   0   0   1
 283000   36000000| 52   4  41   1   0   2
 259000   33000000| 51   5  42   0   0   2
 275000   31000000| 53   4  41   0   0   1
 302000   33000000| 49   5  44   0   0   2
 299000   29000000| 53   2  44   0   0   1
 199000   24000000| 30   3  66   0   0   1
 178000   24000000| 26   1  71   2   0   1
 146000   16000000| 26   1  73   0   0   0
 144000   17000000| 26   1  72   0   0   1
 126000   19000000| 26   1  73   0   0   1
 130000   21000000|  3   2  95   0   0   0
 137000   25000000| 25   1  71   2   0   1
 140000   22000000| 26   1  73   0   0   0
 161000   24000000| 44   2  53   0   0   1
 174000   27000000| 41   2  57   0   0   1
 190000   30000000|  1   3  97   0   0   0
  48000 3404000|  0   0 100   0   0   0
5042B 3266B|  0   0  97   2   0   0
1960B 3080B|  0   0 100   0   0   0
2974B 2024B|  1   0 100   0   0   0
1148B 4196B|  0   0 100   0   0   0
 944B  156B|  1   1  98   0   0   0
2092B  224000|  1   0  99   0   0   0
4104B  621000|  1   0  98   1   0   0
4678B  875000|  1   1  99   0   0   0
9421B 1832000|  0   0  99   0   0   0
  15000 2837000|  1   1  99   0   0   0
  27000 5544000|  1   1  99   0   0   0
  44000 7863000|  1   1  99   0   0   0
  81000   14000000|  1   1  97   1   0   0
 110000   21000000|  1   1  98   0   0   0
 147000   28000000|  1   2  97   0   0   0
 157000   35000000|  1   2  97   0   0   0
 169000   43000000|  1   2  97   0   0   0
 211000   44000000|  1   1  98   0   0   0
 204000   39000000|  1   1  96   1   0   0
 141000   29000000|  1   2  98   0   0   0
 139000   32000000|  1   1  98   0   0   0
 137000   29000000|  1   1  98   0   0   0
 129000   29000000|  1   1  98   0   0   0
 159000   27000000|  1   1  98   0   0   0
 149000   30000000|  1   2  96   1   0   0
 141000   29000000|  1   1  98   0   0   0
 142000   31000000|  1   1  98   0   0   0
 134000   24000000|  1   1  98   0   0   0
 119000   24000000|  1   1  98   0   0   0
 118000   24000000|  1   1  98   0   0   0
 138000   25000000|  1   1  97   1   0   0
 128000   25000000|  1   1  98   0   0   0
 104000   26000000|  1   1  98   0   0   0
 100000   26000000|  1   1  98   0   0   0
 104000   27000000|  1   1  98   0   0   0
 107000   27000000| 25   1  74   0   0   1
 112000   28000000| 20   2  77   1   0   0
 122000   28000000|  1   1  98   0   0   1
 101000   17000000|  1   1  99   0   0   0
  47000   10000000|  1   1  99   0   0   0
  64000   12000000|  0   1  99   0   0   0
  55000   12000000|  1   1  99   0   0   0
  66000   15000000|  0   0  98   2   0   0
  75000   16000000|  1   0  99   0   0   0
  92000   19000000|  0   1  99   0   0   0
  96000   20000000|  1   1  98   0   0   0
  84000   17000000|  0   1  99   0   0   0
  76000   17000000|  0   1  99   0   0   0
  84000   19000000|  0   1  98   1   0   0
  93000   20000000|  1   0  99   0   0   0
 100000   20000000|  1   1  99   0   0   0
  82000   20000000|  1   1  99   0   0   0
 152000   23000000|  1   1  98   0   0   0
 134000   21000000|  1   0  99   0   0   0
 135000   23000000| 15   1  84   1   0   0
 134000   17000000| 25   0  75   0   0   0
  90000   17000000| 19   1  80   0   0   0
  89000   17000000|  1   1  98   0   0   0
  39000 3750000|  0   0 100   0   0   0
1078B    0|  0   0 100   0   0   0
