10	11	14	18	11	14	10	15	14
16	17	22	26	17	22	17	27	24
21	27	34	44	29	30	29	44	41
24	39	49	53	42	43	44	70	64
23	50	70	61	66	48	60	104	96
20	62	88	51	93	63	87	85	95
25	73	106	55	100	72	104	82	98
23	77	86	54	87	81	101	86	81
27	68	86	56	92	84	85	94	87
25	67	91	58	99	86	88	96	91
28	67	96	58	103	76	87	101	94
27	67	99	61	106	74	82	104	95
29	67	102	59	109	71	79	107	96
28	67	105	62	110	60	70	106	97
29	67	106	59	112	60	70	102	98
24	67	108	60	112	63	70	107	98
20	68	108	57	104	67	69	93	101
23	67	97	60	95	70	68	88	102
21	40	93	59	98	69	70	96	107
24	27	94	61	99	72	71	94	111
22	0.285	97	63	100	72	74	98	100
25	0.528	97	64	103	76	74	101	93
23	1.044	89	67	103	79	79	105	101
0.067	1.5	64	70	104	82	74	106	108
0.163	2.946	36	74	105	87	68	109	112
0.339	4.072	19	74	106	86	65	106	91
0.457	7.755	18	78	101	84	73	108	83
1.011	4.745	21	82	102	80	74	108	87
1.696		20	90	105	81	59	106	91
2.772		23	89	109	77	60	109	91
4.394		22	85	112	68	67	111	93
7.138		27	88	111	69	67	95	93
3.97		26	83	106	72	65	81	94
		0.406	61	97	74	44	90	95
		1.042	63	77	74	41	97	98
		1.448	58	43	71	48	101	100
		3.098	43	39	75	53	105	104
		5.054	30	39	77	40	106	109
		8.525	31	0.012	77	42	107	107
		9.011	30	0.314	78	46	106	75
			32	1.183	71	45	106	78
			31	1.939	70	49	108	83
			33	3.842	66	57	109	89
			30	6.314	67	57	109	91
			18	9.718	67	61	85	93
			11		68	62	89	96
			12		69	67	97	98
			15		60	68	103	100
			16		49	71	110	103
			20		46	76	109	87
			21		47	81	109	77
			27		44	85	109	87
			22		44	79	110	95
			22		34	82	97	98
			23		36	77	104	102
			10		36	69	107	104
			0.459		34	64	100	104
			1.053		32	63	106	104
			2.012		34	75	111	104
			3.368		25	76	106	105
			6.849		22	69	109	105
			9.849		23	74	109	85
			6.29		25	71	109	92
			5.937		25	68	100	98
			6.198		24	65	105	103
			7.344		26	68	105	103
			8.272		26	70	102	104
			9.673		27	73	106	104
					25	75	110	98
					20	74	102	82
					18	69	110	90
					19	57	99	95
					20	44	73	101
					21	43	83	98
					22	44	96	100
					22	48	93	102
					24	45	94	101
					25	49	99	102
					25	42	103	104
					16	40	85	109
					17	38	46	83
					18	41	48	87
					18	42	51	95
					20	26	53	101
					21	24	51	105
					23	20	50	109
					24	21	43	85
					28	22	47	83
					30	16	50	88
					35	11	56	93
					22	12	50	94
					0.013	11	29	96
					0.012	12	0.023	97
					0.013	12	0.022	97
					0.414	12	0.014	98
					1.521	12	0.031	95
					2.769	12	0.719	96
					5.233	12	2.483	93
					8.754	12	4.895	94
						13	8.831	98
						13		98
						13		103
						13		105
						14		111
						15		87
						16		71
						17		72
						14		82
						0.714		87
						0.46		93
						0.421		97
						0.489		99
						0.289		64
						0.375		58
						0.31		59
						0.466		55
						0.78		49
						1.249		50
						0.604		40
						2.095		38
						3.412		31
						5.641		33
						5.606		31
								28
								30
								23
								25
								28
								32
								26
								17
								19
								16
								0.032
								0.017
								0.032
								0.041
								1.983
								4.435
								8.192
