   0     0|  0   0 100   0   0   0
 851B  557B|  4   3  91   1   0   0
2528B 1634B|  2   2  96   0   0   0
1563B 1492B|  3   2  95   0   0   0
1112B 1092B|  3   3  94   0   0   0
 982B 8222B|  3   3  94   0   0   0
2360B  184000|  4   3  92   1   0   0
7474B  620000|  4   3  93   0   0   0
  31000 3021000|  3   3  95   0   0   0
  59000 8060000|  5   3  92   0   0   0
  69000   16000000|  4   2  94   0   0   0
  76000   16000000|  4   3  94   0   0   0
  88000   18000000|  5   3  91   1   0   0
  92000   18000000|  5   3  92   0   0   0
 113000   17000000|  5   6  89   0   0   0
 119000   15000000|  5   6  89   0   0   0
7587B  264000|  4   5  91   0   0   0
  10000  574000|  3   2  95   0   0   0
  12000  801000|  3   2  95   1   0   0
  12000 1801000|  4   2  94   0   0   0
  16000 2735000|  4   2  93   0   0   0
  31000 4908000|  4   3  93   0   0   0
  46000 7348000|  3   3  94   0   0   0
 103000   12000000|  5   2  93   0   0   0
 102000   13000000|  5   7  87   1   0   0
  87000   15000000|  5   3  92   0   0   0
  84000   15000000|  5   3  92   0   0   0
 103000   17000000|  5   7  88   0   0   0
  94000   15000000|  3   3  94   0   0   0
 107000   18000000|  4   3  93   0   0   0
  95000   17000000|  5   7  87   1   0   0
 124000   18000000|  5   5  89   0   0   0
 114000   18000000|  4   5  92   0   0   0
  99000   17000000|  4   3  93   0   0   0
 102000   18000000|  4   6  90   0   0   0
  98000   17000000|  5   6  89   0   0   0
  92000   18000000|  4   4  91   1   0   0
  94000   17000000|  5   2  93   0   0   0
 103000   18000000|  5   2  93   0   0   0
 111000   17000000|  5   4  91   0   0   0
 116000   18000000|  4   3  93   0   0   0
 101000   16000000|  6  10  85   0   0   0
 107000   18000000|  4   7  88   1   0   0
  99000   16000000|  6   4  90   0   0   0
  78000   18000000|  4   4  91   0   0   0
  72000   17000000|  9   2  89   0   0   0
  76000   17000000| 31   3  66   0   0   0
  78000   17000000| 30   3  66   0   0   1
  74000   17000000| 12   4  81   3   0   1
  25000 2518000|  5   3  91   1   0   0
4646B 3372B|  3   2  95   0   0   0
2644B 3326B|  4   1  95   0   0   0
1824B 1884B|  3   2  95   0   0   0
1392B 4270B|  4   2  95   0   0   0
2912B  102000|  4   3  92   2   0   0
6970B  563000|  3   3  94   0   0   0
  42000 3140000|  5   2  93   0   0   0
 135000   11000000|  5   2  93   0   0   0
 189000   27000000|  5   3  92   0   0   0
 271000   29000000|  5   3  92   0   0   0
  98000 4870000|  5   2  92   1   0   0
5078B  280000|  5   2  94   0   0   0
9906B  597000|  4   2  94   0   0   0
  15000 1087000|  4   2  95   0   0   0
  22000 2228000|  3   3  94   0   0   0
  34000 3279000|  4   2  94   0   0   0
  66000 6994000|  5   2  92   1   0   0
  75000 9993000|  4   2  94   0   0   0
 167000   19000000|  5   3  92   0   0   0
 185000   23000000|  5   2  93   0   0   0
 188000   29000000|  4   3  92   0   0   0
 191000   27000000|  5   3  92   0   0   0
 180000   25000000|  4   2  93   1   0   0
 117000   17000000|  5   2  93   0   0   0
 141000   21000000|  5   4  92   0   0   0
 151000   23000000|  5   3  92   0   0   0
 173000   27000000|  5   3  92   0   0   0
 191000   29000000|  5   3  92   0   0   0
 196000   27000000|  5   3  91   1   0   0
 192000   30000000|  5   5  90   0   0   0
 208000   27000000|  6   8  86   0   0   0
 227000   31000000|  6   4  90   0   0   0
 222000   28000000|  5  11  84   0   0   0
 189000   32000000|  4   5  91   0   0   0
 141000   28000000|  5   3  92   1   0   0
 126000   31000000|  5   2  93   0   0   0
 118000   29000000|  6   3  91   0   0   0
 124000   31000000|  5   3  92   0   0   0
 125000   30000000|  5   3  92   0   0   0
 136000   30000000|  6   4  90   0   0   0
 131000   31000000|  4   2  93   1   0   0
 126000   30000000|  5   4  91   0   0   0
 134000   32000000|  6   2  92   0   0   0
 129000   30000000|  5   5  90   0   0   0
 143000   34000000|  5   2  92   0   0   0
 155000   32000000|  4   3  93   0   0   0
 198000   36000000| 29   5  65   1   0   1
 210000   33000000| 31   6  62   0   0   1
 218000   25000000| 31   6  63   0   0   1
 164000   17000000| 31   4  65   0   0   0
 212000   18000000| 31   5  64   0   0   0
 228000   18000000| 31   3  65   0   0   1
  59000 3051000| 30   2  67   1   0   0
   0     0| 12   3  85   0   0   0
   0     0|  5   2  93   0   0   0
   0     0|  4   3  94   0   0   0
   0     0|  3   2  95   0   0   0
   0     0|  3   2  95   0   0   0
   0     0|  3   2  93   2   0   0
   0     0|  3   2  95   0   0   0
   0     0|  3   2  95   0   0   0
   0     0|  4   3  94   0   0   0
   0     0|  3   2  95   0   0   0
   0     0|  3   3  94   0   0   0
   0     0|  5   2  92   1   0   0
   0     0| 20   2  78   0   0   0
   0     0| 30   2  68   0   0   0
   0     0| 30   3  67   0   0   0
   0     0| 30   3  67   0   0   0
   0     0| 30   2  68   0   0   0
   0     0| 30   2  67   1   0   0
 967000   96000000|  7   2  90   0   0   0
  57000 6501000|  4   3  92   1   0   0
5314B 2726B|  5   3  91   2   0   0
8698B 6280B|  3   3  94   0   0   0
4432B 5968B|  3   3  94   0   0   0
5180B 3768B|  3   2  93   2   0   0
2424B 8328B|  2   2  96   0   0   0
1692B  592B|  3   4  93   0   0   0
9220B  383000|  3   2  95   0   0   0
  51000 2443000|  5   3  93   0   0   0
 195000   10000000|  5   2  92   0   0   0
 674000   35000000|  5   3  90   1   0   1
 430000   24000000|  5   5  90   0   0   0
 262000   26000000|  4   4  92   0   0   0
 187000   31000000|  6   4  90   0   0   0
 186000   33000000|  7   3  90   0   0   0
 174000   35000000|  6   5  90   0   0   0
 164000   35000000|  5   4  90   1   0   0
 204000   37000000|  5   3  91   0   0   0
 192000   35000000|  6   3  91   0   0   0
 214000   38000000|  6   3  90   0   0   0
 182000   36000000|  5   3  91   0   0   0
 196000   38000000|  5   3  92   0   0   0
 195000   37000000|  6   4  90   1   0   0
 202000   38000000|  6   4  89   0   0   0
 198000   37000000|  6   4  90   0   0   0
 228000   40000000|  6   5  89   0   0   0
 204000   39000000|  5   4  91   0   0   0
 224000   43000000|  6   4  89   0   0   0
 235000   44000000|  6   4  89   1   0   0
 249000   47000000|  6  18  74   1   0   1
 270000   51000000|  5   8  87   0   0   0
 272000   55000000|  5   5  90   0   0   0
 369000   61000000|  6   6  88   0   0   0
 221000   34000000|  5   5  90   0   0   0
 167000   34000000|  5   3  90   1   0   0
 189000   38000000|  3   5  91   0   0   0
 164000   40000000|  5   4  91   0   0   0
 163000   42000000|  6   4  90   0   0   0
 184000   47000000|  5   5  90   0   0   0
 192000   50000000|  6  10  84   0   0   0
 205000   53000000|  6   8  85   1   0   0
 213000   55000000|  7   7  85   0   0   1
 225000   60000000|  6  13  80   0   0   1
 235000   61000000|  7  11  82   0   0   1
 257000   65000000|  7  10  83   0   0   0
 258000   64000000|  6  11  82   0   0   0
 282000   68000000|  7   8  85   1   0   0
 307000   65000000|  8   4  88   0   0   1
 381000   69000000|  6  12  81   0   0   1
 492000   66000000|  8   8  84   0   0   0
 373000   43000000| 31   8  60   0   0   1
 409000   40000000| 38  13  48   0   0   1
 436000   30000000| 15   5  79   1   0   0
  96000   11000000|  5   2  94   0   0   0
 113000   16000000|  4   3  93   0   0   0
 152000   20000000|  4   4  92   0   0   0
 108000   11000000|  4   2  57  37   0   0
 124000   12000000| 10   2   0  87   0   0
 165000   15000000| 31   4   0  65   0   1
 203000   19000000| 31   3   0  65   0   1
 258000   21000000| 30   4   0  65   0   1
 212000   18000000| 29   4  61   6   0   1
 173000   17000000|  3   3  94   0   0   0
 123000 9099000|  4   2  94   0   0   0
 140000 9150000|  4   2  93   1   0   0
 127000   10000000|  4   3  93   0   0   0
 141000   10000000|  3   2  95   0   0   0
 124000   10000000| 28   2  69   0   0   0
 137000   11000000| 31   2  67   0   0   1
 166000   11000000| 30   3  67   0   0   0
 133000   10000000| 30   3  67   1   0   0
 169000   10000000| 30   2  67   0   0   1
 117000 6125000| 26   3  71   0   0   0
 121000 6272000|  5   2  93   0   0   0
 120000 6890000| 29   2  69   0   0   0
  67000 4268000| 29   2  68   0   0   1
  39000 2602000| 30   2  66   2   0   0
  37000 2602000| 29   2  69   0   0   0
  36000 2563000| 29   2  69   0   0   0
  42000 2640000| 30   2  68   0   0   0
  43000 2668000| 29   2  69   0   0   0
  54000 2802000| 29   2  69   0   0   0
  42000 2935000| 30   2  67   2   0   0
  61000 3269000| 29   2  69   0   0   0
  61000 3602000| 29   2  69   0   0   0
  67000 4203000| 30   2  69   0   0   0
  74000 5003000| 28   2  70   0   0   0
  75000 5671000|  7   3  90   0   0   0
  80000 6822000|  3   2  81  14   0   0
  14000   97000|  5   5  77  14   0   0
  18000   12000|  2   2  91   5   0   0
  11000   99000|  3   2  32  63   0   0
  12000  177000|  4   2  16  79   0   0
  15000  261000|  4   2   5  89   0   0
  12000  261000|  3   2   0  95   0   0
9656B  187000|  2   2   0  96   0   0
9072B  157000|  2   2  28  67   0   0
2266B   13000|  2   2  96   0   0   0
1540B    0|  4   5  92   0   0   0
  13000  651000|  6   3  92   0   0   0
  56000 3135000|  4   2  92   1   0   0
 332000   15000000|  5   3  91   0   0   1
 738000   34000000|  7   4  89   0   0   0
 257000   28000000|  7   4  89   0   0   0
 243000   27000000|  6   3  91   0   0   0
 266000   36000000|  6   4  90   0   0   0
 330000   45000000|  7   4  89   1   0   0
 370000   54000000|  7   4  88   0   0   0
 380000   53000000|  7   4  89   0   0   0
 376000   55000000|  7   5  88   0   0   0
 337000   54000000|  5   4  91   0   0   0
 322000   51000000|  6   5  89   0   0   0
 351000   48000000|  7   5  87   1   0   0
 407000   54000000|  6   4  90   0   0   0
 368000   52000000|  7   5  87   0   0   0
 415000   58000000|  7   5  88   0   0   0
 295000   41000000|  6   4  90   0   0   0
 252000   44000000|  7   4  90   0   0   0
 248000   39000000|  6   4  89   1   0   0
 183000   28000000|  5   3  91   0   0   0
 192000   29000000|  7   4  89   0   0   0
 197000   30000000|  7   3  90   0   0   0
 204000   33000000|  7   4  89   0   0   0
 207000   34000000|  6   4  90   0   0   0
 217000   36000000|  6   4  89   1   0   0
 219000   38000000|  6   5  89   0   0   0
 232000   42000000|  7   5  88   0   0   0
 258000   45000000|  6   4  91   0   0   0
 296000   52000000|  7   5  88   0   0   0
 306000   49000000|  6   4  90   0   0   0
 298000   52000000|  6   5  88   1   0   0
 312000   56000000|  6   5  88   0   0   0
 353000   62000000|  8   5  87   0   0   0
 390000   66000000|  7   5  88   0   0   0
 436000   71000000|  8   7  85   0   0   0
 471000   74000000|  7   5  87   0   0   1
 475000   79000000|  7   7  85   1   0   0
 476000   74000000|  8   5  87   0   0   0
 225000   36000000|  7   9  84   0   0   0
 195000   44000000|  7  19  73   0   0   1
 214000   53000000|  7  13  80   0   0   0
 231000   59000000|  8  13  79   0   0   1
 248000   63000000|  7  15  77   1   0   1
 270000   65000000|  5   7  87   0   0   0
 286000   70000000|  7   6  87   0   0   0
 303000   71000000|  7   6  87   0   0   0
 313000   75000000|  7   7  86   0   0   0
 317000   78000000|  6   8  86   0   0   0
 339000   84000000|  8   7  85   1   0   0
 324000   64000000|  7   6  86   0   0   0
 322000   67000000|  7   4  88   0   0   0
 438000   71000000|  8   7  85   0   0   0
 588000   75000000|  8   8  84   0   0   0
 842000   60000000|  6  14  78   0   0   1
 187000   15000000|  6   4  89   1   0   0
 179000   20000000|  6   4  90   0   0   0
 280000   29000000|  5   5  90   0   0   0
 316000   33000000|  6   5  89   0   0   0
 246000   30000000|  6   3  91   0   0   0
 350000   36000000|  6   5  89   0   0   0
 359000   39000000|  6   3  90   1   0   0
 434000   41000000|  6   6  89   0   0   0
 443000   44000000|  5   5  90   0   0   0
 463000   45000000|  8   5  87   0   0   0
 417000   43000000| 21   5  73   0   0   1
 528000   47000000| 34  14  52   0   0   1
 517000   47000000| 33  11  54   0   0   2
 493000   50000000| 32  11  55   0   0   2
 572000   50000000| 33   7  60   0   0   1
 594000   53000000| 32  12  55   0   0   1
 611000   52000000| 35  22  41   0   0   2
 700000   53000000| 16   7  76   0   0   1
 352000   28000000|  6   3  90   1   0   0
 488000   40000000|  6   4  90   0   0   0
 610000   45000000|  9   4  87   0   0   0
 742000   49000000| 32   6  60   0   0   2
 595000   33000000| 31   3  64   0   0   2
 321000   27000000| 33   4  63   0   0   1
 453000   33000000| 32   4  61   2   0   1
 502000   38000000| 36   5  58   0   0   1
 553000   40000000| 55   4  40   0   0   2
 559000   41000000| 38   5  55   0   0   2
 381000   30000000| 31   5  64   0   0   1
 295000   27000000| 31   4  65   0   0   0
 312000   27000000| 46   6  45   2   0   2
 347000   28000000| 61   7  30   0   0   2
 359000   28000000| 61   7  31   0   0   1
 364000   30000000| 57   6  36   0   0   1
 392000   30000000| 57   7  35   0   0   1
 312000   24000000| 51   5  42   0   0   1
 333000   25000000| 59   6  33   0   0   2
 363000   27000000| 53   6  41   0   0   1
 407000   28000000| 25   3  71   0   0   1
 336000   22000000|  2   3  95   0   0   0
 281000   17000000|  3   2  95   0   0   0
 295000   18000000|  1   2  96   0   0   0
 319000   16000000|  3   2  94   2   0   0
 168000   10000000|  2   2  96   0   0   0
 206000   12000000|  2   2  96   0   0   0
 287000   17000000|  2   3  95   0   0   0
 280000   16000000|  2   2  96   0   0   0
 252000   16000000|  3   1  95   0   0   0
 254000   16000000|  4   3  93   1   0   0
 183000   16000000|  4   2  94   0   0   0
 158000   14000000|  2   3  95   0   0   0
 165000   14000000|  4   2  94   0   0   0
 174000   15000000| 24   3  72   0   0   0
 176000   15000000| 29   3  68   0   0   0
 168000   15000000| 48   3  47   1   0   0
 146000   15000000| 58   4  37   0   0   1
 176000   15000000| 47   3  50   0   0   1
 136000   11000000| 28   2  70   0   0   1
  60000 4337000| 27   1  71   0   0   0
  72000 4603000| 28   1  71   0   0   0
  63000 4803000| 27   1  70   2   0   0
  71000 5003000| 19   1  80   0   0   0
  73000 5271000|  1   2  97   0   0   0
  82000 4864000|  4   4  92   0   0   0
  12000   13000|  2   2  97   0   0   0
  12000 6444B|  1   2  97   0   0   0
8675B   14000|  2   2  94   2   0   0
6040B 6066B|  1   1  98   0   0   0
4018B   18000|  2   2  97   0   0   0
 874B    0|  1   2  97   0   0   0
 324B    0|  1   2  97   0   0   0
 794B    0|  1   2  97   0   0   0
4232B   55000|  4   4  90   1   0   0
  38000 2147000|  5   2  92   0   0   0
 200000 9342000|  5   2  93   0   0   0
1045000   43000000|  6   5  89   0   0   1
 811000   62000000|  6   3  91   0   0   0
 233000   62000000|  7   4  89   0   0   0
 262000   68000000|  6   4  89   1   0   1
 302000   73000000|  5   5  90   0   0   0
 328000   74000000|  6   4  90   0   0   0
 398000   77000000|  6   6  88   0   0   1
 394000   76000000|  6   4  89   0   0   0
 438000   79000000|  6   5  89   0   0   0
 442000   78000000|  5   6  88   1   0   0
 528000   80000000|  5   6  89   0   0   0
 482000   71000000|  6   5  89   0   0   0
 276000   65000000|  5   5  89   0   0   0
 285000   67000000|  6   5  88   0   0   0
 281000   68000000|  6   4  89   0   0   0
 292000   70000000|  5   6  87   1   0   0
 307000   71000000|  7   5  88   0   0   0
 334000   73000000|  6   5  89   0   0   0
 320000   75000000|  6   5  88   0   0   0
 300000   78000000|  7   5  88   0   0   0
 286000   72000000|  5   6  89   0   0   0
 290000   79000000|  6   5  89   1   0   0
 316000   84000000|  7   5  87   0   0   1
 338000   91000000|  8   6  86   0   0   0
 366000   98000000|  8   6  86   0   0   0
 366000   92000000|  6   7  87   0   0   0
 330000   88000000|  7   5  88   0   0   1
 344000   91000000|  8   5  86   1   0   0
 355000   88000000|  7   5  87   0   0   0
 363000   91000000|  7   5  88   0   0   0
 439000   96000000|  8   5  87   0   0   0
 460000   83000000|  7   6  88   0   0   0
 461000   73000000|  4   6  90   0   0   0
 752000   82000000|  6   5  89   1   0   0
 600000   52000000|  7   5  89   0   0   0
 520000   60000000|  6   5  88   0   0   0
 559000   67000000|  5   5  90   0   0   0
 521000   62000000|  6   4  90   0   0   1
 470000   58000000|  6   5  89   0   0   0
 487000   60000000|  6   5  88   1   0   0
 454000   57000000|  7   9  84   0   0   1
 447000   57000000|  5  21  73   0   0   1
 468000   59000000|  5   6  89   0   0   0
 530000   63000000| 10   8  81   0   0   0
 585000   65000000| 31   6  62   0   0   1
 586000   68000000| 31   8  60   1   0   1
 646000   65000000|  4   4  90   0   0   1
 593000   55000000|  6   4  90   0   0   1
 693000   58000000|  5   5  89   0   0   0
 707000   57000000|  6   4  89   0   0   0
 699000   54000000|  5   5  90   0   0   0
 392000   32000000|  4   3  91   2   0   0
 351000   32000000|  4   5  91   0   0   0
 389000   35000000|  5   3  92   0   0   0
 422000   37000000|  4   4  92   0   0   0
 467000   40000000|  4   3  92   0   0   0
 483000   39000000|  5   3  92   0   0   0
 585000   42000000|  7   4  89   1   0   0
 645000   48000000| 17   5  78   0   0   1
 617000   41000000| 30   4  65   0   0   1
 458000   40000000| 29   5  65   0   0   1
 447000   44000000| 24   5  70   0   0   1
 540000   44000000|  5   3  91   0   0   1
 404000   33000000|  5   4  89   2   0   0
 451000   35000000| 12   3  84   0   0   1
 430000   34000000| 31   3  65   0   0   1
 442000   35000000| 31   3  65   0   0   0
 463000   36000000| 31   4  64   0   0   1
 384000   32000000| 31   4  65   0   0   0
 384000   32000000| 30   5  64   1   0   1
 417000   33000000| 30   4  66   0   0   0
 482000   34000000| 30   3  66   0   0   1
 554000   35000000| 20   2  77   0   0   1
 572000   35000000| 26   4  70   0   0   1
 344000   28000000| 28   4  67   0   0   1
 273000   27000000| 29   3  65   2   0   0
 291000   29000000| 29   3  67   0   0   1
 365000   31000000| 29   3  66   0   0   1
 419000   32000000| 29   3  67   0   0   1
 468000   33000000| 30   3  67   0   0   1
 428000   33000000| 29   4  66   0   0   1
 530000   37000000| 37   4  56   1   0   1
 581000   38000000| 42   6  50   0   0   2
 659000   40000000| 57   7  34   0   0   2
 515000   35000000| 61   5  32   0   0   2
 207000   15000000| 79   5  15   0   0   1
 233000   17000000| 76   5  17   0   0   2
 262000   18000000| 67   6  24   1   0   2
 261000   17000000| 51   4  44   0   0   1
 314000   19000000| 56   4  38   0   0   2
 272000   14000000| 55   4  40   0   0   1
 251000   14000000| 33   3  63   0   0   1
 269000   16000000| 26   2  69   2   0   1
 162000 9773000| 30   2  68   0   0   1
 189000   11000000| 39   3  58   0   0   1
 201000   11000000| 27   1  72   0   0   0
  89000 5004000| 26   2  73   0   0   0
  86000 4736000| 26   1  73   0   0   0
  90000 5270000| 26   1  71   2   0   0
  83000 5128000| 25   1  73   0   0   0
 112000 5213000|  9   2  88   0   0   0
 125000 5470000|  1   1  98   0   0   0
  61000 2778000|  3   4  93   0   0   0
  12000   12000|  1   1  98   0   0   0
  14000 7160B|  0   2  96   2   0   0
9979B   16000|  2   1  97   0   0   0
5712B 6740B|  1   1  98   0   0   0
6920B   20000|  1   1  98   0   0   0
 128B    0|  1   1  98   0   0   0
 516B    0|  1   1  99   0   0   0
 595B    0|  0   1  98   1   0   0
 463B    0|  1   1  98   0   0   0
  10000  414000|  5   4  91   0   0   0
  71000 4148000|  3   2  95   0   0   0
 367000   17000000|  5   3  91   0   0   0
1335000   46000000|  5   4  90   0   0   1
 268000   38000000|  4   4  91   1   0   0
 253000   47000000|  4   3  93   0   0   0
 293000   57000000|  5   3  92   0   0   0
 351000   67000000|  6   5  89   0   0   0
 321000   48000000|  4   4  92   0   0   0
 329000   55000000|  5   3  92   0   0   0
 435000   61000000|  6   4  89   1   0   0
 585000   74000000|  5   6  89   0   0   1
 715000   79000000|  7   6  87   0   0   0
 672000   53000000|  6   3  91   0   0   0
 320000   45000000|  6   4  91   0   0   0
 455000   54000000|  4   4  92   0   0   0
 493000   59000000|  6   4  88   1   0   0
 350000   47000000|  5   3  91   0   0   0
 394000   52000000|  3   4  93   0   0   0
 362000   52000000|  6   4  91   0   0   0
 358000   57000000|  5   4  91   0   0   0
 384000   60000000|  5   4  91   0   0   0
 375000   63000000|  5   5  89   1   0   1
 388000   66000000|  5   5  89   0   0   0
 417000   68000000|  5   5  89   0   0   1
 466000   72000000|  5   6  88   0   0   0
 506000   75000000|  6   6  88   0   0   0
 586000   82000000|  5   6  89   0   0   1
 447000   66000000|  6   5  88   1   0   0
 424000   67000000|  4   6  89   0   0   0
 497000   72000000|  5   5  90   0   0   0
 593000   78000000|  5   5  89   0   0   0
 771000   83000000|  6   7  87   0   0   0
 676000   73000000|  5   5  90   0   0   0
 375000   60000000|  7   5  87   1   0   0
 408000   68000000|  5   6  89   0   0   0
 421000   73000000|  7   4  89   0   0   0
 500000   81000000|  6   5  89   0   0   1
 558000   85000000|  6   6  88   0   0   0
 425000   59000000|  5   4  91   0   0   0
 332000   59000000|  5   4  89   1   0   1
 351000   62000000|  6   5  89   0   0   0
 375000   69000000|  5   5  90   0   0   0
 353000   69000000|  5   5  90   0   0   0
 381000   72000000|  5   4  91   0   0   0
 397000   70000000|  4   4  91   0   0   0
 357000   73000000|  5   4  89   1   0   0
 332000   73000000|  5   5  90   0   0   0
 309000   75000000|  5   6  90   0   0   0
 293000   76000000|  6   5  89   0   0   0
 311000   79000000|  6   4  90   0   0   0
 311000   77000000|  5   5  90   0   0   0
 318000   82000000|  6   4  88   1   0   0
 331000   85000000|  7   4  88   0   0   1
 342000   90000000|  6   6  88   0   0   0
 375000   97000000|  5   6  89   0   0   0
 356000   67000000|  6   5  89   0   0   0
 241000   56000000|  4   4  92   0   0   0
 290000   65000000| 10   5  83   1   0   1
 386000   74000000| 29   8  61   0   0   1
 547000   86000000| 31   7  61   0   0   1
 563000   67000000| 28   6  64   0   0   1
 533000   56000000| 24   4  70   0   0   1
 829000   46000000| 28   5  65   0   0   2
 333000   28000000| 29   4  65   2   0   1
 376000   32000000| 34   5  60   0   0   1
 360000   34000000| 56   9  33   0   0   2
 390000   34000000| 57   8  34   0   0   1
 437000   36000000| 56   6  36   0   0   2
 444000   39000000| 57   9  33   0   0   2
 410000   42000000| 58   8  31   1   0   2
 459000   46000000| 75   8  14   0   0   3
 559000   53000000| 48   7  43   0   0   2
 580000   40000000| 29   3  67   0   0   1
 244000   28000000| 28   3  69   0   0   1
 247000   27000000| 27   3  68   0   0   1
 301000   30000000| 28   4  65   2   0   1
 370000   33000000| 28   4  68   0   0   1
 446000   37000000| 27   3  69   0   0   1
 282000   26000000| 28   3  69   0   0   0
 285000   29000000| 12   3  85   0   0   0
 393000   34000000|  3   3  95   0   0   0
 443000   40000000| 16   3  79   2   0   1
 480000   47000000| 28   4  68   0   0   1
 518000   48000000| 27   4  68   0   0   1
 504000   48000000|  9   3  87   0   0   0
 392000   38000000|  2   2  96   0   0   0
 317000   33000000|  2   2  96   0   0   0
 303000   34000000|  3   2  94   2   0   0
 323000   36000000|  2   3  95   0   0   0
 347000   37000000|  3   2  95   0   0   0
 372000   38000000|  3   3  94   0   0   0
 416000   39000000| 27   4  68   0   0   1
 415000   40000000| 27   3  70   0   0   1
 413000   40000000| 20   3  76   1   0   1
 386000   37000000|  2   2  95   0   0   0
 275000   30000000|  8   2  90   0   0   0
 351000   32000000| 27   3  70   0   0   1
 300000   33000000| 36   3  60   0   0   1
 299000   33000000| 52   4  43   0   0   1
 369000   31000000| 26   3  70   1   0   1
 150000   17000000| 26   2  72   0   0   1
 202000   18000000| 24   1  74   0   0   1
 244000   19000000| 18   3  79   0   0   0
 206000   15000000| 27   1  73   0   0   0
 205000   14000000| 26   1  71   2   0   0
 269000   15000000| 26   1  72   0   0   0
 224000   13000000| 26   1  73   0   0   1
 232000   15000000| 26   1  73   0   0   0
 245000   15000000| 40   2  57   0   0   1
 176000   14000000| 52   2  46   0   0   1
 106000   15000000| 37   1  60   1   0   1
  68000 9629000| 25   1  74   0   0   0
  37000 5137000| 11   2  87   0   0   0
  40000 5537000|  1   0  99   0   0   0
  29000 3364000|  2   2  96   0   0   0
7566B 8536B|  0   1  99   0   0   0
8856B 6360B|  1   1  97   2   0   0
6473B 9372B|  0   1  99   0   0   0
2800B 1800B|  1   0  99   0   0   0
3408B   12000|  0   0 100   0   0   0
 388B    0|  0   1  99   0   0   0
 480B    0|  0   0 100   0   0   0
5392B  224000|  2   3  94   1   0   0
  22000 1726000|  2   1  97   0   0   0
 117000 9692000|  2   1  97   0   0   0
 369000   32000000|  2   3  94   0   0   0
 387000   64000000|  3   3  94   0   0   0
 419000   76000000|  4   4  91   0   0   0
 371000   52000000|  2   2  95   1   0   0
  62000   13000000|  1   2  97   0   0   0
  78000   18000000|  2   1  97   0   0   0
  75000   19000000|  2   2  96   0   0   0
  95000   24000000|  2   3  95   0   0   0
 117000   28000000|  2   2  96   0   0   0
 156000   38000000|  2   3  94   1   0   0
 186000   43000000|  3   3  95   0   0   0
 197000   44000000|  3   3  94   0   0   0
 218000   50000000|  3   3  95   0   0   0
 253000   60000000|  3   3  94   0   0   0
 279000   63000000|  3   3  94   0   0   0
 296000   62000000|  3   3  93   1   0   0
 227000   53000000|  3   3  94   0   0   0
 253000   57000000|  2   3  95   0   0   0
 275000   60000000|  4   2  94   0   0   0
 313000   65000000|  2   4  94   0   0   0
 357000   68000000|  4   3  93   0   0   0
 338000   64000000|  3   3  93   1   0   0
 328000   62000000|  3   3  95   0   0   0
 376000   68000000|  3   3  94   0   0   0
 393000   67000000|  4   2  94   0   0   0
 416000   71000000|  3   3  94   0   0   0
 475000   72000000|  3   3  94   0   0   0
 519000   73000000|  4   2  93   1   0   0
 525000   73000000|  4   2  94   0   0   0
 305000   42000000|  2   3  95   0   0   0
 137000   35000000|  3   2  96   0   0   0
 133000   35000000|  2   2  96   0   0   0
 141000   37000000|  2   2  96   0   0   0
 144000   38000000|  2   3  94   1   0   0
 152000   40000000|  2   2  96   0   0   0
 153000   41000000|  2   2  95   0   0   0
 177000   44000000|  3   2  94   0   0   0
 191000   48000000|  3   2  95   0   0   0
 220000   54000000|  3   3  94   0   0   0
 260000   63000000|  2   3  94   1   0   0
 301000   69000000|  4   4  92   0   0   0
 346000   73000000|  3   3  94   0   0   0
 413000   79000000|  2   4  94   0   0   0
 289000   36000000|  3   3  95   0   0   0
 105000   24000000|  2   2  96   0   0   0
 125000   28000000|  2   2  96   1   0   0
 158000   32000000|  3   3  95   0   0   0
 158000   36000000|  2   2  96   0   0   0
 205000   43000000|  3   3  95   0   0   0
 239000   49000000|  3   2  95   0   0   0
 317000   57000000|  3   3  94   0   0   0
 351000   62000000|  3   3  92   1   0   0
 263000   51000000|  8   3  88   0   0   1
 276000   58000000| 27   4  68   0   0   1
 304000   62000000| 29   3  68   0   0   1
 324000   68000000| 26   5  68   0   0   1
 345000   71000000| 36   6  57   0   0   1
 387000   70000000| 46   6  45   1   0   2
 264000   46000000| 49   5  45   0   0   1
 236000   42000000| 39   5  55   0   0   1
 317000   51000000| 26   2  71   0   0   1
 187000   35000000| 26   3  71   0   0   0
 256000   40000000| 26   2  72   0   0   0
 178000   37000000| 26   3  69   2   0   1
 177000   36000000| 26   1  73   0   0   1
 129000   26000000| 17   2  81   0   0   0
 121000   22000000| 23   1  76   0   0   0
  64000   12000000| 24   0  75   0   0   1
  75000   13000000| 24   1  75   0   0   0
  72000   13000000| 12   1  85   3   0   0
  37000 5535000|  0   0  99   0   0   0
 452B    0|  0   0 100   0   0   0
 890B    0|  0   0 100   0   0   0
