   0     0|  1   1  94   4   0   0
 685B  711B|  4   2  93   1   0   0
2686B 1570B|  4   2  95   0   0   0
1320B 1492B|  4   3  94   0   0   0
1586B 1092B|  4   3  94   0   0   0
1290B 2080B|  5   3  90   2   0   0
1652B  145000|  4   2  94   0   0   0
2610B  294000|  3   2  95   0   0   0
4358B  620000|  4   2  94   0   0   0
6352B 1094000|  3   3  95   0   0   0
  13000 2298000|  3   6  91   0   0   0
  20000 4180000|  5   3  92   1   0   0
  30000 7205000|  4   2  94   0   0   0
  41000   11000000|  5   3  92   0   0   0
  66000   18000000|  4   6  90   0   0   0
  96000   26000000|  6   4  91   0   0   0
 139000   38000000|  5   3  92   0   0   0
 145000   36000000|  5   3  91   1   0   0
 143000   34000000|  5   4  90   0   0   0
 145000   34000000|  5   3  92   0   0   0
 148000   34000000|  5   4  91   0   0   0
 149000   34000000|  5   2  92   0   0   0
 146000   34000000|  4   4  92   0   0   0
 146000   34000000|  4   3  91   3   0   0
 146000   34000000|  5   4  90   0   0   0
 147000   34000000|  6   3  91   0   0   0
 147000   34000000|  6   3  92   0   0   0
 147000   34000000|  5   4  91   0   0   0
 148000   34000000|  9   4  87   0   0   0
 148000   38000000|  4   3  92   2   0   0
  48000 6133000|  5   4  91   0   0   0
4776B 3362B|  3   2  94   0   0   0
2696B 2984B|  4   2  94   0   0   0
1856B 2184B|  3   1  96   0   0   0
 952B 3896B|  4   3  92   1   0   0
3452B  226000|  4   3  93   0   0   0
3534B  449000|  4   2  94   0   0   0
6186B 1051000|  5   2  94   0   0   0
7752B 1594000|  4   2  94   0   0   0
  15000 3364000|  4   3  94   0   0   0
  23000 5088000|  4   2  93   1   0   0
  38000 9493000|  5   3  92   0   0   0
  50000   13000000|  4   4  92   0   0   0
  86000   23000000|  3   4  92   0   0   0
 116000   33000000|  7   4  89   0   0   0
 149000   40000000|  4   5  87   4   0   1
 147000   40000000|  5   5  87   2   0   0
 144000   40000000|  6   4  82   8   0   0
 163000   40000000|  8  13  65  14   0   0
 159000   40000000|  5  16  60  19   0   1
 189000   40000000|  7  17  60  16   0   0
 211000   40000000|  6  12  79   2   0   0
 238000   40000000|  5   7  87   0   0   0
 266000   40000000|  5  16  66  12   0   1
 168000   40000000|  5   6  67  22   0   0
 153000   40000000|  5   4  69  22   0   0
 161000   40000000|  4   4  69  23   0   0
 165000   40000000|  4   4  78  15   0   0
 164000   40000000|  7  11  68  14   0   1
 171000   40000000|  5   9  65  22   0   0
 168000   40000000|  5   4  68  23   0   0
 183000   40000000|  4   5  67  23   0   0
 243000   40000000|  4   4  68  23   0   0
 255000   40000000|  5   8  65  23   0   0
 271000   40000000|  5   4  68  24   0   0
 266000   40000000| 11   5  82   2   0   0
 287000   40000000| 29  13  56   0   0   1
 293000   40000000| 16   2  80   0   0   1
 321000   40000000| 21   2  76   0   0   1
 319000   40000000| 18   2  79   1   0   1
 502000   28000000|  4   3  83  11   0   0
 557000   11000|  4   5  68  23   0   0
 347000   11000|  3   3  71  24   0   0
  44000 5324B|  4   2  72  23   0   0
 193000 9524B| 12  13  67   8   0   0
3266B 9056B| 17  12  71   0   0   0
 530B    0| 15  14  70   0   0   0
3156B  127000| 19  15  66   0   0   0
6405B  611000| 17  14  69   0   0   0
  11000 1573000|  8   5  74  14   0   0
  39000 2610000|  4   2  70  24   0   0
  74000 5598000|  4   3  70  23   0   0
 124000 9212000|  5   2  70  23   0   0
 163000   16000000|  5   3  69  23   0   0
 369000   24000000|  7   3  68  23   0   0
1170000   36000000|  5   4  68  23   0   0
1507000   40000000|  6   4  66  24   0   0
2227000   40000000|  7   4  67  22   0   0
1496000   40000000|  7   4  67  22   0   0
 955000   40000000|  8   5  66  22   0   0
1065000   40000000|  5   5  67  22   0   0
 155000   40000000|  5   4  68  23   0   0
 158000   40000000|  7   4  76  13   0   0
 162000   40000000|  4   3  69  23   0   0
 186000   40000000|  6   4  68  22   0   0
 213000   40000000|  5   4  68  23   0   0
 235000   40000000|  5   4  68  23   0   1
 224000   40000000|  5   3  69  23   0   0
 225000   40000000|  7  32  43  17   0   1
 343000   40000000|  6   9  62  22   0   1
 240000   40000000|  7   6  65  22   0   0
 280000   40000000|  7  24  48  20   0   1
 303000   40000000|  7  28  45  18   0   1
 217000   40000000|  5   6  66  23   0   0
 198000   40000000|  5   4  66  24   0   0
 219000   40000000|  4   6  67  23   0   0
 218000   40000000|  5   9  64  21   0   1
 250000   40000000|  6   9  64  21   0   0
 275000   40000000|  7   4  66  23   0   0
 198000   40000000|  6  11  63  20   0   0
 242000   40000000|  6   9  63  22   0   0
 297000   40000000|  7  14  59  20   0   1
 291000   40000000|  7  10  62  21   0   0
 303000   40000000|  5   5  68  22   0   0
 309000   40000000|  6   3  68  23   0   0
 156000   40000000|  5   5  68  22   0   0
 313000   40000000|  6   8  65  22   0   0
 333000   40000000|  5   4  69  23   0   0
 162000   40000000|  6  10  61  22   0   1
 360000   40000000|  6   7  65  22   0   0
 393000   40000000|  5   3  69  23   0   0
 192000   40000000|  5   2  70  23   0   0
 444000   40000000|  4   3  69  23   0   1
1296000   19000000|  5   3  86   6   0   0
1556000  110000|  5   4  68  23   0   0
2927000  224000|  5   6  68  21   0   0
5823000  313000| 20  16  64   0   0   1
8818000  597000| 10   7  71  11   0   0
5246000 1118000|  7   9  60  24   0   0
 538000 1451000|  7   6  53  35   0   0
 177000 2100000|  5   6  49  40   0   0
 837000 2382000|  4   2  55  39   0   0
1326000 2822000|  6   2  64  28   0   0
 138000 2865000|  5   3  66  27   0   0
 238000 2891000|  4   2  61  33   0   0
 601000 3492000|  5   2  61  32   0   0
 256000 4355000|  5   2  55  38   0   0
 578000 5392000|  4   3  63  30   0   0
 332000 8392000| 33  14  34  19   0   0
  61000   12000000| 46  17  22  14   0   1
  74000   18000000| 44  17  19  19   0   1
 108000   28000000| 46  21  16  15   0   1
 146000   39000000| 46  15  19  18   0   1
 157000   40000000| 34   9  24  31   0   2
 173000   40000000| 53   6  20  18   0   2
   0     0| 34   4  20  40   0   1
   0     0| 30   3  28  37   0   2
   0     0| 31   3  32  33   0   1
   0     0| 26   4  45  23   0   1
3553000  192000000|  4   3  46  47   0   1
5037000   20000000|  4   2  51  42   0   1
4965000 5568000|  4   3  64  29   0   0
7581000  230000|  4   3  71  23   0   0
3799000  278000| 13   5  70  12   0   1
7464000  347000| 14   9  63  15   0   0
6954000  543000|  4   2  47  47   0   0
2546000  523000|  2   2  48  48   0   0
 865000  501000|  2   3  62  34   0   0
 141000  577000|  3   3  57  37   0   0
 435000  758000|  4   2  71  23   0   0
1179000 1413000|  3   2  71  23   0   0
3323000 1973000|  3   2  71  24   0   0
5951000 3597000|  4   2  71  24   0   0
6488000 4837000|  3   2  70  25   0   0
5969000 8654000|  3   3  70  24   0   0
3996000   12000000|  4   3  58  35   0   0
 837000   20000000|  4   2  56  38   0   0
 254000   28000000|  5   2  51  41   0   0
 385000   39000000|  4   2  52  42   0   0
 609000   40000000| 13   3  51  33   0   0
 445000   40000000|  6   3  68  22   0   0
 263000   10000000|  5   5  48  42   0   0
1297000   64000|  3   2  57  39   0   0
2903000   56000|  3   2  61  34   0   0
 129000   40000|  4   4  46  46   0   0
 375000   37000|  4   5  44  47   0   0
 466000  144000|  5   3  44  48   0   0
 169000  338000|  4   3  64  30   0   0
 280000  850000|  4   3  51  42   0   0
1629000 1591000|  2   3  46  50   0   0
2041000 2601000|  3   3  37  57   0   0
1956000 5339000|  3   4  32  62   0   0
2712000 8221000| 10   7  34  49   0   0
2848000   14000000| 18  14  37  32   0   0
2620000   21000000| 17  16  38  30   0   1
5316000   32000000| 19  14  44  22   0   0
5171000   40000000| 18  14  45  23   0   0
4198000   40000000| 14   9  52  24   0   1
3379000   40000000|  5   4  68  23   0   0
3179000   40000000|  3   4  70  23   0   0
3051000   40000000|  5   3  69  23   0   0
2459000   40000000|  6   4  54  37   0   0
1255000   40000000|  5   3  23  69   0   0
2035000   40000000|  4   3  23  70   0   0
 534000   40000000|  5   4  23  68   0   0
 342000   40000000|  4   3  23  70   0   0
 668000   40000000|  5   4  23  68   0   0
 889000   40000000|  4   3  23  70   0   0
 795000   40000000|  5   3  23  69   0   0
 839000   40000000|  5   4  23  68   0   0
1722000   40000000|  5   3  23  69   0   0
1075000   40000000|  4   2  23  70   0   0
1094000   40000000|  4   3  86   6   0   1
1108000   40000000|  4   3  93   0   0   0
1193000   40000000|  5   3  92   0   0   0
1204000   40000000|  4   3  90   2   0   0
1237000   40000000|  4   3  93   0   0   0
1244000   40000000| 25   5  70   0   0   1
1255000   40000000| 28   3  57  11   0   1
 658000   40000000| 21   3  45  30   0   1
 452000   40000000| 20   4  25  51   0   1
 203000   32000000|  3   4  25  68   0   0
 323000   11000|  4   3  28  65   0   0
1149000   20000|  2   2  37  58   0   0
3846000   64000|  3   3  47  47   0   0
3336000   37000|  2   2  37  59   0   0
3325000   47000|  2   2  22  74   0   0
5199000   54000|  4   3  37  56   0   0
5740000  293000|  4   1  47  47   0   0
5368000  849000|  3   3  33  61   0   0
3423000 1497000|  4   2  23  71   0   0
4015000 2799000| 14   7  34  45   0   0
4768000 5659000| 10   9  51  30   0   0
4516000 9926000|  4   2  49  45   0   0
5205000   17000000|  5   3  48  45   0   0
2523000   26000000|  5   3  43  49   0   0
 516000   38000000|  5   3  65  26   0   0
 221000   40000000|  5   4  56  36   0   0
 289000   40000000|  6   3  45  46   0   0
 265000   40000000|  6   3  46  46   0   0
 280000   40000000|  5   4  45  45   0   0
 236000   40000000|  5   3  46  46   0   0
 266000   40000000|  5   5  45  45   0   0
 263000   40000000|  6   3  45  46   0   0
 284000   40000000|  4   4  44  47   0   0
 300000   40000000|  5   3  46  46   0   0
 285000   40000000|  6   3  45  46   0   0
 383000   40000000|  5   4  45  46   0   0
 306000   40000000|  4   3  46  46   0   0
 518000   40000000|  5   3  45  46   0   0
 366000   40000000|  6   3  43  48   0   0
 385000   40000000|  4   3  47  46   0   0
 574000   40000000|  5   3  46  46   0   0
 611000   40000000|  5   3  46  46   0   0
 533000   40000000|  5   3  46  46   0   0
 581000   40000000|  5   3  45  46   0   0
 506000   40000000|  5   4  25  66   0   0
 319000   40000000|  8   6  25  60   0   1
 243000   40000000|  6   5  23  66   0   0
 627000   40000000|  5   3  23  70   0   0
 511000   40000000|  4   6  23  67   0   0
 719000   40000000|  5   3  23  69   0   0
 759000   40000000| 14   7  23  56   0   1
 856000   40000000| 30   3  22  45   0   1
 377000   40000000| 25   5  21  49   0   1
 700000   40000000|  4   2  22  72   0   0
1013000   40000000|  3   3  23  71   0   0
1110000   40000000|  4   2  42  52   0   0
1212000   40000000|  3   2  46  49   0   0
1299000   40000000| 24   4  30  42   0   1
1429000   40000000| 23   6  46  25   0   1
1036000   40000000|  4   5  23  68   0   0
 488000   40000000|  4   3  27  65   0   0
 719000   40000000|  4   3  30  63   0   0
 535000   40000000|  4   3  37  56   0   0
 445000   37000000|  7   3   3  86   0   0
 235000   17000000|  2   2  22  74   0   0
 153000 1960B|  1   3  17  78   0   0
 203000 4396B|  3   3  22  72   0   0
 227000 3578B|  1   2  24  73   0   0
 392000 4620B|  2   3  24  71   0   0
 468000 5410B|  2   3  33  62   0   0
 796000   16000|  2   3  24  71   0   0
1072000   18000|  2   2  48  49   0   0
1737000   21000|  2   2  48  48   0   0
2273000   31000|  2   3  48  48   0   0
3403000   43000|  2   2  38  57   0   0
4335000   45000|  2   2  24  72   0   0
3863000  101000|  5   3  23  68   0   0
 642000  715000|  4   3  36  58   0   0
1857000 1295000| 12  11  26  50   0   0
1926000 2901000| 18  12  15  55   0   0
 588000 4694000| 19  14  21  46   0   0
3922000   10000000| 16  16   5  62   0   1
1756000   15000000| 21  13  24  42   0   0
 787000   26000000| 10   8  22  60   0   0
5722000   37000000|  4   3  23  70   0   0
7677000   40000000|  5   4  29  62   0   0
5323000   40000000|  5   6  28  61   0   0
 530000   40000000|  4   5  23  68   0   0
1398000   40000000|  5   4  23  67   0   0
3959000   40000000|  6   4  32  58   0   0
 381000   40000000|  5   4  32  58   0   1
 225000   40000000|  5   5  33  57   0   0
3739000   40000000|  6   4  22  69   0   0
5951000   40000000|  4   6  25  64   0   0
3483000   40000000|  5   5  45  45   0   0
7275000   40000000|  4   4  44  47   0   1
5170000   40000000|  4   4  24  68   0   0
5809000   40000000|  8   6  22  63   0   1
4600000   37000000|  6   3  23  67   0   1
8032000  717000|  9   4  24  63   0   0
  11000000  610000| 16  12  21  50   0   0
3716000 1922000|  5   4  14  77   0   0
3970000 4172000|  6   4  23  67   0   0
7126000 9134000|  8   8  18  65   0   1
8032000   13000000|  8   8  15  69   0   0
3052000   22000000|  4   4   4  88   0   0
5679000   26000000|  4   3   2  90   0   0
  12000000   39000000|  5   4  19  71   0   0
1257000   40000000|  8   6  17  70   0   0
 533000   40000000| 18  15  16  51   0   0
 769000   40000000| 21  14   5  59   0   1
1505000   40000000| 19  14  11  55   0   1
3377000   40000000| 20  17  10  53   0   0
1260000   40000000| 16  13   1  70   0   0
 257000   40000000|  5   4   1  89   0   0
 276000   40000000|  6   4  11  79   0   0
 460000   40000000|  7   2   8  83   0   0
 313000   40000000|  6   5  26  63   0   0
1736000   40000000|  6   4   3  88   0   0
2381000   40000000|  5   4   0  91   0   0
 419000   40000000|  6   4   0  91   0   0
 856000   40000000|  5   3   0  92   0   0
 185000   40000000|  9   4  18  68   0   1
 558000   40000000| 31   4   0  65   0   1
 271000   40000000| 31   5   5  59   0   1
1125000   40000000| 29   2  23  46   0   1
 819000   40000000|  6   2  24  69   0   0
2902000   28000000|  4   3  25  68   0   1
 245000   14000000|  4   3  24  69   0   0
3116000   16000000|  4   2  23  70   0   0
6066000   18000000|  3   2  24  71   0   0
7747000   20000000|  3   2  37  57   0   0
6801000   23000000|  4   3  39  53   0   0
4897000   26000000|  3   6  31  59   0   0
7497000   29000000|  6   5  27  62   0   0
7321000   33000000| 20  11  44  24   0   1
8614000   37000000|  4   4  26  66   0   1
4657000   40000000|  4   4   2  89   0   0
 783000   40000000| 28   6  23  42   0   1
1422000   40000000|  4   4  32  60   0   1
1533000   17000000|  4   3  36  57   0   0
 193000   16000000|  2   3  48  48   0   0
 455000   19000000|  4   4  19  73   0   0
1053000   24000000|  3   3  34  60   0   0
2117000   30000000|  4   5  21  70   0   0
2017000   37000000|  5   7  25  63   0   0
2601000   40000000|  8  12  18  60   0   1
1960000   35000000|  3   4  31  63   0   0
2493000   34000000|  3   3  22  72   0   0
3311000   34000000|  3   4  23  70   0   0
3821000   36000000| 10   3  23  63   0   1
3207000   22000000|  2   3  23  72   0   0
4242000   44000|  2   2  24  73   0   0
3867000   44000|  2   2  23  73   0   0
3907000   45000|  3   3  24  70   0   0
4155000   55000|  2   2  22  74   0   0
4574000   46000|  2   2  24  72   0   0
4952000   51000|  2   2  24  72   0   0
2631000   34000|  2   1  24  72   0   0
3693000   38000|  2   2  25  72   0   0
4136000   42000|  3   2  17  78   0   0
1672000   63000|  2   3  19  76   0   0
3187000   80000|  2   3  17  78   0   0
1201000  143000|  3   2  23  72   0   0
3299000   50000|  3   3  18  76   0   0
 613000   42000|  3   4  15  78   0   0
2171000  222000|  3   3   3  91   0   0
5371000  510000|  3   2   8  87   0   0
4505000 1121000|  3   3  23  71   0   0
4801000 2063000| 12  11  19  58   0   0
 483000 3689000| 20  14  11  55   0   0
4316000 6700000| 14  15   0  71   0   0
5168000   11000000| 17  13  15  55   0   0
6469000   17000000| 18  14  15  54   0   0
5667000   26000000|  7   6  18  69   0   1
6945000   38000000|  4   2  19  75   0   0
2948000   40000000|  4   3   0  93   0   0
2157000   40000000|  4   3   0  93   0   0
3642000   40000000|  4   3   0  93   0   0
1359000   40000000|  3   4  19  74   0   0
3357000   40000000|  9   8  23  60   0   0
3065000   40000000|  3   2  23  71   0   0
2854000   40000000|  5   2  29  64   0   0
 821000   40000000|  4   3  29  64   0   0
 450000   40000000|  4   3  22  71   0   0
 742000   40000000|  3   3  24  71   0   0
 602000   40000000|  4   3  23  71   0   0
 168000   40000000|  4   2  23  72   0   0
 329000   40000000|  3   2  33  62   0   0
 221000   40000000|  4   3  46  47   0   0
 243000   40000000|  4   2  46  48   0   0
 503000   40000000|  3   3  46  48   0   1
 590000   40000000|  2   3  47  48   0   0
 680000   40000000|  3   3  47  48   0   0
 798000   40000000|  2   3  47  48   0   0
 904000   40000000|  3   3  47  48   0   0
1079000   40000000|  3   3  47  47   0   0
1254000   40000000| 14   4  35  47   0   0
1382000   40000000| 30   3  23  42   0   1
1524000   40000000| 25   2  40  31   0   1
1639000   40000000|  2   2  47  48   0   0
5519000   14000000|  2   4  37  57   0   0
6338000   76000|  3   5  25  67   0   0
8002000   95000|  5   7  24  63   0   0
  10000000  116000| 10   8  12  70   0   0
  15000000  204000| 16  12   9  63   0   1
5659000   80000|  3   2   5  91   0   0
2496000   53000|  2   1   0  97   0   0
 159000   11000|  2   2   6  90   0   0
 546000   14000|  2   2   0  96   0   0
1536000  111000|  4   3   1  93   0   0
3537000  578000|  2   2  24  72   0   0
7270000 1246000|  3   1  24  72   0   0
6415000 2374000|  2   2  23  73   0   0
8024000 4318000|  4   3  27  66   0   0
 196000 8490000|  3   3  24  71   0   0
 175000   14000000|  4   3  23  70   0   0
 408000   22000000|  4   3  13  81   0   0
1202000   34000000|  5   3   0  92   0   0
1201000   40000000|  4   4  14  78   0   0
1190000   40000000|  4   3   0  93   0   0
1093000   40000000|  4   3   0  93   0   0
 899000   40000000|  3   4   0  93   0   0
 884000   40000000|  4   4   0  92   0   0
 803000   40000000|  4   2   0  93   0   0
 756000   40000000|  3   3   0  94   0   0
 739000   40000000|  4   3   0  93   0   0
 616000   40000000|  5   5  24  66   0   0
 808000   40000000|  4   3   0  93   0   0
 554000   40000000|  4   4  10  82   0   0
1013000   40000000|  3   3  24  70   0   0
 696000   40000000|  5   4  22  68   0   0
1400000   40000000|  4   3  23  70   0   0
 531000   40000000|  4   3  21  72   0   0
 541000   40000000|  3   4  13  80   0   0
 863000   40000000|  4   3  27  66   0   0
 327000   40000000|  3   4   0  93   0   1
 593000   40000000|  4   4  13  79   0   0
 944000   40000000|  4   3  23  70   0   0
1017000   40000000|  3   4  23  70   0   0
 690000   40000000|  4   4  23  69   0   0
1031000   40000000|  3   3  23  71   0   0
1249000   40000000|  4   4  24  69   0   0
1424000   40000000|  4   3  23  70   0   0
1513000   40000000|  4   3  23  70   0   0
1718000   40000000|  4   4  23  69   0   0
 467000   40000000|  4   3  23  70   0   0
1663000   40000000|  3   1  24  72   0   0
4418000   34000000|  3   2  25  68   0   2
 144000  233000|  1   2  24  72   0   0
  21000  226000|  2   3  24  72   0   0
  23000  568000|  2   1  24  72   0   0
  33000  807000|  2   2  24  72   0   0
  36000 1092000|  2   2  25  72   0   0
  39000 1186000|  2   2  23  73   0   0
  50000 1771000|  1   3  24  72   0   0
  38000 1705000|  1   2  24  73   0   0
  43000 2482000|  2   3  24  72   0   0
  30000 2826000|  2   2  24  73   0   0
  38000 4715000| 10   2  16  72   0   0
  45000 6508000| 27   2   0  71   0   0
  73000   11000000| 27   2   0  70   0   1
  82000   15000000| 16   1  12  71   0   0
 115000   25000000|  3   1  25  71   0   0
  56000 6580000|  2   2  25  72   0   0
  25000 1204000|  1   1  25  73   0   0
  29000 1705000|  3   3  23  72   0   0
  30000 2405000|  1   2  25  73   0   0
  28000 4719000|  2   2  24  72   0   0
  35000 6814000|  1   2  24  73   0   0
  56000   12000000|  1   3  24  72   0   0
  76000   18000000|  2   2  24  72   0   0
 117000   29000000|  2   3  24  71   0   0
 161000   39000000|  2   4  24  71   0   0
 162000   40000000|  3   2  24  71   0   0
 161000   40000000| 26   4  23  46   0   0
 162000   40000000| 33   4   9  54   0   1
 159000   40000000| 19   2   7  71   0   0
 159000   40000000|  2   1  24  74   0   0
  45000 2431000|  1   2  25  72   0   0
8044B  490B|  1   2  25  73   0   0
9842B  588B|  1   2  25  73   0   0
7186B  490B|  1   2  24  73   0   0
9812B  588B|  1   1  24  73   0   0
7875B  490B|  0   2  25  73   0   0
  10000  588B|  1   1  25  73   0   0
9428B  588B|  0   2  25  73   0   0
8170B  490B|  1   1  25  74   0   0
9428B 1104B|  1   2  25  73   0   0
8054B  490B|  1   2  24  73   0   0
9172B  588B|  1   2  25  73   0   0
8042B  490B|  1   1  25  73   0   0
9268B  588B|  1   1  25  73   0   0
8010B  490B|  0   2  25  73   0   0
9908B  588B|  0   1  25  74   0   0
9432B  588B|  1   2  25  73   0   0
9228B  490B|  1   1  24  73   0   0
9502B  686B|  1   2  25  73   0   0
7846B  490B|  1   2  25  73   0   0
9432B  588B|  1   1  25  73   0   0
7782B  490B|  1   2  24  73   0   0
9368B  588B|  1   2  24  73   0   0
7814B  490B|  1   2  25  73   0   0
9848B  588B|  1   2  24  73   0   0
9806B  588B|  1   1  25  73   0   0
8298B  490B|  1   2  24  73   0   0
9878B  588B|  1   2  25  73   0   0
8320B  490B|  1   1  25  73   0   0
9791B  588B|  1   1  25  73   0   0
8687B  490B|  1   2  25  73   0   0
9791B  588B|  1   2  25  73   0   0
7978B  490B|  1   2  25  73   0   0
3356B  260B|  1   1  25  73   0   0
 687B    0|  1   1  24  74   0   0
 619B    0|  1   2  24  73   0   0
  14000   12000|  1   1  25  73   0   0
 201000 3220B|  1   2  24  73   0   0
 757000   11000|  1   2  25  73   0   0
2741000   43000|  2   6  26  66   0   0
1432000   37000|  3   4   8  85   0   1
4938000   72000| 16  16   7  60   0   0
3765000   70000| 18  19  23  40   0   0
6658000  186000| 17  16  14  52   0   0
6899000  104000| 15  13   0  72   0   0
  49000   94000| 15  13   0  72   0   0
 181000   46000|  2   2   0  96   0   0
 629000  216000|  2   2   9  88   0   0
1249000  397000|  2   2  19  77   0   0
4301000  928000|  2   2  12  84   0   0
4393000 1445000|  3   2   6  89   0   0
2229000 3064000|  5   8  12  75   0   0
3184000 4546000|  4   3  23  70   0   0
7183000 8755000|  8   8  11  73   0   1
7526000   12000000| 16  11   0  72   0   1
  11000000   20000000| 33  21   0  44   0   2
  12000000   27000000| 19  15   2  63   0   1
1240000   39000000| 15  15   5  63   0   1
  11000000   34000000| 17  14   0  69   0   0
 185000   34000000|  6   5   0  88   0   0
 257000   34000000|  3   2   0  94   0   0
 418000   34000000|  2   2   0  96   0   0
 585000   34000000|  2   3   0  96   0   0
 815000   34000000|  3   2   0  95   0   0
1281000   34000000|  2   2   0  96   0   0
2081000   34000000|  3   3   0  94   0   0
3483000   34000000|  3   2   0  95   0   0
3583000   34000000|  3   3  10  85   0   0
1028000   34000000|  3   3   1  94   0   0
3600000   34000000|  9   3  16  72   0   0
4366000   39000000|  4   3  16  76   0   1
9393000  719000|  2   2  16  80   0   0
8345000  101000|  2   4   4  90   0   0
2540000  127000|  3   4   1  93   0   0
8931000  101000|  2   2   0  96   0   0
9836000  123000|  2   2   9  87   0   0
7203000  114000|  3   2   5  90   0   0
9771000  132000|  2   2  37  59   0   0
  10000000  277000|  2   2  48  48   0   0
9677000  544000|  2   2  33  64   0   0
2979000 1110000|  4   3   9  85   0   0
9686000 1750000|  8   5   0  87   0   0
  11000000 3861000| 14  10   0  75   0   1
9234000 6287000|  3   2   0  95   0   0
1714000   11000000|  2   4   0  94   0   0
  60000   16000000|  3   3   0  94   0   0
1360000   26000000|  5   3  14  78   0   0
3822000   36000000|  4   4  18  74   0   0
2372000   40000000|  4   5   1  91   0   0
5059000   40000000|  4   3  13  79   0   0
1395000   40000000|  3   3  23  71   0   0
2388000   40000000|  3   3  23  71   0   0
3743000   40000000|  4   3  23  70   0   0
2838000   40000000|  3   3  23  71   0   0
3010000   40000000|  3   2  24  71   0   0
2995000   40000000|  4   3  16  78   0   0
2982000   40000000|  3   2   0  94   0   0
2994000   40000000|  3   2   0  95   0   0
1899000   40000000|  3   3   0  94   0   0
2958000   40000000|  3   2   0  95   0   0
1799000   40000000|  4   3   0  94   0   0
2840000   40000000|  3   2   0  95   0   0
 640000   40000000|  4   3   0  94   0   0
 178000   40000000|  3   3   1  94   0   0
 198000   40000000|  4   3   7  86   0   0
 352000   40000000|  4   3  23  69   0   0
 286000   40000000|  4   3  23  71   0   0
 175000   40000000|  4   2  24  71   0   0
 168000   40000000| 20   5  22  52   0   1
 341000   40000000| 28   4  22  45   0   1
 225000   40000000|  4   4  24  68   0   0
 545000   40000000| 20   4   6  68   0   2
 710000   40000000|  9   3  14  74   0   0
1379000   17000000|  5   7  26  63   0   0
2660000   73000|  3   2  10  86   0   0
6039000   79000|  6   5   6  83   0   0
  10000000  120000|  3   2   5  90   0   0
7485000  143000|  3   4   6  88   0   0
1111000   94000|  1   2   0  97   0   0
2516000   73000|  3   4   9  84   0   0
2272000   71000|  6   8   7  79   0   0
2822000  408000|  6   5  20  68   0   0
2110000 1003000| 17  15   6  61   0   0
4554000 1779000| 17  14  23  46   0   0
3521000 3139000| 18  12   1  69   0   0
2888000 5889000| 16  14   5  65   0   0
2588000   10000000| 13  10   0  77   0   0
2597000   16000000|  3   3   7  87   0   0
4491000   26000000|  2   3  24  71   0   0
1404000   36000000|  3   2  24  71   0   0
2317000   40000000|  4   3  23  69   0   0
2154000   40000000|  4   3  24  69   0   0
2260000   40000000|  4   2  23  71   0   0
1916000   40000000|  3   3  24  70   0   0
1861000   40000000|  4   3  24  70   0   0
1614000   40000000|  3   3  24  70   0   0
1620000   40000000|  2   3  24  71   0   0
1430000   40000000|  3   3  23  71   0   0
1234000   40000000|  3   3  23  70   0   0
1309000   40000000|  3   4  23  70   0   0
1306000   40000000|  2   4  23  71   0   0
1257000   40000000|  3   3  23  70   0   0
1319000   40000000|  4   2  24  71   0   0
1177000   40000000|  4   3  23  70   0   0
1382000   40000000|  2   3  24  71   0   0
1525000   40000000|  4   2  24  70   0   0
1591000   40000000|  3   3  24  70   0   0
1549000   40000000|  3   2  24  70   0   0
1927000   40000000|  4   3  24  69   0   1
1958000   40000000|  2   3  23  71   0   0
2094000   40000000|  3   2  24  71   0   0
2268000   40000000|  3   3  24  71   0   0
 868000   40000000|  3   1  24  72   0   0
 717000   40000000|  2   2  24  72   0   0
2132000   33000000|  3   2  24  67   0   4
1074000  327000|  1   2  24  73   0   0
  68000  191000|  1   2  24  73   0   0
  48000  346000|  2   1  24  73   0   0
  39000  674000|  1   1  25  74   0   0
  53000 1044000|  1   1  24  74   0   0
  55000 2084000|  2   2  24  72   0   0
 122000 3303000|  1   1  24  73   0   0
 290000 5882000|  1   2  24  73   0   0
 810000 8295000|  1   1  25  74   0   0
2353000   14000000|  2   1  24  73   0   0
1232000   19000000|  1   2  24  74   0   0
2284000   32000000|  1   3  24  72   0   0
2186000   40000000|  2   2  24  73   0   0
1955000   40000000|  2   3  24  72   0   0
1325000   40000000|  1   2  24  73   0   0
 646000   40000000| 13   2  24  60   0   1
 990000   40000000| 24   3  24  49   0   1
 978000   40000000|  2   2  23  73   0   0
 878000   40000000| 11   2  29  58   0   0
 165000   40000000| 10   2  14  74   0   1
 210000   28000000|  2   3   0  95   0   0
 274000 8334000|  1   1   0  99   0   0
 845000 9689000|  1   2   0  97   0   0
 913000   13000000|  1   2   0  97   0   0
 973000   14000000|  1   2   5  91   0   0
 974000   19000000|  2   2   9  87   0   0
1006000   22000000| 18   2   0  79   0   1
 975000   28000000| 19   1   0  79   0   0
1203000   35000000|  2   1   0  97   0   0
1093000  470000|  1   1   0  98   0   0
 669000   10000|  1   1   0  98   0   0
 825000 9240B|  1   1   0  99   0   0
 953000   17000|  1   3   0  96   0   0
1081000   13000|  1   1   0  98   0   0
1122000   12000|  1   1   0  98   0   0
1093000   12000|  0   1   0  99   0   0
1177000   13000|  1   1   0  98   0   0
1046000   12000|  1   1   0  98   0   0
1157000   13000|  1   1   0  97   0   0
1226000   13000|  1   1   0  98   0   0
1526000   17000|  2   1   4  94   0   0
1534000   45000|  2   3   0  95   0   0
2361000   27000|  1   1   0  98   0   0
1698000   67000|  4   4   1  92   0   0
 569000   69000|  3   3   0  94   0   0
1783000   34000|  2   2   0  97   0   0
4077000   52000|  2   2   0  96   0   0
3340000   40000|  1   1   0  98   0   0
4270000   47000|  1   2   0  97   0   0
4738000  141000|  2   1   1  96   0   0
5263000  385000|  2   1   0  97   0   0
2499000  522000|  1   1   0  98   0   0
3030000 1240000|  2   2   0  96   0   0
3057000 2116000|  2   1  12  85   0   0
2190000 4115000|  2   1  24  73   0   0
2871000 6534000|  1   1  24  74   0   0
3346000   11000000|  1   2  25  73   0   0
3202000   16000000|  2   1   4  93   0   0
3629000   26000000|  2   3  15  80   0   0
2906000   37000000|  2   1  24  73   0   0
1725000   36000000|  2   2  24  72   0   0
2444000   34000000|  4   3  24  68   0   0
2497000   34000000| 20   9  23  47   0   1
2551000   34000000|  3   3   5  90   0   0
2443000   34000000|  2   2   0  96   0   0
2498000   34000000|  1   2   0  97   0   0
2513000   34000000|  2   2   0  96   0   0
2501000   34000000|  2   1   0  97   0   0
2843000   34000000|  2   2   0  96   0   0
2135000   34000000|  3   2   4  91   0   0
1454000   34000000|  3   3   0  93   0   0
2637000   34000000|  5   2   0  93   0   0
2328000   38000000|  5   1   0  94   0   0
3932000 9870000|  2   3   5  90   0   0
2400000   74000|  2   2   1  95   0   0
4998000   55000|  2   2  11  85   0   0
3569000   54000|  1   3  23  73   0   0
4318000   48000|  2   1  24  73   0   0
5022000   57000|  1   2   5  92   0   0
5381000   80000|  1   1   5  94   0   0
3190000  103000|  3   4   1  93   0   0
2988B  432000|  2   1   0  97   0   0
4520B  809000|  2   1   0  97   0   0
5448B 1093000|  1   1   0  98   0   0
  64000 1906000|  2   1   0  97   0   0
 117000 3166000|  2   2   0  97   0   0
 156000 5957000|  1   3   0  96   0   0
 160000 9706000|  1   2   0  97   0   0
 217000   15000000|  1   2   0  97   0   0
 236000   22000000|  2   2   0  97   0   0
 340000   34000000|  2   3   0  95   0   0
 358000   40000000|  5   5   0  90   0   1
 460000   40000000|  2   3   0  95   0   0
 556000   40000000|  1   4   0  95   0   0
 636000   40000000|  3   3   0  94   0   0
 759000   40000000|  3   4   0  93   0   0
 771000   40000000|  3   3   0  94   0   0
 459000   40000000|  2   4   0  94   0   0
 516000   40000000|  2   2   0  95   0   0
 501000   40000000|  4   3   0  93   0   0
 565000   40000000|  3   3   0  94   0   0
 341000   40000000|  3   3   0  95   0   0
 405000   40000000|  2   3   0  94   0   0
 364000   40000000|  2   3   0  95   0   0
 355000   40000000|  2   2   0  95   0   0
 516000   40000000|  3   4   0  94   0   0
 366000   40000000|  3   2   0  95   0   0
 373000   40000000| 12   4   0  84   0   0
 361000   40000000| 26   2   0  71   0   1
 479000   40000000|  2   2   0  96   0   0
 467000   40000000|  2   2   0  96   0   0
 792000   40000000|  1   2   0  97   0   0
 933000   40000000|  1   2   0  98   0   0
1519000   35000000|  1   2   0  97   0   0
2115000   34000000|  1   2   0  96   0   0
2653000   34000000|  6   2   0  92   0   0
1661000   38000000|  1   1   0  98   0   0
1079000 2034000|  1   1   0  98   0   0
2493000   26000|  1   2   0  98   0   0
2641000   28000|  1   2   0  98   0   0
3136000   33000|  1   1   0  98   0   0
3200000   34000|  1   1   0  98   0   0
3339000   36000|  0   1   0  99   0   0
2075000   32000|  2   3   6  88   0   0
1933000   71000| 17  15   2  65   0   0
1576000  111000| 16  15   0  69   0   0
1626000   47000| 19  19   0  62   0   0
1036000   42000| 22  23   0  55   0   0
2374000   64000| 14  12   0  73   0   0
1783000   99000|  2   2   0  95   0   0
2242000  287000|  3   3   6  88   0   0
3065000  678000|  2   2  18  79   0   0
1903000 1199000|  2   2  24  72   0   0
1981000 2047000|  2   1  24  73   0   0
2219000 3835000|  2   1  24  73   0   0
2234000 6710000|  2   2  22  74   0   0
2323000   11000000|  2   2   0  96   0   0
2298000   18000000|  2   2   0  96   0   0
2420000   28000000|  2   3   0  95   0   0
2422000   38000000|  3   4   4  90   0   0
 672000   40000000|  3   3   0  93   0   0
1003000   40000000|  3   3   0  94   0   0
 740000   40000000|  3   4   0  93   0   0
 537000   40000000|  3   2   0  94   0   0
 777000   40000000|  3   4   0  94   0   0
 628000   40000000|  3   3   0  94   0   0
 631000   40000000|  3   3   0  95   0   0
 645000   40000000|  4   4  12  79   0   0
 419000   40000000|  3   3  13  81   0   0
 696000   40000000| 11  10  13  65   0   0
 440000   40000000| 18  13  23  46   0   0
 684000   40000000| 16  14  23  46   0   0
 466000   40000000| 16  13  24  46   0   1
 829000   40000000| 15  14  24  47   0   1
 572000   40000000|  9   7  24  60   0   0
 612000   40000000|  2   2  25  71   0   0
 635000   40000000|  4   2  24  70   0   0
 960000   40000000|  3   2  25  71   0   0
 993000   40000000|  4   2  38  56   0   0
1002000   40000000|  3   2  37  58   0   0
 973000   40000000|  3   2  24  72   0   0
 948000   40000000|  3   2  23  72   0   0
 741000   40000000|  3   3  23  72   0   0
 861000   40000000|  2   3  19  76   0   0
1312000   40000000|  2   2   0  96   0   0
1328000   40000000|  3   2   0  95   0   0
 235000   40000000|  3   2   0  95   0   0
 223000   40000000|  3   3   0  94   0   0
 226000   40000000|  3   3   0  94   0   0
 184000   40000000|  2   2   0  96   0   0
 205000   40000000|  2   2   0  96   0   0
 187000   40000000| 15   2   0  82   0   0
 226000   40000000| 26   2   0  71   0   1
 235000   40000000| 29   3   0  66   0   1
 205000   40000000| 30   3   0  67   0   1
 266000   40000000|  3   1   0  96   0   0
 362000   40000000|  2   1  16  81   0   0
 631000   16000000|  1   1  19  74   0   7
 166000 5698B|  1   1  24  74   0   0
 396000   60000|  1   1  23  75   0   0
 365000  133000|  1   1   0  98   0   0
 442000  242000|  1   1   0  98   0   0
 363000  374000|  1   1   0  98   0   0
 420000  574000|  1   1   0  98   0   0
 498000  912000|  1   1   0  98   0   0
 580000 1322000|  2   2   6  90   0   0
 797000  949000|  7   2   4  87   0   0
 883000 1035000| 26   1   0  73   0   0
1081000 1848000| 26   1   0  73   0   0
1650000 2557000| 26   1   0  73   0   0
 835000 4656000| 28   2  18  52   0   0
1540000 6057000| 26   1  25  49   0   0
1624000   11000000| 26   1  24  49   0   0
1701000   14000000|  9   1  22  68   0   0
1990000   25000000|  2   1  13  84   0   0
1840000 1953000| 18   8  16  57   0   0
1853000   26000|  5   3  21  71   0   0
1846000   20000|  1   1  25  73   0   0
1895000   21000|  1   1  25  73   0   0
1842000   20000|  1   1  25  73   0   0
2002000   21000|  1   1  25  73   0   0
2294000   25000|  1   1  25  74   0   0
2510000   26000|  1   1  25  74   0   0
2524000   43000|  2   3  12  84   0   0
3116000  102000|  1   1   0  99   0   0
4009000   42000|  1   1   0  98   0   0
5489000   61000|  2   2   0  97   0   0
3546000   56000|  3   4   1  92   0   0
2422000   36000|  1   1   0  98   0   0
4835000   60000|  2   2   5  92   0   0
4682000   49000|  1   1   0  98   0   0
5650000   58000|  1   1   0  99   0   0
5645000   81000|  2   2   8  88   0   0
3887000  217000|  2   2  10  86   0   0
5849000  396000|  1   2   7  90   0   1
4192000  516000|  2   2  15  82   0   0
 116000 1039000|  2   1   0  97   0   0
 346000 1478000|  2   1   0  97   0   0
1048000 3112000|  1   1   0  97   0   0
1684000 4235000|  1   1   0  98   0   0
1870000 7498000|  2   2   5  92   0   0
1953000   10000000|  1   2   0  97   0   0
2027000   16000000|  2   2   0  96   0   0
2093000   23000000|  1   2   0  97   0   0
2091000   36000000|  1   2   0  96   0   0
1869000   36000000|  2   2   9  87   0   0
1824000   34000000|  1   3  24  72   0   0
2170000   34000000|  2   2  24  72   0   0
2164000   34000000|  2   3  24  72   0   0
2444000   34000000|  2   3  24  72   0   0
2704000   34000000|  2   2  24  72   0   0
3181000   34000000|  5   4  17  73   0   0
1813000   34000000| 18  11   4  67   0   0
1190000   34000000|  1   3   0  96   0   0
2771000   34000000|  2   4   5  89   0   0
4567000   34000000|  3   3   0  94   0   0
7118000   34000000|  5   3   0  93   0   0
7447000   38000000|  6   3   0  90   0   1
5650000   11000000|  4   5   3  88   0   0
4994000  137000|  1   2   2  95   0   0
  15000000  155000|  2   3   8  87   0   0
9910000  190000|  1   1   0  97   0   0
9110000  116000|  1   1   0  97   0   0
  14000000  146000|  1   1   0  98   0   0
  13000000  253000|  4   3   5  87   0   0
  11000000  482000| 21  19   8  52   0   0
2482000  995000| 15  14   0  71   0   0
 934000 1358000| 19  16   0  65   0   0
2897000 2789000| 19  18   4  60   0   1
  11000000 4098000| 15  14   0  71   0   0
  17000000 8403000|  2   2   1  96   0   0
6185000   11000000|  3   3   5  90   0   0
3355000   20000000|  5   5   0  89   0   0
5425000   27000000|  4   8   2  85   0   1
  12000000   39000000|  5   7  17  71   0   0
  11000000   40000000|  5   7   0  88   0   1
  10000000   40000000|  4   4   1  91   0   0
 739000   40000000|  2   3   0  95   0   0
1073000   40000000|  2   2   0  95   0   0
1825000   40000000|  2   3   0  95   0   0
1630000   40000000|  2   4   0  93   0   0
2332000   40000000|  3   3   0  94   0   0
3445000   40000000|  2   2   0  96   0   0
4865000   40000000|  6   6   0  88   0   0
5474000   40000000| 19   9   0  72   0   0
3486000   40000000|  2   3   0  95   0   0
1313000   40000000|  3   3   0  94   0   0
2186000   40000000|  2   2   0  95   0   0
1508000   40000000|  1   2   0  96   0   0
2474000   40000000|  2   3  13  82   0   0
 156000   40000000|  2   2  23  73   0   0
 168000   40000000| 13   3   0  84   0   0
 169000   40000000| 26   3   0  70   0   0
 190000   40000000|  5   2   0  93   0   0
 192000   40000000|  2   2   0  97   0   0
 225000   40000000|  2   2   0  96   0   0
 288000   40000000|  2   3   0  96   0   0
 325000   40000000|  2   3   6  89   0   0
 688000   37000000|  3   3   0  94   0   0
1132000   38000000|  4   1   0  95   0   0
2664000 9622000|  1   1   0  99   0   0
3470000   36000|  1   1   0  98   0   0
4299000   46000|  1   1   0  98   0   0
3859000   40000|  1   1   0  98   0   0
2393000   75000|  4   4   4  89   0   0
1605000  101000|  3   2   0  96   0   0
3599000  127000|  2   1   1  96   0   0
3373000   77000|  2   2   8  88   0   0
4611000  276000|  2   2   0  97   0   0
2429000  365000|  2   2   0  96   0   0
2333000   52000|  1   2   0  96   0   1
2019000  262000|  2   1   0  97   0   0
2730000  780000|  2   1   0  97   0   0
2948000 1665000|  2   1   0  97   0   0
3020000 3195000|  2   2   0  96   0   0
3033000 6043000|  1   2   0  97   0   0
2991000   11000000|  2   1   0  97   0   0
3146000   17000000|  2   2   0  96   0   0
3036000   27000000|  3   2   0  96   0   0
2353000   39000000|  2   3   0  95   0   0
1685000   40000000|  2   3   1  94   0   0
 790000   40000000|  2   2   0  96   0   0
 161000   40000000|  1   2   0  97   0   0
 166000   40000000|  2   2   0  96   0   0
 166000   40000000|  2   2   0  96   0   0
 169000   40000000|  2   2   0  97   0   0
 175000   40000000|  2   2   0  96   0   0
 195000   40000000|  3   3   0  95   0   0
 235000   40000000|  3   2   0  95   0   0
 278000   40000000|  3   2   0  95   0   0
 248000   40000000|  3   2   0  95   0   0
 361000   40000000|  2   3   0  95   0   0
 316000   40000000|  3   2   0  95   0   0
 507000   40000000|  2   3   0  95   0   0
 437000   40000000|  2   2   0  96   0   0
 655000   40000000|  3   2   0  95   0   0
 783000   40000000|  2   2   0  95   0   0
 529000   40000000|  2   2   0  96   0   0
 331000   40000000|  3   2   0  95   0   0
 184000   40000000|  2   2   0  95   0   0
 188000   40000000|  2   2   0  96   0   0
 313000   40000000|  2   3   0  95   0   0
 414000   40000000|  2   1   0  96   0   1
 583000   30000000|  2   1   0  97   0   0
 590000  122000|  3   3   0  94   0   0
1209000  274000| 10   9   0  81   0   0
 305000  595000| 14  13   0  72   0   0
 223000 1494000| 17  13   0  69   0   0
 809000 3555000| 16  13   9  62   0   0
2189000 6288000| 17  14   1  68   0   0
2885000   12000000|  9   8   0  83   0   0
6001000   21000000|  3   3   7  87   0   0
8201000   35000000|  4   6   1  89   0   1
  12000000   38000000|  2   2   0  95   0   0
  21000000   36000000|  2   2   0  96   0   0
9160000   40000000|  6   2   0  91   0   0
4270000   40000000| 27   5   0  67   0   2
1099000   40000000| 28   4   0  67   0   1
6511000   40000000| 29   6   0  64   0   1
 167000   40000000| 26   3   0  70   0   1
 183000   40000000| 37   4   0  58   0   2
 204000   40000000| 24   2   9  63   0   1
 271000   39000000|  1   2   4  93   0   0
 742000   30000000|  1   1   9  88   0   1
1305000   24000000|  1   3   0  96   0   0
 935000   15000000|  1   1   0  98   0   0
 926000   14000000| 19   1   0  80   0   1
1061000   15000000| 26   1   0  73   0   1
1173000   14000000| 25   1   0  73   0   0
1128000   15000000|  5   1   0  94   0   0
 758000   15000000|  1   1   0  99   0   0
 677000   11000000|  1   2   0  98   0   0
 752000   10000|  1   0   0  99   0   0
 746000   22000|  1   1   0  99   0   0
 701000   10000|  2   3   0  95   0   0
 762000   32000|  2   1   1  96   0   0
 734000 8330B|  1   0   0  99   0   0
 799000 9860B|  1   1   0  99   0   0
 855000   14000|  1   1   0  99   0   0
1186000   12000|  1   1   0  98   0   0
1324000   15000|  1   1   0  98   0   0
1823000   25000|  1   1   0  98   0   0
2368000   26000|  1   1   8  90   0   0
2217000  146000|  1   1   0  98   0   0
4179000   79000|  1   1   0  97   0   0
4753000   60000|  3   2   0  96   0   0
6663000   78000| 19   8   0  74   0   0
7418000   75000|  2   2   0  96   0   0
  10000000  141000|  2   2   0  96   0   0
5237000  154000| 15  14   1  71   0   0
7273000  186000| 15  11   0  73   0   1
7942000  120000| 18  16   4  63   0   0
2099000   90000| 14  13   0  73   0   0
  67000 1650B| 15  11   0  74   0   0
 306000   90000|  1   2   0  97   0   0
 869000  312000|  1   1   0  98   0   0
2677000  419000|  2   2   0  97   0   0
3195000 1015000|  3   4   0  93   0   0
2703000 1335000|  1   1   0  98   0   0
3285000 2832000|  2   3   8  88   0   0
 910000 3883000|  1   1  25  73   0   0
  24000 7120000|  1   2  24  73   0   0
  31000 9307000|  1   2  24  73   0   0
  51000   15000000|  1   1  16  82   0   0
 141000   20000000|  1   2   0  97   0   0
 382000   32000000|  1   2   0  97   0   0
 927000   39000000|  2   2   0  96   0   0
1906000   34000000|  6   6  24  63   0   0
2271000   34000000|  1   3   7  90   0   0
 141000   34000000|  1   1   0  97   0   0
 145000   34000000|  1   2   0  97   0   0
 204000   34000000|  1   2   0  97   0   0
 402000   34000000|  1   2   0  97   0   0
 868000   34000000|  2   2   0  96   0   0
1000000   34000000|  3   2  19  76   0   0
 172000   34000000|  2   2  14  82   0   0
1476000   34000000|  2   2   0  96   0   0
2947000   34000000|  2   2   0  97   0   0
 176000   36000000|  8   2   0  90   0   0
 188000   21000000|  1   1   0  98   0   0
 435000   26000|  1   2   0  97   0   0
1135000   22000|  1   2   0  97   0   0
2018000   34000|  1   1   0  97   0   0
2196000   30000|  1   1   0  98   0   0
2336000   29000|  1   2   0  97   0   0
2284000   27000|  1   1   0  98   0   0
2118000   61000|  1   1   0  97   0   0
2197000   32000|  3   4   0  94   0   0
1184000  149000|  1   2   0  97   0   0
2175000  376000|  1   1   0  98   0   0
2423000  612000|  1   1   4  93   0   0
2599000 1219000|  1   0  25  74   0   0
1392000 1782000|  3   2   8  87   0   0
2123000 3656000|  2   2   0  97   0   0
2406000 5201000|  3   2   0  96   0   0
2559000   10000000|  2   1   0  97   0   0
2749000   13000000|  2   1   0  97   0   0
2525000   22000000|  9   5   0  86   0   0
2895000   31000000| 15   8   0  76   0   1
2475000   40000000|  2   3   0  95   0   0
2140000   40000000|  2   2   0  96   0   0
1727000   40000000|  2   2   0  96   0   0
1437000   40000000|  2   2   0  96   0   0
 664000   40000000|  2   2   0  96   0   0
1078000   40000000|  1   2   0  97   0   0
 927000   40000000|  3   1   0  96   0   0
 940000   40000000|  2   2   0  96   0   0
 913000   40000000|  1   2   0  97   0   0
 966000   40000000|  2   2   0  97   0   0
 955000   40000000|  2   2   0  96   0   0
 782000   40000000|  2   2   0  96   0   0
 713000   40000000|  2   3   0  95   0   0
 628000   40000000|  3   2  27  68   0   1
 963000   40000000|  2   2  12  84   0   0
 615000   40000000|  2   3   0  95   0   0
 686000   40000000|  2   3   0  95   0   0
 724000   40000000|  3   1   0  96   0   0
 799000   40000000|  6   2   0  92   0   0
 872000   40000000| 25   2   0  72   0   1
 942000   40000000|  9   2   0  89   0   0
1028000   40000000|  1   1   8  89   0   0
1848000   40000000|  2   2  24  72   0   1
2382000   40000000|  1   1  24  73   0   0
3426000   37000000|  7   2  24  67   0   0
1230000   32000000|  1   1  25  74   0   0
1166000   12000|  1   0  25  74   0   0
2402000   24000|  1   1  25  74   0   0
2402000   25000|  1   1  25  74   0   0
2735000   28000|  1   1  24  74   0   0
2469000   26000|  1   1  24  74   0   0
2669000   27000|  1   1  24  74   0   0
2513000   31000|  2   2   9  87   0   0
2707000   66000|  2   3   0  95   0   1
2714000  103000|  4   4   0  92   0   0
1790000   92000|  2   3   0  95   0   0
3068000   36000|  1   0   0  99   0   0
3090000   35000|  1   1   0  98   0   0
3455000   41000|  1   1   0  98   0   0
3933000   54000|  1   1   0  97   0   0
3570000   59000| 14  14   0  72   0   0
4529000  147000| 17  14   0  70   0   0
2031000  548000| 14  14   0  72   0   0
7632000 1004000| 16  11   0  73   0   0
7795000 1791000| 16  11   0  73   0   0
7002000 3196000|  2   2   2  94   0   0
8947000 6026000|  3   2   0  94   0   0
6936000 9969000|  2   2   0  96   0   0
  10000000   16000000|  2   3   0  95   0   0
9824000   23000000|  4   5   3  87   0   0
8196000   35000000|  2   2   0  96   0   0
6677000   40000000|  2   2   0  95   0   1
2963000   40000000|  2   3   0  95   0   0
4457000   40000000|  4   4   7  85   0   0
5242000   40000000| 11  11   1  76   0   1
3516000   40000000| 17  13   0  69   0   1
 925000   40000000| 15  16   0  68   0   0
2460000   40000000| 15  15   0  69   0   0
4227000   40000000| 16  14  19  52   0   0
3913000   40000000|  7   6  24  63   0   0
4166000   40000000|  1   2  24  73   0   0
4194000   40000000|  2   2  24  73   0   0
2407000   40000000|  2   2  23  74   0   0
3945000   40000000|  2   2  24  72   0   0
2281000   40000000|  2   1  24  72   0   0
3906000   40000000|  1   2  11  87   0   0
2389000   40000000|  2   2   0  96   0   0
2229000   40000000|  2   2   0  96   0   0
2386000   40000000|  2   2   0  97   0   0
2460000   40000000|  2   2   0  97   0   0
2415000   40000000|  2   2   0  96   0   0
3980000   40000000|  3   2   0  96   0   0
2509000   40000000|  1   2   0  97   0   0
1399000   40000000| 10   6   0  84   0   0
1292000   40000000| 14   8   1  78   0   0
 170000   40000000|  3   1   0  96   0   0
 161000   40000000|  2   1   0  97   0   0
1527000   40000000|  2   2   0  96   0   0
1824000   40000000|  2   2   0  97   0   0
2100000   40000000|  7   6   0  87   0   0
2381000   40000000|  1   1   0  99   0   0
 281000   40000000|  1   0   0  96   0   3
4136000   14000000|  0   0   0  94   0   6
  41000  139000|  1   1  11  87   0   0
 138000  428000|  2   1  24  73   0   0
 440000 1325000|  1   2   1  96   0   0
1772000 8244000| 26   3  22  48   0   1
1781000   13000000| 25   1   0  73   0   0
1328000   19000000| 26   1   0  72   0   1
2757000   28000000| 26   2   0  72   0   1
2811000   38000000|  9   1  16  73   0   0
2285000   40000000|  1   1  24  74   0   0
2767000   37000000|  1   1  24  74   0   0
2029000   37000000|  1   1  24  74   0   0
1726000   39000000| 17   1  24  58   0   0
1860000   40000000| 13   0  24  62   0   0
2072000   27000000|  2   2  15  82   0   0
1338000  138000|  3   5   0  93   0   0
1005000   50000|  2   2   0  97   0   0
2071000   23000|  2   2   1  95   0   0
1927000   80000|  2   3   0  95   0   0
2504000   35000|  1   0   9  90   0   0
2288000   32000|  1   1  25  74   0   0
2709000   41000|  2   0  24  73   0   0
2127000   35000|  0   0  25  75   0   0
1905000   30000|  1   0  25  74   0   0
2259000   30000|  1   0  25  75   0   0
2488000   26000|  1   0  24  75   0   0
2631000   28000|  0   1   0  99   0   0
1515000   22000|  0   0   0  99   0   0
1973000   21000|  0   0   0  99   0   0
2135000   23000|  2   2   0  97   0   0
2167000  469000|  1   1   0  98   0   0
2249000 1040000|  2   1   0  98   0   0
2347000 2115000|  1   1   0  98   0   0
2160000 3900000|  1   1   0  98   0   0
2298000 7486000|  2   2   0  96   0   0
1172000   12000000|  2   2   8  88   0   0
1689000   21000000|  2   2  24  73   0   0
2549000   30000000|  3   1  24  73   0   0
2709000   40000000|  6   7  23  65   0   0
2485000   40000000|  2   2  24  72   0   0
2581000   40000000|  3   3  13  81   0   0
2243000   40000000|  2   2   0  96   0   0
2813000   40000000|  3   2   0  95   0   0
2875000   40000000|  3   2   0  95   0   0
1625000   40000000|  2   1   0  96   0   1
 615000   40000000|  2   3   0  96   0   0
1167000   40000000|  2   2   0  97   0   0
1291000   40000000|  2   2   0  96   0   0
1743000   40000000| 12   6   0  82   0   0
1475000   40000000| 12   8   0  80   0   0
2078000   40000000|  2   2   0  96   0   0
2245000   40000000|  2   2   0  96   0   0
1987000   40000000|  2   1   0  96   0   0
2124000   40000000|  1   2   0  97   0   0
1920000   40000000|  2   2   0  96   0   0
1696000   40000000|  2   2   0  96   0   0
 632000   40000000|  2   2   0  96   0   0
 770000   40000000|  2   2   0  96   0   0
 850000   40000000|  2   2   0  97   0   0
1158000   40000000|  2   1   0  97   0   0
1055000   40000000|  2   2   0  96   0   0
1025000   40000000|  1   1  24  75   0   0
 970000   40000000|  1   1  24  73   0   0
8980B   40000000|  2   1  23  74   0   0
 246000   40000000|  1   1   1  96   0   0
 300000   40000000|  2   1   0  96   0   0
 302000   40000000|  3   2   4  92   0   0
 554000   40000000|  2   3  24  71   0   0
  29000   40000000|  2   2  24  72   0   0
 677000   40000000|  2   1   6  90   0   0
6606B   40000000|  2   1   0  97   0   0
 277000   40000000|  3   2   0  96   0   0
 257000   40000000|  2   2   0  96   0   0
1220000   22000000|  2   1   0  98   0   0
4478000  160000|  1   1  13  85   0   0
4242000   32000000|  3   5   1  91   0   0
2900000   12000000|  2   0   0  98   0   0
 185000 9466000|  3   2   0  95   0   0
2024000 5802000|  3   2   4  91   0   0
1554000   36000000|  2   1   0  96   0   0
1709000   16000000| 18   3   0  79   0   0
3524000   33000000|  1   2   0  98   0   0
6115000 1788000|  1   2   0  97   0   0
3776000 2485000|  2   1   0  98   0   0
 168000 3138000|  7   4   5  84   0   0
1040000 4920000| 16  12  18  54   0   0
4206000 5781000| 17  11  22  50   0   0
3318000 9787000| 14  13  24  49   0   0
5111000   12000000| 15  13  10  62   0   0
4813000   19000000| 10   9   0  81   0   0
2207000   28000000|  2   2  19  77   0   0
5530000   39000000|  2   2   5  91   0   0
1580000   40000000|  2   3   3  92   0   0
1844000   40000000|  2   2   0  95   0   0
3599000   40000000|  1   2   0  97   0   0
2830000   40000000|  1   0   0  99   0   0
2702000   40000000|  7   2   0  91   0   0
1679000   38000000|  2   2   5  91   0   0
2345000   38000000|  2   1   0  96   0   0
2749000   40000000|  9   4   0  87   0   1
4946000   40000000| 26   2   0  71   0   1
4805000   40000000|  3   0   0  96   0   0
5455000   35000000|  1   1  14  85   0   0
7252000 1629000|  2   3  10  86   0   0
5677000 2923000| 14  13   3  70   0   1
4741000 4875000| 15  12   0  73   0   0
  75000 8714000| 13  13   0  75   0   0
 203000   10000000| 14  12   0  74   0   0
 633000 3185000| 14  12   0  75   0   0
1824000   20000|  0   0   0 100   0   0
4334000   45000|  0   0   0 100   0   0
5537000   56000|  0   0   0  99   0   0
5604000   58000|  0   0   0  99   0   0
6392000   67000| 10   4   1  86   0   0
3143000   54000| 12   8   8  71   0   0
5301000   75000|  1   1   7  91   0   0
4702000   62000|  1   0   0  98   0   0
5376000   75000|  6   8   3  84   0   0
2773000   68000|  1   2   7  90   0   0
6222000   90000|  1   1   0  99   0   0
6941000   85000|  1   2  31  66   0   0
6556000  309000|  0   0  20  79   0   0
4660000  508000|  1   1   6  92   0   0
5731000 1022000|  2   2   0  95   0   0
5901000 1430000| 12   3   0  85   0   0
7829000 2818000| 10   7   0  83   0   0
7949000 4125000|  1   2   5  92   0   0
7331000 7763000|  5   7   6  82   0   0
4447000   11000000|  5  10   6  79   0   0
2612000   18000000|  2   3  20  76   0   0
9129000   25000000|  2   4  13  81   0   0
4266000   37000000|  3   4  15  77   0   0
5212000   40000000|  2   3  11  84   0   0
3318000   40000000|  3   4   2  91   0   0
4058000   40000000|  2   2  24  72   0   0
 168000   40000000|  1   2  24  73   0   0
 191000   40000000|  1   2  24  73   0   0
 252000   40000000|  2   2  22  74   0   0
 272000   40000000|  1   2   0  97   0   0
 332000   40000000|  1   2   0  97   0   0
 455000   40000000|  1   2   0  97   0   0
 311000   40000000|  1   1   0  97   0   0
 251000   40000000|  1   2   0  97   0   0
 432000   40000000|  1   2   0  96   0   0
 363000   40000000|  1   2   0  97   0   0
 713000   40000000|  2   2   0  96   0   0
 533000   40000000|  2   2   0  96   0   0
 630000   40000000|  2   2   9  87   0   0
1290000   40000000|  2   1  24  73   0   0
 932000   40000000|  1   3  24  72   0   0
1035000   40000000|  2   2  24  72   0   0
2571000   40000000|  1   2  24  74   0   0
2979000   40000000|  2   2  24  72   0   0
2430000   40000000|  1   1  23  75   0   0
 774000   40000000| 50  13   5  32   0   1
 151000   40000000| 21  13  14  51   0   0
 337000   40000000| 14  14   1  71   0   1
3985000 6313000| 14  12   0  73   0   0
3358000   67000| 18  18  12  51   0   1
8051000  120000|  3   3  11  83   0   0
8540000   90000|  0   0   2  98   0   0
7386000   89000|  0   0  25  75   0   0
4276000   55000|  1   2  10  88   0   0
1916000   44000|  0   0  26  74   0   0
2552000   74000|  1   1  12  85   0   0
1795000   58000|  2   2   1  95   0   0
4969000   68000|  1   0  14  85   0   0
5516000   79000|  0   2   9  89   0   0
6024000   74000|  1   1  15  84   0   0
1858000   28000|  0   1   0  99   0   0
  89000 8046B|  1   0  16  83   0   0
 396000 6110B|  0   0  25  74   0   0
1026000  113000|  1   1  24  73   0   0
2006000  486000|  0   1  27  73   0   0
2056000 1055000|  0   0  25  75   0   0
2335000 1770000|  1   1  21  78   0   0
2164000 3425000|  0   1   0  99   0   0
2391000 5602000|  1   1   3  96   0   0
2204000   10000000|  1   1  24  73   0   0
2424000   15000000|  1   1  19  79   0   0
2346000   24000000| 15   6  18  61   0   0
2333000   35000000|  7   6  25  63   0   0
2452000   40000000|  2   2  24  73   0   0
2184000   40000000|  2   2  24  73   0   0
2072000   40000000|  2   2  24  73   0   0
2126000   40000000|  2   1  24  73   0   0
2168000   40000000|  2   2  24  73   0   0
2606000   40000000|  2   1  24  73   0   0
2536000   40000000|  2   2  19  77   0   0
1406000   40000000|  2   3   6  90   0   0
 217000   40000000|  2   2   7  90   0   0
1102000   40000000|  2   2   0  96   0   0
1430000   40000000|  4   5  11  79   0   1
1860000   40000000|  1   1  14  83   0   0
2697000   40000000|  2   1   0  97   0   0
3430000   40000000|  2   2   0  96   0   0
 990000   40000000|  2   1   0  97   0   0
 833000   40000000|  2   1   0  98   0   0
1276000   40000000|  2   1   0  97   0   0
 976000   40000000|  2   1   0  97   0   0
3528000   40000000|  1   2  13  84   0   0
2809000   40000000|  2   1  28  68   0   0
1821000   40000000|  2   2  12  84   0   0
 622000   40000000|  2   1   0  97   0   0
 620000   40000000|  1   2   1  96   0   0
 247000   40000000|  2   1   3  94   0   0
3255000   40000000|  1   2   0  97   0   1
1971000   40000000|  2   1   2  95   0   0
2041000   40000000|  2   1  25  72   0   0
3520000   40000000|  1   1  25  73   0   0
1961000   40000000|  2   1   5  91   0   0
1852000   40000000|  2   1  19  78   0   0
1864000   40000000|  1   1   0  98   0   0
2259000   40000000| 21   2   0  76   0   1
 496000   40000000| 12   2   4  83   0   0
1769000   40000000|  2   2   0  97   0   0
1947000   40000000|  1   1   3  95   0   0
2815000   40000000| 17   2   0  81   0   0
1867000   40000000| 26   2  11  61   0   0
1231000   40000000| 12   1  14  73   0   1
2573000   40000000|  1   0  10  89   0   0
 375000   16000000|  1   2  12  85   0   0
 923000   18000|  0   1  25  74   0   0
2349000   29000|  1   1  25  74   0   0
2797000   45000|  0   0  25  75   0   0
3203000   34000|  0   0  25  75   0   0
3737000   40000|  0   0  24  76   0   0
3668000   40000|  0   0   2  98   0   0
3948000   41000|  0   0  25  75   0   0
3796000   46000|  0   0  25  75   0   0
3808000   44000|  1   0  25  74   0   0
3807000   47000|  0   0  24  76   0   0
3871000   41000|  1   0  25  74   0   0
3938000   49000|  0   0  25  75   0   0
4003000   43000|  1   1  20  79   0   0
2523000   40000| 13  14  24  50   0   0
1494000   53000| 14  13   9  64   0   0
4266000  369000| 14  12  24  49   0   0
5393000 1143000| 15  13  23  49   0   0
5834000 1944000| 17   9  24  49   0   0
3184000 3939000|  3   2  25  71   0   0
3041000 6691000|  1   1  32  66   0   0
8385000   12000000|  1   1  35  63   0   0
6805000   19000000|  1   1   8  90   0   0
1497000   30000000|  2   1  20  78   0   0
5933000   39000000|  1   1  24  73   0   0
2422000   40000000|  1   2  24  73   0   0
1659000   40000000|  2   2  24  72   0   0
1988000   40000000|  2   2  24  72   0   0
2120000   40000000|  2   2  24  72   0   0
1509000   40000000|  2   1  24  72   0   1
1699000   40000000|  2   2  24  73   0   0
 163000   40000000|  1   1  24  74   0   0
 166000   40000000|  2   2  24  72   0   0
 189000   40000000|  1   1  25  73   0   0
 178000   40000000|  2   2  10  86   0   0
 235000   40000000|  2   1  24  73   0   0
 202000   40000000|  2   1  24  73   0   0
 216000   40000000|  2   1  24  73   0   0
 168000   40000000|  1   1  25  73   0   0
 259000   40000000|  2   1  24  73   0   0
 124000   40000000|  2   1  24  73   0   0
 232000   40000000|  1   2  24  73   0   0
 497000   40000000|  2   1  36  61   0   0
1607000   33000000|  2   2  48  48   0   0
 758000   19000000|  1   1  49  49   0   0
1378000   21000000|  1   1  24  74   0   0
1498000   32000000|  1   1   0  97   0   0
1375000   26000000|  3   2   0  95   0   0
 477000   39000000|  6   5  11  79   0   0
 798000   39000000|  2   1   4  94   0   0
1200000   33000000|  2   1   0  98   0   0
1355000   33000000|  2   1   0  97   0   0
1380000   37000000|  1   2   8  89   0   0
1184000   33000000|  1   1  23  75   0   0
1562000   26000000|  2   1   0  97   0   0
1327000   28000000|  1   1   8  90   0   0
1342000   28000000|  2   2  24  72   0   0
1448000   31000000|  1   1  25  73   0   0
1100000   27000000|  2   1  24  73   0   0
1008000   23000000|  2   1  25  73   0   0
1002000   34000000|  2   0  48  50   0   0
1407000   27000000|  1   1  49  49   0   0
1377000   26000000|  2   1  49  48   0   0
1372000   27000000|  1   1  49  49   0   0
1608000   28000000| 15   5  48  32   0   0
1475000   30000000| 10   5  39  46   0   0
1343000   31000000|  1   1  25  73   0   0
1542000   25000000|  1   1  25  74   0   0
1166000   23000000|  1   1  25  73   0   0
 515000   19000000|  1   0  25  74   0   0
 906000   37000000|  2   1  24  72   0   0
 624000   40000000|  2   2  25  72   0   0
 166000   33000000|  1   1  25  74   0   0
 611000   26000000|  1   1  24  73   0   0
 801000   26000000|  1   1  25  72   0   0
 807000   27000000|  1   1  25  74   0   0
1034000   28000000|  1   1  24  74   0   0
1183000   25000000|  1   1  25  73   0   0
 835000   34000000|  1   1  24  74   0   0
1004000   29000000|  1   1  25  74   0   0
1077000   17000000|  1   0  25  74   0   0
1182000   14000000|  1   1  25  74   0   0
1339000   16000000|  8   2  30  61   0   0
 553000   35000000| 51   4   5  39   0   2
 350000   40000000| 55   3   0  40   0   2
 706000   40000000| 57   5   0  36   0   3
 708000   40000000| 25   2  24  47   0   1
1259000   40000000| 25   1  25  48   0   1
1198000   33000000| 28   1  44  26   0   1
 949000   18000000|  2   1  58  39   0   0
1314000   11000000|  0   0  50  50   0   0
1241000   13000000|  0   1  50  50   0   0
 498000 9736B|  1   1  56  42   0   0
2047000   24000|  0   0  55  45   0   0
3832000   40000|  1   1  72  26   0   0
  23000   23000|  0   0  69  32   0   0
  19000   31000|  0   0  70  30   0   0
  96000   19000|  1   1  61  38   0   0
  99000   32000|  0   0  64  36   0   0
  23000   19000|  0   0  62  38   0   0
  27000   39000|  0   0  62  38   0   0
1195000   33000|  0   0  66  33   0   0
3094000   42000|  1   1  74  25   0   0
 224000 4680B|  0   0  67  33   0   0
 456000 7552B|  0   0  69  31   0   0
 489000 9234B|  0   1  55  45   0   0
2087000   27000|  0   0  50  50   0   0
 467000 7360B|  0   0  50  50   0   0
2896000   32000|  0   1  59  40   0   0
 477000  151000|  1   0  63  36   0   0
1809000  511000|  0   1  59  39   0   0
3902000  743000|  1   1  66  33   0   0
4846000 1550000|  1   1  60  38   0   0
 612000 2393000|  1   0  74  25   0   0
6816000 4753000|  1   1  74  25   0   0
8343000 6950000|  1   0  73  26   0   0
1134000   12000000|  1   1  60  38   0   0
1094000   17000000|  1   1  69  30   0   0
 320000   26000000|  1   1  65  34   0   0
2132000   38000000|  1   1  60  37   0   0
3021000   40000000|  2   1  64  33   0   0
4136000   40000000|  1   1  59  39   0   0
 631000   40000000|  1   1  74  24   0   0
 182000   40000000|  1   1  72  25   0   0
 214000   40000000|  1   1  58  40   0   0
 237000   40000000|  1   1  68  29   0   0
 215000   40000000|  1   1  64  34   0   0
 173000   40000000|  1   1  49  49   0   0
 215000   40000000|  1   1  49  49   0   0
 283000   40000000|  1   1  49  49   0   0
 184000   40000000|  1   1  49  50   0   0
 318000   40000000|  1   1  49  49   0   0
 919000   31000000|  1   0  50  49   0   0
 655000   91000|  0   0  50  50   0   0
 956000  306000|  1   0  71  29   0   0
1018000  339000|  1   0  54  45   0   0
1618000  709000|  1   1  50  50   0   0
1488000  870000|  0   1  50  49   0   0
1504000 2835000|  1   1  50  49   0   0
1106000 5281000|  1   1  54  45   0   0
  99000 9542000|  1   1  49  49   0   0
1512000   16000000|  1   1  50  49   0   0
2519000   27000000|  1   1  49  49   0   0
2160000   38000000|  1   1  50  49   0   0
1344000   40000000|  1   1  49  49   0   0
1500000   40000000|  4   4  45  47   0   0
 951000   40000000|  3   3  45  50   0   0
1587000   40000000|  1   1  53  46   0   0
 671000   40000000|  1   1  54  45   0   0
2487000   14000000|  0   0  50  50   0   0
3150000  452000|  0   0  50  49   0   0
3273000  731000| 12   1  65  22   0   0
3399000 1469000| 25   1  56  18   0   0
 440000 2186000| 26   1  49  25   0   0
 715000 4016000| 25   1  49  25   0   0
  64000 5072000| 25   1  49  25   0   0
 239000 7275000| 26   1  49  25   0   0
1597000 9289000| 26   2  49  24   0   0
 850000   13000000| 26   1  48  24   0   0
1152000   18000000| 25   1  48  26   0   0
3086000   25000000| 25   1  49  25   0   0
 119000   27000000| 26   3  70   2   0   1
 111000   29000000|  6   1  92   0   0   1
 113000   24000000|  0   0 100   0   0   0
  15000 3336000|  0   0 100   0   0   0
  16000 3403000|  0   0  98   2   0   0
  17000 3936000|  0   0 100   0   0   0
  19000 4136000|  0   0 100   0   0   0
  21000 4936000|  0   0 100   0   0   0
  24000 5470000|  0   0 100   0   0   0
  11000  905000|  1   1  99   0   0   0
 580B    0|  0   0  99   1   0   0
 812B    0|  0   0 100   0   0   0
