   0     0|  1   1  94   3   0   0
1286B 1983B| 16  14  71   0   0   0
  18000   16000|  5   5  90   0   0   0
  12000   12000|  6   6  88   0   0   0
8664B   13000|  4   5  91   0   0   0
3626B 3812B|  5   6  88   0   0   0
5318B   83000|  5   5  89   1   0   0
6386B  513000|  5   6  89   0   0   0
  20000 1862000|  6   5  89   0   0   0
  35000 1331000|  7  10  83   0   0   0
  31000 1938000|  9   7  84   0   0   0
  91000 7568000|  8   6  85   0   0   1
 285000   20000000| 10   7  80   1   0   2
 308000   20000000| 10   7  83   0   0   1
 158000   14000000|  8   7  85   0   0   1
 129000   11000000|  8   7  85   0   0   0
  90000   10000000|  7   8  86   0   0   0
  66000 9670000|  9   7  84   0   0   0
  74000   10000000|  7   7  84   1   0   0
  64000 9442000|  9   6  85   0   0   0
  60000 9713000|  9   6  85   0   0   1
  65000 9099000|  8   6  85   0   0   1
  61000 9646000|  8   7  84   0   0   1
  60000 8665000|  9   6  85   0   0   0
  62000 8878000|  7   6  86   1   0   0
  57000 8797000|  8   6  85   0   0   0
  63000 9702000|  9   7  84   0   0   0
  75000   10000000|  9   6  84   0   0   1
  65000   10000000|  9   5  85   0   0   1
  77000   11000000|  8   7  84   0   0   0
  84000   12000000|  9   6  84   1   0   1
  84000   11000000| 10   5  84   0   0   1
  85000 9474000|  8   6  86   0   0   0
  67000 9154000|  8   6  85   0   0   1
  61000   10000000|  8   6  85   0   0   1
  66000 9035000|  9   6  86   0   0   0
  63000 8927000|  9   6  84   1   0   0
  56000 8817000|  9   6  84   0   0   1
  61000 8702000|  9   7  84   0   0   1
  62000 9121000|  9   6  85   0   0   0
  68000 9781000|  8   7  84   0   0   1
  64000   10000000|  8   6  85   0   0   0
  77000   11000000|  9   6  84   1   0   1
  82000   12000000|  9   5  85   0   0   1
  81000   13000000|  9   6  85   0   0   1
  98000   13000000|  8   7  85   0   0   1
  97000   14000000| 10   7  83   0   0   1
  98000   12000000|  9   7  84   0   0   0
  83000   12000000| 10   5  84   1   0   1
  83000   12000000| 10   6  83   0   0   1
  81000   12000000|  8   7  85   0   0   0
  78000   11000000|  9   7  84   0   0   1
  78000 9759000|  8   7  85   0   0   1
  55000 7176000|  7   6  87   0   0   1
  54000 7898000|  8   7  84   1   0   0
  54000 7615000|  9   5  85   0   0   0
  57000 8574000|  9   5  85   0   0   1
  67000 9845000|  8   8  83   0   0   0
  78000   11000000|  8   6  85   0   0   1
  72000   12000000|  8   7  84   0   0   1
  99000   13000000|  8   7  83   1   0   1
  90000   14000000| 10   6  83   0   0   1
 108000   14000000|  8   8  83   0   0   1
  96000   15000000|  7   7  85   0   0   1
 112000   17000000|  9   7  83   0   0   1
 131000   18000000|  9   6  84   0   0   1
 112000   17000000|  8   7  84   1   0   1
 116000   14000000| 10   7  83   0   0   0
  97000   14000000|  8   7  85   0   0   0
  97000   12000000|  9   8  83   0   0   0
  85000   11000000|  9   6  85   0   0   1
  77000   10000000|  7   7  85   0   0   1
  73000   11000000|  8   7  84   1   0   0
  73000   10000000|  9   6  85   0   0   0
  85000   11000000|  8   7  84   0   0   1
  74000 9224000|  7   6  86   0   0   1
  75000   10000000|  7   6  87   0   0   0
  79000 9735000|  8   7  84   0   0   1
  70000   10000000|  7   6  85   1   0   0
  82000   10000000|  9   6  85   0   0   1
  87000   10000000|  7   8  84   0   0   1
  61000 9225000|  9   6  84   0   0   1
  81000 8233000|  8   6  85   0   0   0
  57000 7342000|  6   7  87   0   0   1
  57000 8051000| 10   6  84   0   0   0
  59000 8087000|  8   5  86   0   0   1
  60000 9692000|  9   6  84   0   0   1
  75000   10000000|  9   6  85   0   0   0
  75000   11000000|  8   6  85   0   0   0
  92000   10000000|  9   7  84   0   0   1
  72000 9556000|  6   7  85   1   0   0
  68000   10000000|  8   7  85   0   0   0
  78000   10000000|  9   7  84   0   0   0
  70000   10000000|  9   5  85   0   0   0
  76000 9846000|  7   6  86   0   0   1
  61000 9224000|  8   6  85   0   0   0
  73000   10000000|  8   6  85   1   0   0
  66000 9293000|  8   7  85   0   0   1
  77000 9719000|  8   7  84   0   0   1
  60000 8405000|  9   5  85   0   0   0
  66000 9062000|  9   6  85   0   0   1
  60000 7519000|  9   6  85   0   0   1
  58000 6941000|  8   8  83   1   0   0
  45000 6604000|  7   6  87   0   0   0
  52000 6936000|  7   6  86   0   0   1
  46000 6382000|  9   6  85   0   0   0
  42000 7123000|  8   6  85   0   0   1
  58000 7188000|  8   6  85   0   0   0
  53000 7205000|  8   6  84   2   0   0
  50000 7286000|  8   6  85   0   0   0
  58000 8042000|  7   7  85   0   0   1
  53000 8623000|  8   5  86   0   0   1
  61000 8339000|  9   6  85   0   0   0
  57000 8214000|  9   6  85   0   0   0
  66000 8726000|  9   7  84   1   0   0
  66000 8361000|  9   7  84   0   0   0
  57000 8457000|  8   7  85   0   0   1
  61000 9702000|  9   6  84   0   0   0
  82000 9906000|  8   5  86   0   0   1
  74000 9628000|  9   6  85   0   0   0
  69000 9800000|  9   6  83   1   0   1
  71000 9624000|  8   7  86   0   0   0
  70000 9316000|  8   7  84   0   0   1
  72000 8379000|  8   7  85   0   0   0
  58000 8677000| 10   6  84   0   0   0
  61000 9643000|  8   6  85   0   0   1
  65000   10000000|  8   6  85   0   0   1
  73000   11000000|  7   8  85   0   0   0
  80000   10000000|  9   8  83   0   0   1
  81000   12000000|  9   6  85   0   0   0
  80000   13000000|  9   6  85   0   0   1
  84000   13000000|  9   7  84   0   0   1
  95000   14000000|  9   7  83   1   0   0
  94000   15000000|  8   7  84   0   0   0
 111000   15000000|  8   6  85   0   0   1
 119000   13000000|  8   7  84   0   0   1
  83000   12000000|  8   6  86   0   0   0
  86000   13000000|  9   5  85   0   0   0
  84000   12000000|  7   7  84   1   0   1
  84000   12000000|  8   8  84   0   0   1
  83000   12000000|  7   7  86   0   0   0
  82000   11000000|  8   7  84   0   0   1
  73000   10000000|  9   6  84   0   0   1
  81000   11000000|  9   7  84   0   0   1
  76000   10000000|  9   7  83   1   0   1
  75000 9858000|  9   6  85   0   0   0
  82000   11000000|  7   6  86   0   0   0
  77000   12000000|  8   7  85   0   0   1
  87000   13000000| 10   6  83   0   0   1
  99000   12000000|  7   9  84   0   0   1
  83000   12000000|  9   6  84   1   0   1
  77000   12000000|  9   6  84   0   0   0
  95000   11000000|  8   7  84   0   0   1
  69000 8558000|  9   5  85   0   0   1
  62000 9166000|  8   6  86   0   0   0
  71000 9514000|  8   6  86   0   0   1
  67000   10000000|  8   6  84   1   0   1
  72000   11000000|  9   6  84   0   0   1
  94000   12000000|  7   7  85   0   0   1
  75000   10000000|  8   7  85   0   0   1
  76000   10000000|  8   5  86   0   0   0
  77000 9130000|  8   7  85   0   0   0
  57000 7704000|  8   6  84   1   0   0
  57000 8202000|  9   6  85   0   0   0
  57000 8616000|  8   6  86   0   0   1
  58000 9003000| 10   6  84   0   0   1
  69000 8711000|  7   6  86   0   0   0
  67000 8755000|  8   5  86   0   0   1
  60000 8259000|  9   7  83   1   0   1
  63000 8597000|  8   7  84   0   0   1
  64000 8862000|  8   7  85   0   0   0
  61000 9384000|  9   6  84   0   0   0
  65000   10000000|  9   6  84   0   0   1
  70000   11000000|  9   6  84   0   0   1
  73000   12000000|  8   7  85   1   0   0
  84000   11000000|  9   7  84   0   0   1
  77000   11000000|  8   7  84   0   0   0
  72000   12000000|  8   7  84   0   0   1
  85000   12000000|  9   6  84   0   0   1
  77000   13000000|  9   7  84   0   0   1
  86000   13000000|  8   6  84   1   0   1
  97000   14000000|  8   8  85   0   0   0
  89000   15000000|  8   8  84   0   0   1
 103000   16000000|  9   7  83   0   0   1
 118000   17000000|  7   6  86   0   0   1
 112000   19000000| 10   7  82   0   0   1
 129000   19000000| 10   7  82   1   0   1
 127000   16000000|  8   7  85   0   0   0
  95000   14000000|  9   7  83   0   0   1
  98000   14000000|  9   7  83   0   0   1
  99000   13000000|  9   7  83   0   0   1
  85000   13000000|  9   7  84   0   0   0
  85000   11000000|  9   6  84   1   0   0
  79000   11000000|  7   6  87   0   0   0
  70000   11000000|  8   6  85   0   0   1
  88000 9873000| 10   6  83   0   0   1
  67000 9596000|  9   6  84   0   0   0
  65000 9997000|  9   7  84   0   0   1
  74000 9010000|  8   7  85   1   0   0
  65000 8989000|  9   6  84   0   0   0
  65000 9104000|  8   6  86   0   0   0
  69000 8515000|  9   5  85   0   0   1
  63000 7950000|  9   7  84   0   0   0
  60000 7460000|  9   6  85   0   0   0
  65000 7976000|  7   7  84   1   0   1
  55000 7673000|  9   6  84   0   0   0
  57000 8007000|  9   8  83   0   0   1
  69000 8924000|  8   8  84   0   0   1
  58000 8131000|  8   6  86   0   0   1
  64000 8408000|  8   6  85   0   0   1
  68000 8442000|  7   7  85   1   0   1
  63000 8972000|  9   6  85   0   0   0
  57000 7922000|  7   7  85   0   0   0
  62000 8365000|  7   8  85   0   0   0
  57000 8104000|  8   7  84   0   0   1
  56000 8574000|  9   6  85   0   0   1
  69000 8057000|  9   6  84   1   0   0
  55000 8251000|  7   8  85   0   0   1
  61000 7944000|  7   7  86   0   0   0
  55000 7442000|  9   6  85   0   0   0
  50000 7937000|  8   7  84   0   0   1
  59000 8349000|  9   6  85   0   0   0
  58000 9090000| 10   6  82   1   0   1
  62000   10000000|  9   7  83   0   0   1
  79000   11000000|  8   6  85   0   0   1
  74000   10000000|  8   7  84   0   0   1
  72000   11000000|  8   6  84   0   0   1
  82000   12000000|  7   8  84   0   0   1
  91000   13000000|  9   7  83   1   0   1
  81000   12000000|  9   5  86   0   0   1
  83000   12000000|  9   6  85   0   0   1
  79000   13000000|  9   7  84   0   0   0
  77000   12000000|  9   6  84   0   0   0
  83000   13000000|  9   6  84   0   0   1
  92000   13000000|  8   7  83   1   0   1
  87000   14000000|  9   7  76   7   0   1
 122000   15000000|  9   7  83   0   0   1
 100000   13000000|  8   7  84   0   0   1
 107000   13000000|  8   7  84   0   0   1
  95000   12000000|  6   7  86   0   0   1
  78000   10000000|  8   6  85   1   0   0
  76000   10000000| 10   7  83   0   0   1
  74000   10000000|  9   6  85   0   0   0
  80000 9837000|  7   7  86   0   0   1
  74000   10000000|  9   9  82   0   0   1
  81000   10000000|  8   8  84   0   0   0
  69000 9308000|  9   6  84   0   0   1
  76000 9726000|  8   6  86   0   0   0
  72000 9378000|  8   7  85   0   0   1
  71000 9025000|  8   6  85   0   0   1
  57000 9330000| 10   8  82   0   0   0
  74000 9742000| 10   6  83   0   0   1
  68000   10000000|  7   9  83   1   0   0
  72000   10000000| 10   8  82   0   0   0
  87000 9820000|  7   8  84   0   0   0
  66000 8880000|  8   7  84   0   0   0
  66000 9046000|  9   6  85   0   0   0
  68000 9255000|  8   6  85   0   0   1
  64000 9754000|  8   6  83   1   0   1
  70000   10000000|  9   7  83   0   0   0
  75000 9287000|  7   6  87   0   0   0
  66000 9336000|  8   6  85   0   0   0
  62000 9630000|  8   6  86   0   0   0
  75000   10000000|  8   7  84   0   0   0
  69000   11000000|  9   8  82   1   0   0
  73000   12000000|  8   6  85   0   0   1
  93000   12000000|  8   7  84   0   0   1
  74000   11000000|  8   6  85   0   0   1
  73000   11000000|  9   8  83   0   0   1
  86000   12000000|  8   6  85   0   0   1
  84000   12000000|  9   8  82   1   0   1
  79000   12000000|  9   6  84   0   0   1
  93000   11000000|  9   6  84   0   0   1
  71000   10000000|  8  10  81   0   0   1
  68000   10000000|  7   7  85   0   0   1
  88000 7565000|  8   6  85   0   0   0
  43000 6653000|  7   7  86   1   0   0
  44000 6202000|  8   6  86   0   0   0
  45000 6927000| 10   7  83   0   0   1
  53000 8048000|  8   7  84   0   0   1
  56000 8392000|  8  11  80   0   0   1
  65000 9551000|  7   6  87   0   0   0
  69000   10000000|  9  10  81   1   0   0
  72000   10000000|  9   7  84   0   0   0
  81000   10000000|  8   7  85   0   0   0
  72000 9677000|  8   7  85   0   0   0
  75000 8134000|  8   7  85   0   0   0
  63000 8385000|  8   6  86   0   0   0
  59000 7913000|  9   6  84   0   0   1
  57000 7185000|  8   7  84   0   0   1
  60000 6904000|  8   6  86   0   0   0
  47000 6915000|  7   6  87   0   0   0
  49000 6695000|  7   6  87   0   0   0
  50000 7179000|  9   5  85   0   0   1
  51000 7053000|  8   5  86   1   0   0
  52000 7203000|  7   6  87   0   0   0
  51000 7190000|  8   6  85   0   0   1
  51000 8084000|  8   7  85   0   0   1
  54000 7848000| 10   7  83   0   0   0
  59000 9190000|  7   7  86   0   0   0
  62000   10000000|  8   7  84   1   0   0
  82000   11000000|  8   7  84   0   0   1
  77000   13000000|  8   5  86   0   0   1
  87000   13000000|  8   6  85   0   0   1
 100000   14000000|  9   9  82   0   0   1
  93000   15000000| 10  11  78   0   0   1
 100000   15000000| 10   6  82   1   0   1
 118000   12000000| 10  10  80   0   0   0
  80000   12000000|  7   9  83   0   0   1
  79000   11000000|  9   9  81   0   0   1
  78000   10000000|  8   7  85   0   0   0
  78000 9302000|  8   9  83   0   0   1
  63000 8305000|  9   6  84   1   0   1
  64000 8413000| 10   8  81   0   0   1
  64000 9224000| 10   8  82   0   0   0
  60000 9479000|  8   7  85   0   0   0
  74000   10000000| 10   8  82   0   0   1
  75000 9741000|  8   7  85   0   0   0
  65000   10000000|  9   6  83   2   0   1
  75000   10000000|  9   7  83   0   0   1
  68000   10000000|  9   8  83   0   0   1
  68000   11000000|  9   7  83   0   0   1
  81000   11000000|  9   6  85   0   0   1
  77000   10000000|  8   7  84   0   0   1
  65000   10000000|  9   7  83   1   0   1
  75000   11000000| 11   5  84   0   0   0
  78000   12000000| 10   7  83   0   0   1
  77000   11000000|  8   6  85   0   0   1
  79000   11000000|  8   7  84   0   0   1
  88000   11000000|  8   7  84   0   0   1
  70000   10000000|  9   7  83   1   0   0
  72000   10000000| 11   5  84   0   0   0
  70000   10000000|  9   6  85   0   0   1
  71000   11000000|  9   8  83   0   0   1
  78000   11000000|  8   7  85   0   0   0
  83000   12000000|  8   7  84   0   0   0
  84000   11000000|  9   8  82   0   0   1
  77000 9585000|  9   6  84   0   0   0
  73000   10000000|  7   7  85   0   0   1
  71000   10000000|  7   6  85   0   0   1
  76000 8453000|  9   5  86   0   0   1
  67000 8807000|  8   7  84   0   0   0
  62000 8897000|  7   7  85   1   0   0
  60000 8370000|  9   8  81   0   0   1
  69000 9493000|  8   8  84   0   0   0
  65000 9602000|  7   7  85   0   0   0
  72000 9347000|  8   8  83   0   0   1
  67000 9572000|  9   7  84   0   0   0
  66000   10000000|  8   6  85   1   0   0
  74000 8614000|  9   9  82   0   0   1
  66000 9443000|  9   7  83   0   0   0
  64000 8770000|  8   7  85   0   0   1
  68000 8088000|  8   6  85   0   0   0
  56000 7836000|  7   7  85   0   0   1
  56000 8171000|  8   8  83   1   0   0
  60000 8273000|  9   6  84   0   0   1
  59000 8419000|  9   5  85   0   0   1
  56000 9465000|  9   7  84   0   0   0
  65000 9390000|  9   7  84   0   0   0
  74000   10000000|  9   6  85   0   0   1
  72000   10000000|  8   8  82   1   0   0
  76000   10000000|  9   9  81   0   0   1
  74000   10000000|  9   6  84   0   0   1
  77000   11000000|  9   7  83   0   0   1
  88000   12000000|  9   6  84   0   0   0
  78000   11000000|  9   6  85   0   0   0
  75000   11000000|  8   7  83   1   0   1
  78000   11000000|  9   5  86   0   0   1
  82000   12000000| 10   7  83   0   0   1
  88000   13000000|  7   7  85   0   0   1
  91000   13000000|  8   7  85   0   0   1
  98000   11000000|  8   8  84   0   0   1
  80000   10000000|  9   7  83   0   0   1
  76000   10000000| 10   6  84   0   0   1
  74000 9943000|  9   6  85   0   0   1
  80000 9649000|  9   7  84   0   0   0
  61000 8602000|  8   7  85   0   0   1
  74000 8460000|  8   6  85   0   0   1
  68000 8512000|  7   8  84   1   0   1
  64000 6978000|  9   6  85   0   0   0
  55000 6681000|  8   6  86   0   0   0
  45000 6706000|  9   7  84   0   0   0
  57000 6904000|  9   7  84   0   0   0
  50000 6663000|  8   6  85   0   0   0
  50000 7209000|  8   7  84   1   0   0
  56000 7181000|  8   7  85   0   0   0
  55000 7753000|  9   8  83   0   0   0
  59000 7737000|  9   5  85   0   0   0
  64000 8752000|  8   7  84   0   0   1
  68000   10000000|  8   6  86   0   0   0
  86000   12000000|  8   8  83   1   0   0
  77000   12000000|  7   8  84   0   0   1
  93000   12000000|  9   6  85   0   0   1
  82000   15000000|  8   9  82   0   0   1
 113000   14000000|  9   8  83   0   0   0
 102000   15000000|  9   6  84   0   0   1
  98000 9783000|  9   6  83   1   0   1
  64000 8634000|  9   6  85   0   0   0
  71000 8683000|  9   7  84   0   0   1
  61000 7675000|  8   6  86   0   0   0
  61000 7127000|  9   6  86   0   0   0
  52000 7273000|  7   6  87   0   0   0
  56000 7181000|  8   5  85   1   0   1
  50000 7692000|  8   7  85   0   0   0
  61000 8156000| 10   5  84   0   0   0
  63000 9104000|  9   8  82   0   0   0
  71000 8813000|  8   8  83   0   0   1
  68000 9719000|  8   6  85   0   0   1
  67000 9659000|  8   6  85   1   0   0
  80000   10000000|  8   8  84   0   0   1
  76000   11000000|  9   6  85   0   0   1
  85000   10000000|  9  14  78   0   0   0
  73000   11000000|  9   6  84   0   0   0
  91000   11000000|  9   5  85   0   0   1
  76000   11000000|  8   6  85   1   0   0
  77000   11000000|  7   8  85   0   0   0
  88000   13000000| 10   9  81   0   0   1
  84000   13000000|  9   6  85   0   0   0
 106000   14000000|  7   7  85   0   0   1
 102000   15000000|  9   6  84   0   0   1
 113000   15000000|  9   6  84   1   0   0
  95000   12000000|  9   8  83   0   0   1
  92000   12000000|  7   7  85   0   0   0
  92000   11000000| 10   6  83   0   0   1
  78000   12000000|  8   6  86   0   0   0
  92000   12000000|  9   6  85   0   0   0
  82000   12000000|  8   7  83   1   0   1
  99000   12000000|  8   9  83   0   0   0
  89000   12000000|  7   7  85   0   0   1
  79000   12000000|  8   8  84   0   0   1
 105000   11000000|  8   7  85   0   0   1
  76000 8748000|  9   6  85   0   0   1
  73000 9170000|  8   6  85   1   0   0
  77000 9430000|  8   8  83   0   0   0
  73000 8825000|  8   6  85   0   0   1
  69000 7884000|  8   7  85   0   0   0
  65000 8180000|  7   7  85   0   0   0
  57000 7498000|  8   9  83   0   0   1
  62000 7935000| 10   6  84   1   0   0
  62000 7864000|  8   6  85   0   0   1
  63000 7787000|  9   8  82   0   0   0
  60000 7528000|  8   9  83   0   0   0
  71000 8002000|  7   7  86   0   0   0
  52000 8072000|  8   8  84   0   0   1
  63000 8555000|  8   8  83   1   0   1
  65000 8359000|  9   6  85   0   0   0
  60000 8783000|  8   6  86   0   0   1
  71000 6969000| 10   7  83   0   0   1
  53000 6757000|  9   7  84   0   0   0
  55000 6474000|  9   6  85   0   0   1
  48000 6371000|  8   7  84   1   0   0
  52000 6314000|  8   6  86   0   0   1
  49000 6489000|  8   7  85   0   0   0
  48000 5953000|  8   5  87   0   0   0
  51000 6097000|  7   6  87   0   0   0
  50000 6578000|  9   5  85   0   0   1
  52000 7125000|  9   6  85   1   0   0
  50000 7637000|  9   7  84   0   0   1
  62000 8057000|  8   7  85   0   0   0
  60000 9225000|  8   7  84   0   0   1
  83000 9490000|  9   6  84   0   0   1
  63000   10000000|  8   9  82   0   0   0
  84000   11000000|  7  18  73   1   0   1
  74000   10000000| 10   9  80   0   0   1
  82000 8791000|  9   7  83   0   0   1
  62000 7740000|  8   7  84   0   0   0
  64000 8755000|  8   6  85   0   0   1
  57000 7946000|  9   6  85   0   0   1
  56000 8831000| 10   7  82   1   0   1
  63000 8238000|  8   7  84   0   0   1
  55000 7646000|  8   6  86   0   0   0
  57000 7175000|  8   7  85   0   0   0
  49000 6788000|  8   7  85   0   0   0
  51000 7074000|  9   5  86   0   0   0
  47000 7406000|  8   7  84   1   0   1
  56000 7546000|  8   5  86   0   0   1
  56000 8198000| 19   9  71   0   0   1
  58000 7362000| 36   9  55   0   0   0
  54000 8300000| 35  14  50   0   0   1
  66000 8508000| 35   8  56   0   0   0
  68000 8856000| 35   8  55   1   0   1
  68000 9356000| 35  11  53   0   0   1
  68000   10000000| 36   7  56   0   0   1
  78000   11000000| 36  10  53   0   0   1
  78000   10000000| 35  10  53   0   0   1
  69000 9713000| 35   8  56   0   0   1
  74000 9345000| 36   8  54   1   0   1
  68000 9471000| 35   8  56   0   0   1
  82000 9397000| 35   9  55   0   0   1
  59000 8312000| 34   8  57   0   0   0
  70000 9290000| 35   6  57   0   0   1
  67000 9479000| 35   8  56   0   0   1
  73000   10000000| 36  11  52   1   0   1
  83000   12000000| 34   9  57   0   0   1
  81000   13000000| 35   8  55   0   0   1
  98000   14000000| 35   8  56   0   0   1
 103000   13000000| 36   8  55   0   0   1
  91000   14000000| 36   8  55   0   0   1
 102000   15000000| 36   8  55   1   0   1
  78000   13000000| 37   7  55   0   0   1
 103000   14000000| 36   8  55   0   0   1
  99000   12000000| 34   9  56   0   0   1
  71000   12000000| 35   7  57   0   0   1
  87000   12000000| 37   7  56   0   0   1
  95000   12000000| 36   9  55   1   0   1
  72000   11000000| 35   8  56   0   0   1
  86000   10000000| 58  11  29   0   0   2
  66000   10000000| 65  12  21   0   0   2
  78000 9950000| 67  12  20   0   0   1
  74000   10000000| 66  11  21   0   0   1
  70000   11000000| 66  11  21   1   0   2
  88000 9591000| 68   9  21   0   0   1
  71000 8574000| 63  12  24   0   0   2
  73000 8998000| 67  10  22   0   0   1
  63000 9087000| 65  12  22   0   0   1
  65000 8438000| 64  12  22   0   0   2
  63000 7603000| 66  10  22   0   0   1
  67000 7661000| 66  11  21   0   0   2
  64000 7901000| 65  18  17   0   0   0
  58000 7750000| 53   8  37   1   0   1
  64000 8685000| 56  10  33   0   0   1
  74000 8887000| 67  11  22   0   0   1
  67000 9224000| 65  12  21   0   0   1
  74000 8782000| 66  10  23   0   0   1
  57000 9376000| 64  10  25   0   0   1
  65000 9561000| 64   9  22   4   0   1
  67000 8733000| 74   9  15   0   0   2
  73000 8919000| 81   9   9   0   0   1
  70000 6895000| 78  12   8   1   0   1
  56000 5878000| 64  12  22   0   0   2
  43000 5829000| 64   8  27   0   0   1
  47000 5949000| 64  11  23   0   0   1
  63000 6933000| 66  11  22   0   0   1
  51000 6892000| 64  11  23   0   0   1
  72000 7504000| 65  10  24   0   0   1
  71000 7719000| 65  12  22   0   0   1
  68000 8654000| 65  10  23   0   0   2
  63000 9363000| 65  11  22   0   0   1
  70000 9538000| 66  11  21   0   0   2
  63000 9376000| 65  11  22   0   0   2
  65000 8577000| 66  10  22   0   0   2
  63000 7723000| 65  11  23   0   0   1
  51000 7581000| 66  11  22   0   0   1
  48000 7774000| 67  10  23   0   0   1
  63000 8419000| 77  11  12   0   0   1
  55000 8020000| 80  11   8   0   0   1
  59000 9118000| 82  10   7   0   0   2
  71000 9824000| 81  11   6   0   0   1
  71000   10000000| 81   9   8   0   0   2
  81000   11000000| 83  10   6   0   0   1
 102000   13000000| 81   9   9   0   0   2
 118000   14000000| 80   8  11   0   0   2
 101000   13000000| 78   7  13   0   0   1
 114000   14000000| 47  12  41   0   0   1
 119000   15000000| 34   7  58   0   0   1
 104000   13000000| 63   9  27   0   0   2
 104000   12000000| 66  11  20   0   0   2
  85000 9560000| 80  10   9   0   0   2
  72000 8311000| 84   9   6   0   0   1
  61000 7302000| 80  10   9   0   0   1
  61000 7569000| 79   7  12   0   0   1
  58000 7809000| 70  10  19   0   0   2
  61000 7690000| 65   9  25   0   0   1
  60000 8645000| 62  12  25   0   0   1
  68000   10000000| 65  11  23   0   0   1
  86000 9860000| 66  11  21   0   0   1
  76000 9672000| 64   9  25   0   0   2
  76000 8721000| 66  11  22   0   0   1
  79000 7954000| 63  10  25   0   0   1
  73000 7371000| 63  11  25   0   0   1
  50000 7168000| 66  12  21   0   0   1
  59000 7933000| 65  11  23   0   0   2
  77000 9909000| 65  12  21   0   0   1
  79000   10000000| 65  11  23   0   0   1
 120000   12000000| 69  12  18   0   0   2
 140000   13000000| 84   8   7   0   0   2
  84000   12000000| 81   9   8   0   0   2
  80000 9731000| 79  12   7   0   0   2
  71000   11000000| 80  11   8   0   0   1
  64000   10000000| 80  11   8   0   0   2
  87000   10000000| 79   9  11   0   0   2
  64000 9726000| 78   8  13   0   0   1
  70000   10000000| 59  10  30   0   0   1
  74000   10000000| 47   7  46   0   0   0
  70000   10000000| 31   7  62   0   0   1
  63000   10000000| 30   6  64   0   0   0
  82000   11000000| 30   7  62   0   0   1
  73000 9444000| 54   9  35   1   0   1
  63000 9628000| 63   9  27   0   0   1
  82000 8291000| 63  10  25   0   0   1
  60000 7913000| 63  12  23   0   0   2
  56000 7332000| 64  10  25   0   0   1
  64000 7456000| 62  11  25   0   0   1
  55000 7142000| 65   9  25   0   0   1
  55000 6726000| 62  12  24   0   0   2
  46000 5703000| 65   9  26   0   0   1
  45000 5971000| 64   9  26   0   0   1
  52000 6883000| 65  11  24   0   0   1
  56000 6746000| 63  11  25   0   0   1
  62000 6990000| 64  12  23   1   0   1
  58000 6517000| 64  11  25   0   0   1
  73000 8124000| 65  10  24   0   0   1
 119000   11000000| 63  14  21   0   0   3
  97000   11000000| 64   9  26   0   0   1
  87000 9974000| 63  10  25   0   0   2
  75000 9712000| 63  12  23   1   0   1
  61000 8996000| 65  11  23   0   0   1
  70000 8601000| 62   9  27   0   0   1
  66000 9465000| 59  10  30   0   0   1
  69000   10000000| 41   8  52   0   0   0
  83000   10000000| 33   7  59   0   0   1
  84000   11000000| 33   7  57   1   0   2
  84000   11000000| 32   8  59   0   0   1
  93000 9677000| 33   8  58   0   0   1
  69000 9851000| 36   7  56   0   0   1
  60000 8707000| 33   6  60   0   0   0
  58000 8698000| 33   7  60   0   0   1
  59000 8201000| 34   7  58   1   0   1
  59000 8366000| 34   6  59   0   0   1
  63000 9133000| 34   7  58   0   0   1
  74000   11000000| 34   6  58   0   0   1
  81000   12000000| 34   7  58   0   0   1
 106000   11000000| 33   8  58   0   0   1
  77000 9851000| 34   7  58   1   0   1
  76000   11000000| 34   7  59   0   0   1
  86000   11000000| 33   7  59   0   0   1
  74000   11000000| 35   6  58   0   0   1
  89000   10000000| 34   7  59   0   0   1
  75000 9839000| 33   7  58   1   0   1
  68000   10000000| 34   7  58   0   0   1
  71000   10000000| 34   7  59   0   0   1
  66000 9854000| 34   7  58   0   0   1
  78000   10000000| 35   7  58   0   0   1
  72000 9554000| 34   7  58   0   0   1
  75000 9456000| 34   7  58   1   0   0
  71000 9384000| 34   7  59   0   0   1
  73000 9354000| 34   8  58   0   0   1
  69000 9403000| 33   8  59   0   0   1
  83000 9209000| 33   8  58   0   0   1
  59000 9123000| 35   5  59   0   0   1
  74000   10000000| 33   8  57   1   0   1
  75000   10000000| 34   6  60   0   0   1
  75000   10000000| 34   6  60   0   0   1
  72000   10000000| 22   6  72   0   0   1
  79000   10000000|  7   5  88   0   0   1
  81000 9276000|  6   5  88   0   0   1
  67000 9459000|  6   5  87   1   0   1
  73000 9670000|  7   5  88   0   0   0
  67000   10000000|  8   6  86   0   0   0
  68000 8490000|  6   6  88   0   0   0
  62000 8174000|  6   5  88   0   0   0
  61000 8419000|  7   6  87   0   0   1
  63000 8077000|  7   5  86   1   0   0
  58000 7752000|  6   6  88   0   0   1
  61000 7473000|  8   5  86   0   0   1
  71000 9360000|  5   6  88   0   0   1
  81000 9115000|  7   6  87   0   0   1
  84000 9519000|  9   5  86   0   0   0
  71000 9138000|  8   5  86   1   0   0
  73000 9092000|  8   5  87   0   0   0
  67000 9486000|  6   6  87   0   0   1
  68000 8519000|  6   5  89   0   0   0
  71000 8494000|  6   6  87   0   0   1
  59000 8150000|  6   6  88   0   0   0
  61000 7839000|  6   4  88   1   0   0
  67000 7590000|  7   5  87   0   0   1
  50000 7305000|  7   5  88   0   0   0
  49000 7363000|  8   6  86   0   0   1
  57000 7474000|  7   5  87   0   0   1
  52000 7461000|  6   5  88   0   0   0
  56000 7833000|  6   6  86   1   0   1
  62000 8334000|  6   6  87   0   0   1
  60000 9342000|  6   6  87   0   0   0
  72000   11000000|  6   6  88   0   0   0
  93000   12000000|  7   6  86   0   0   1
  77000   12000000|  7   6  87   0   0   0
  93000   14000000|  8   6  85   1   0   0
 119000   13000000|  6   5  89   0   0   0
  83000   12000000|  8   7  85   0   0   0
  80000   11000000|  7   5  87   0   0   1
  75000   11000000|  7   6  86   0   0   1
  74000   11000000|  8   5  87   0   0   0
  74000   11000000|  7   5  85   2   0   0
  80000   11000000|  7   6  87   0   0   1
  77000   13000000|  8   6  86   0   0   1
  97000   12000000|  6   5  88   0   0   1
  95000   12000000|  8   5  87   0   0   0
  75000   13000000|  6   6  87   0   0   1
  95000   12000000|  7   5  86   2   0   1
  95000   10000000|  7   6  87   0   0   0
  73000 9701000|  7   7  86   0   0   1
  64000 8433000|  7   7  86   0   0   0
  62000 7826000|  7   6  87   0   0   0
  56000 7259000|  6   6  87   0   0   0
  57000 7350000|  6   4  89   1   0   0
  53000 7224000|  5   6  89   0   0   0
  54000 8282000|  6   6  88   0   0   0
  61000 8193000|  7   6  87   0   0   1
  63000 8143000|  5   6  88   0   0   1
  54000 8631000|  7   6  87   0   0   1
  58000 8511000|  7   5  86   1   0   1
  67000 9046000|  7   5  88   0   0   0
  58000 9182000|  6   6  88   0   0   0
  73000 9947000|  6   6  87   0   0   0
  73000   10000000|  7   6  86   0   0   1
  78000   12000000|  7   5  87   0   0   0
  90000   12000000|  7   6  86   1   0   1
  94000   13000000|  7   6  87   0   0   1
  86000   13000000|  7   5  87   0   0   1
  95000   13000000|  7   6  85   0   0   1
  89000   13000000|  8   5  87   0   0   0
  88000   12000000|  6   6  88   0   0   0
  90000   12000000|  8   6  86   1   0   0
  83000   11000000|  7   5  87   0   0   1
  82000   12000000|  8   6  86   0   0   0
  85000   10000000|  7   6  87   0   0   1
  68000   10000000|  7   6  86   0   0   1
  67000   10000000|  8   6  85   0   0   1
  71000   10000000|  6   6  86   1   0   1
  67000   11000000|  8   6  86   0   0   0
  75000   10000000|  7   5  88   0   0   0
  76000   11000000|  7   7  85   0   0   0
  79000   10000000|  7   5  87   0   0   1
  72000 9944000|  7   6  86   0   0   1
  71000   10000000|  7   6  86   1   0   0
  75000   11000000|  8   5  86   0   0   1
  75000   11000000|  8   6  86   0   0   1
  77000 9680000|  7   6  87   0   0   0
  68000 8983000|  8   6  86   0   0   1
  58000 9585000|  5   7  87   0   0   1
  62000 9593000|  7   7  85   1   0   1
  74000 9614000|  7   4  89   0   0   0
  62000 9270000|  7   6  86   0   0   1
  66000   10000000|  7   5  88   0   0   0
  68000 9744000|  7   6  86   0   0   1
  69000   10000000|  7   5  88   0   0   0
  72000 9953000|  7   6  86   1   0   1
  73000 9247000|  7   6  86   0   0   0
  58000 8691000|  6   5  88   0   0   0
  67000 9489000|  8   5  88   0   0   0
  62000 9237000|  7   6  87   0   0   1
  61000 9313000|  7   6  86   0   0   0
  66000 9571000|  6   5  88   1   0   0
  68000 9977000|  7   6  87   0   0   0
  64000   10000000|  8   5  87   0   0   0
  81000   11000000|  7   6  86   0   0   1
  85000   13000000|  6   5  89   0   0   1
  82000   12000000|  8   7  84   0   0   1
  92000   11000000|  7   5  87   1   0   0
  67000   11000000|  6   7  86   0   0   1
  76000   12000000|  6   6  87   0   0   1
  81000   12000000|  7   6  87   0   0   1
  89000   12000000|  8   6  86   0   0   1
  83000   13000000|  7   6  86   0   0   1
  85000   12000000|  7   5  87   1   0   1
  90000   12000000|  7   6  87   0   0   1
  83000   13000000|  7   7  86   0   0   0
  80000   13000000|  7   5  87   0   0   1
  87000   13000000|  6   6  87   0   0   0
  92000   13000000|  8   4  88   0   0   0
  95000   14000000|  7   5  87   1   0   1
 103000   14000000|  7   7  86   0   0   1
  98000   14000000|  7   7  86   0   0   1
  95000   14000000|  6   5  88   0   0   1
  86000   13000000|  7   7  85   0   0   1
  93000   13000000|  7   5  87   0   0   1
  90000   12000000|  9   7  84   1   0   0
  86000   12000000|  7   6  87   0   0   0
  91000   13000000|  6   7  87   0   0   0
 100000   13000000|  7   6  86   0   0   1
 106000   13000000|  7   5  88   0   0   1
  96000   13000000|  6   7  86   0   0   1
  99000   12000000|  8   4  86   1   0   1
  73000   12000000|  7   6  86   0   0   0
  86000   10000000|  7   5  88   0   0   0
  73000   11000000|  7   5  87   0   0   1
  87000   11000000|  6   6  87   0   0   1
  77000   12000000|  7   6  86   0   0   0
  83000   11000000|  8   7  85   1   0   0
  76000   12000000|  7   7  86   0   0   1
  91000   10000000|  8   6  86   0   0   0
  77000   11000000|  6   6  88   0   0   0
  80000   10000000|  6   5  87   0   0   1
  69000 8791000|  6   6  88   0   0   0
  62000 9154000|  5   7  88   1   0   0
  71000 9664000|  6   6  87   0   0   1
  66000 8484000|  6   6  88   0   0   0
  67000 8933000|  8   7  85   0   0   0
  64000 9550000|  8   4  88   0   0   0
  65000 9785000|  7   6  86   0   0   1
  69000   11000000|  8   6  86   1   0   0
  80000   11000000|  6   5  88   0   0   0
  78000   11000000|  6   5  88   0   0   0
  70000   11000000|  7   5  88   0   0   1
  81000   12000000|  7   6  87   0   0   0
  77000   13000000|  7   6  87   0   0   1
  91000   14000000|  8   5  86   1   0   1
 103000   14000000|  7   6  86   0   0   1
  83000   14000000|  8   6  86   0   0   1
 118000   16000000|  8   6  86   0   0   0
 104000   16000000|  6   6  87   0   0   0
 121000   19000000|  8   6  85   0   0   1
 126000   18000000|  7   6  85   1   0   1
 124000   17000000|  7   6  87   0   0   1
 112000   17000000|  7   5  87   0   0   1
 104000   19000000|  8   5  86   0   0   0
 135000   18000000|  6   5  87   0   0   1
 121000   17000000|  9   7  83   0   0   1
 108000   14000000|  6   6  86   2   0   1
 102000   14000000|  8   6  85   0   0   0
  94000   14000000|  7   5  87   0   0   1
 111000   15000000|  7   5  87   0   0   1
  90000   12000000|  9   6  85   0   0   1
  96000   13000000|  7   5  87   0   0   1
  82000   10000000|  6   6  87   1   0   0
  76000   11000000|  7   5  88   0   0   1
  70000   11000000|  7   5  88   0   0   0
  86000   11000000|  7   5  87   0   0   1
  80000   10000000|  6   6  87   0   0   0
  68000   11000000|  7   6  87   0   0   0
  82000   11000000|  7   6  86   1   0   1
  76000   12000000|  8   6  86   0   0   0
  83000   13000000|  8   7  85   0   0   0
 104000   14000000|  8   6  85   0   0   1
  90000   16000000|  8   6  85   0   0   1
 114000   18000000|  7   5  88   0   0   1
 117000   22000000|  8   6  84   1   0   1
 160000   25000000|  9   6  85   0   0   1
 148000   27000000|  8   7  85   0   0   1
 187000   27000000|  8   6  85   0   0   1
 149000   29000000|  8   7  85   0   0   1
 177000   33000000|  8   7  84   0   0   1
 223000   38000000|  7   8  84   1   0   1
 232000   30000000|  6   7  85   0   0   1
 161000   26000000|  8   7  85   0   0   1
 181000   26000000|  6   7  86   0   0   1
 139000   25000000|  9   7  84   0   0   1
 151000   25000000|  7   6  86   0   0   1
 151000   24000000|  7   7  85   1   0   1
 139000   24000000|  7   7  86   0   0   1
 152000   23000000|  8   7  84   0   0   1
 145000   24000000|  6   6  86   0   0   1
 132000   24000000|  8   6  85   0   0   1
 158000   25000000|  8   6  86   0   0   1
 161000   23000000|  6   7  85   1   0   1
 131000   22000000|  7   7  85   0   0   1
 150000   23000000|  6   7  85   0   0   1
 151000   22000000|  8   5  86   0   0   1
 132000   20000000|  7   5  88   0   0   1
 154000   18000000|  7   7  86   0   0   1
 114000   17000000|  8   7  84   1   0   1
 119000   15000000|  8   4  87   0   0   1
 103000   16000000|  7   6  86   0   0   0
 104000   16000000|  8   6  85   0   0   1
 104000   16000000|  8   6  86   0   0   1
 107000   15000000|  6   7  87   0   0   0
  96000   15000000|  7   6  85   1   0   1
 101000   14000000|  7   6  87   0   0   1
 108000   15000000|  7   5  88   0   0   1
  96000   13000000|  6   6  87   0   0   1
  92000   12000000|  7   5  87   0   0   1
  84000   12000000|  7   6  87   0   0   1
  84000   12000000|  6   7  86   1   0   1
  93000   12000000|  7   6  86   0   0   1
  82000   11000000|  9   5  86   0   0   0
  75000   11000000|  7   6  87   0   0   0
  73000   10000000|  7   7  85   0   0   1
  77000   11000000|  9   5  86   0   0   0
  78000   11000000|  6   6  87   1   0   0
  80000 9965000|  6   5  88   0   0   1
  73000   10000000|  7   5  87   0   0   1
  67000   10000000|  7   5  87   0   0   1
  75000   11000000|  7   6  86   0   0   0
  75000   10000000|  8   5  87   0   0   0
  72000   11000000|  6   6  87   1   0   1
  73000 9634000|  8   5  86   0   0   1
  76000 9646000|  8   6  86   0   0   0
  60000 9551000|  6   6  88   0   0   1
  69000   10000000|  6   6  87   0   0   1
  63000 9415000|  7   5  88   0   0   0
  59000 9606000|  6   6  87   1   0   0
  66000 8681000|  6   7  87   0   0   0
  61000 9069000|  7   5  88   0   0   1
  61000 8555000|  8   6  86   0   0   0
  64000 8315000|  8   6  86   0   0   1
  55000 8141000|  6   6  88   0   0   0
  57000 8792000|  8   5  86   1   0   1
  57000 8093000|  6   6  88   0   0   1
  61000 8265000|  7   4  88   0   0   1
  54000 7222000|  7   5  88   0   0   0
  57000 8143000|  7   5  87   0   0   1
  59000 7265000|  6   5  88   0   0   1
  50000 7550000|  6   7  86   1   0   1
  56000 8279000|  7   5  87   0   0   0
  62000 8997000|  8   5  87   0   0   0
  62000 9941000|  7   5  87   0   0   0
  67000 9889000|  8   5  86   0   0   1
  76000   11000000|  8   7  85   0   0   1
  80000   13000000|  6   6  86   1   0   1
  79000   10000000|  8   7  86   0   0   0
  81000   11000000|  8   5  86   0   0   1
  86000   13000000|  7   6  87   0   0   1
  79000   10000000|  7   6  87   0   0   0
  74000 9877000|  7   5  87   0   0   0
  70000   10000000|  7   6  86   1   0   1
  67000   10000000|  7   6  87   0   0   0
  75000   11000000|  7   5  87   0   0   1
  66000   11000000|  7   5  87   0   0   1
  76000 9849000|  7   5  88   0   0   0
  71000   11000000|  7   6  86   0   0   1
  71000   11000000|  7   5  87   1   0   1
  81000   11000000|  7   7  85   0   0   1
  77000   12000000|  7   7  86   0   0   1
  75000   12000000|  8   6  85   0   0   1
  86000   11000000|  7   5  88   0   0   0
  81000   12000000|  9   5  86   0   0   0
  82000   12000000|  8   6  85   1   0   0
  80000 9911000|  8   9  82   0   0   0
  72000   10000000|  7   9  84   0   0   1
  67000   10000000|  6   8  85   0   0   0
  76000 9926000|  7   9  83   0   0   1
  63000   10000000|  7   6  87   0   0   0
  69000   10000000|  5   7  86   1   0   0
  68000 9402000|  7   5  87   0   0   0
  61000 9946000|  7   4  87   0   0   1
  77000 9769000|  7  11  82   0   0   0
  76000 9467000|  7   9  83   0   0   1
  70000 9949000|  8   4  87   0   0   1
  70000 9922000|  7   6  85   1   0   1
  76000 9450000|  7   6  86   0   0   0
  69000   10000000|  7   6  86   0   0   0
  71000   11000000|  7   5  87   0   0   1
  87000   11000000|  7   9  84   0   0   1
  78000   10000000|  7   9  84   0   0   1
  75000 9557000|  7   7  85   1   0   1
  67000 8991000| 13   9  78   0   0   0
  69000 9569000| 33   7  59   0   0   1
  74000 9483000| 34   9  56   0   0   1
  60000 8918000| 34   9  56   0   0   1
  61000 8902000| 35   6  59   0   0   0
  61000 8539000| 33   7  58   1   0   1
  68000 8832000| 35   6  58   0   0   0
  65000 9047000| 34   6  59   0   0   1
  65000 8505000| 34   6  60   0   0   0
  62000 8589000| 34   8  58   0   0   0
  56000 7933000| 34   6  59   0   0   1
  66000 8442000| 33   6  59   1   0   1
  55000 8407000| 34   7  59   0   0   1
  64000 9056000| 35   6  59   0   0   0
  63000 9751000| 33  11  55   0   0   1
  79000   11000000| 34   7  58   0   0   2
  72000   10000000| 33   8  58   0   0   1
  79000   11000000| 32   8  57   1   0   1
  83000   11000000| 33   7  59   0   0   1
  92000   11000000| 34   8  58   0   0   1
  78000   10000000| 33   6  60   0   0   1
  87000   10000000| 34   7  58   0   0   1
  79000   11000000| 33  16  50   0   0   1
  80000   11000000| 32  12  54   0   0   2
  74000   11000000| 34   8  57   0   0   1
  76000   11000000| 34   5  60   0   0   1
  60000   10000000| 34   7  59   0   0   1
  77000 9922000| 33   9  58   0   0   1
  75000 9823000| 33   7  59   0   0   1
  79000   10000000| 33   6  59   0   0   1
  81000   10000000| 27   6  67   0   0   0
  68000   10000000|  6   6  88   0   0   0
  71000   10000000|  7   4  89   0   0   0
  77000 9655000|  7   5  87   0   0   1
  61000 8623000|  7   5  87   0   0   1
  64000 8173000|  8   5  85   2   0   0
  55000 7559000|  5   6  89   0   0   0
  60000 7836000|  5   6  88   0   0   0
  65000 8595000|  6   5  88   0   0   0
  58000 8869000|  6   6  88   0   0   0
  73000   10000000|  7   6  86   0   0   0
  69000   10000000|  6   5  87   1   0   1
  83000   10000000| 20   6  74   0   0   0
  84000   11000000| 33   7  61   0   0   0
  77000   11000000| 33   7  59   0   0   1
  87000 9799000| 33   7  59   0   0   1
  64000 8455000| 33   8  58   0   0   1
  67000 8272000| 32   7  59   0   0   1
  59000 8374000| 33   5  61   0   0   1
  65000 7515000| 31   6  62   0   0   1
  52000 8146000| 33   7  59   0   0   0
  63000 7919000| 33   6  60   0   0   1
  61000 9107000| 34   7  58   0   0   1
 101000   10000000| 33   7  58   1   0   1
  69000 8773000| 34   7  59   0   0   1
  78000 9003000| 33   6  59   0   0   2
  70000 9052000| 33   7  59   0   0   1
  71000 8892000| 34   6  59   0   0   1
  68000 9654000| 32   7  60   0   0   1
  76000 9338000| 33   7  58   1   0   1
  75000 9851000| 33   6  60   0   0   1
  61000   10000000| 33   7  59   0   0   1
  86000   12000000| 33   6  60   0   0   1
  93000   10000000| 34   6  59   0   0   1
  72000   11000000| 33   7  60   0   0   1
  75000 8665000| 33   6  58   1   0   1
  60000 9849000| 33   8  58   0   0   1
  79000 8708000| 32   7  60   0   0   1
  56000 7953000| 55  10  34   0   0   1
  63000 8615000| 64  11  24   0   0   1
  53000 8597000| 63  10  26   0   0   2
  71000 9670000| 64  10  25   0   0   1
  64000 8388000| 63  10  26   0   0   2
  73000 9139000| 62  10  26   0   0   2
  62000 9390000| 63   9  26   0   0   1
  76000   10000000| 63  13  24   0   0   1
  73000   11000000| 62  11  25   0   0   1
  86000   13000000| 63  10  25   0   0   2
 109000   14000000| 65   8  25   0   0   2
 103000   14000000| 62  11  24   0   0   2
 104000   11000000| 62   9  28   0   0   1
  71000   10000000| 60   8  31   0   0   1
  84000   10000000| 58   8  32   0   0   1
  72000   10000000| 69   7  21   2   0   1
  76000   11000000| 68   9  21   0   0   1
  89000   12000000| 44   7  47   0   0   1
  75000   11000000| 31   7  61   0   0   1
  96000   11000000| 32   6  61   0   0   1
  74000 9575000| 33   5  61   0   0   1
  71000 9326000| 31   7  60   1   0   1
  67000 9999000| 33   6  61   0   0   1
  72000 9986000| 51   9  40   0   0   1
  72000 9241000| 61  10  27   0   0   1
  60000 9525000| 62  11  26   0   0   1
  71000 9915000| 63  10  26   0   0   1
  69000 8892000| 61   9  29   1   0   1
  61000 9557000| 50   8  41   0   0   1
  79000   10000000| 32   6  61   0   0   1
  77000   10000000| 51   7  40   0   0   2
  78000 9170000| 62  12  24   0   0   2
  57000 8367000| 62  12  25   0   0   2
  80000   10000000| 62   9  28   0   0   2
 125000   12000000| 62   9  27   0   0   1
  95000   12000000| 60  12  26   0   0   3
 104000   13000000| 62  10  27   0   0   1
  94000   12000000| 62  11  26   0   0   2
 102000   13000000| 64  10  25   0   0   2
 127000   14000000| 63  10  25   1   0   2
 105000   13000000| 60  11  28   0   0   2
  94000   12000000| 63  11  25   0   0   2
  99000   13000000| 62  10  26   0   0   2
  77000   12000000| 61  10  27   0   0   1
 100000   12000000| 62  12  25   0   0   1
  82000   12000000| 60   7  30   1   0   2
  83000   10000000| 57   8  34   0   0   1
  84000   10000000| 34   8  57   0   0   1
  78000   10000000| 31   6  62   0   0   1
  92000   10000000| 31   5  64   0   0   1
  76000 9997000|  7   6  87   0   0   1
  91000 9963000|  5   7  87   1   0   0
  76000   10000000|  5   7  88   0   0   1
  74000 8118000|  6   5  88   0   0   1
  55000 7956000|  6   5  89   0   0   0
  64000 7292000|  5   4  90   0   0   1
  53000 7791000|  5   6  89   0   0   0
  57000 9065000|  6   6  87   1   0   0
  76000 8947000|  6   6  87   0   0   1
  67000 8711000|  6   6  88   0   0   1
  78000 8979000|  6   5  89   0   0   1
  70000 8943000|  5   6  89   0   0   0
  73000 9715000|  5   6  88   0   0   1
  72000 9860000| 18   7  73   1   0   1
  91000   10000000| 32   7  59   0   0   1
 132000   14000000| 33   6  60   0   0   1
 125000   12000000| 33   6  61   0   0   1
  82000   10000000| 31   7  62   0   0   1
  81000   10000000| 32   6  61   0   0   1
  70000 9895000| 32   7  59   1   0   1
  76000 9458000| 33   5  61   0   0   1
  70000 9969000| 32   6  61   0   0   1
  68000   10000000| 32   7  60   0   0   1
  79000   11000000| 32   7  60   0   0   1
  90000   11000000| 33   5  61   0   0   1
  98000   13000000| 32   6  60   1   0   1
 115000   12000000| 33   7  59   0   0   1
  97000   13000000| 33   7  59   0   0   1
 102000   13000000| 33   6  59   0   0   1
 111000   12000000| 32   7  61   0   0   1
  74000   12000000| 33   6  60   0   0   1
  81000   12000000| 32   7  59   1   0   1
  88000   12000000| 32   8  59   0   0   2
  88000   12000000| 32   5  62   0   0   1
  88000   13000000| 33   7  60   0   0   0
  91000   14000000| 32   7  60   0   0   2
 107000   15000000| 33   5  61   0   0   1
  93000   17000000| 33   7  58   1   0   1
 124000   18000000| 33   7  59   0   0   1
 131000   18000000| 31   8  59   0   0   1
 113000   18000000| 33   7  59   0   0   1
 140000   18000000| 34   6  60   0   0   1
 130000   17000000| 33   7  58   1   0   2
 104000   14000000| 36   7  56   0   0   1
  97000   15000000| 61  10  26   0   0   3
 120000   15000000| 62  10  26   0   0   2
  83000   13000000| 60  11  26   0   0   2
  97000   13000000| 60  12  25   1   0   2
  93000   12000000| 62   9  28   0   0   1
  79000   12000000| 62   9  28   0   0   1
  81000 9265000| 61   8  30   0   0   1
  63000 9004000| 58   8  33   0   0   1
  66000 9556000| 50   7  42   0   0   1
  66000 8743000| 32   7  60   1   0   1
  75000   10000000| 31   6  62   0   0   0
  81000   10000000| 31   6  62   0   0   1
  64000 9227000| 32   5  62   0   0   1
  66000 8367000| 31   7  61   0   0   1
  59000 8949000| 32   5  61   1   0   1
  60000 7571000| 32   5  62   0   0   1
  57000 8146000| 33   6  61   0   0   1
  55000 8052000| 31   6  62   0   0   1
  61000 8251000| 32   5  62   0   0   1
  69000 7775000| 31   6  62   0   0   1
  50000 7757000| 30   6  62   1   0   1
  55000 8007000| 32   6  61   0   0   1
  65000 8524000| 31   7  61   0   0   0
  83000 9925000| 31   7  61   0   0   1
 108000   11000000| 31   6  61   0   0   1
  92000   12000000| 33   7  60   0   0   1
  84000   12000000| 61   9  28   0   0   2
  73000   12000000| 60  11  27   0   0   2
  88000   11000000| 60  10  29   0   0   1
  78000   11000000| 59   9  31   0   0   1
  77000   12000000| 58   8  32   0   0   2
  88000   12000000| 57   8  34   0   0   1
  79000   12000000| 41   9  48   1   0   1
  83000   13000000| 31   6  61   0   0   2
  94000   12000000| 32   6  61   0   0   1
  83000   11000000| 31   7  61   0   0   1
  76000   13000000| 30   6  63   0   0   1
  93000   13000000| 32   6  61   0   0   1
  87000   13000000| 32   4  61   2   0   1
  80000   12000000| 32   6  62   0   0   1
  90000   10000000| 33   7  60   0   0   1
  68000 9978000| 32   6  61   0   0   1
  69000 9357000| 32   6  61   0   0   0
  71000 7810000| 30   7  61   0   0   1
  57000 7740000| 32   6  60   1   0   1
  59000 7863000| 32   4  63   0   0   1
  74000 8626000| 32   5  61   0   0   2
  80000 9037000| 32   5  62   0   0   1
  82000 9345000| 32   6  62   0   0   1
  76000 8958000| 32   6  61   0   0   1
  71000 9213000| 32   6  60   2   0   1
  60000 7775000| 32   6  62   0   0   0
  57000 8342000| 32   6  62   0   0   0
  62000 8548000| 33   6  60   0   0   1
  59000 8459000| 32   6  62   0   0   1
  61000 8539000| 31   6  62   0   0   1
  67000 8604000| 31   5  64   0   0   0
  62000 8706000|  8   5  86   0   0   1
  64000 8943000|  6   5  89   0   0   0
  64000 9118000|  6   5  89   0   0   1
  61000   10000000|  6   5  89   0   0   0
  78000 9781000|  4   6  86   3   0   1
  65000 8506000|  6   5  88   0   0   1
  52000 8053000|  4   7  89   0   0   0
  65000 9330000|  7   4  89   0   0   0
  70000   10000000|  6   5  88   0   0   1
  66000 9478000|  5   7  89   0   0   0
  78000 9959000|  6   5  88   1   0   1
  76000 9413000|  5   6  89   0   0   0
  89000   12000000|  4   6  89   0   0   1
 102000 9412000|  5   5  90   0   0   0
  63000 8973000|  5   6  88   0   0   1
  67000   10000000|  6   7  87   0   0   0
  81000   11000000|  5   6  88   1   0   1
  91000   10000000|  5   5  89   0   0   1
  60000 7925000|  6   5  89   0   0   0
  61000 7596000|  6   6  88   0   0   0
  53000 8044000|  6   5  89   0   0   1
  58000 8165000|  5   6  89   0   0   0
  69000 8823000|  6   5  88   1   0   1
  64000 9452000|  5   6  89   0   0   0
  66000 9855000|  5   5  89   0   0   1
  78000   10000000|  6   5  89   0   0   1
  70000 8945000|  5   4  90   0   0   1
  62000 7291000|  7   5  88   0   0   0
  60000 7897000|  6   5  88   1   0   0
  57000 8201000|  5   5  89   0   0   0
  62000 8251000|  6   5  89   0   0   1
  60000 7900000|  6   6  88   0   0   0
  60000 8278000|  5   5  90   0   0   0
  56000 8459000|  5   4  90   0   0   0
  69000 9625000|  5   5  88   1   0   1
  73000   10000000|  7   5  87   0   0   1
  70000 9077000|  6   5  88   0   0   1
  73000   10000000|  6   5  89   0   0   0
  88000   11000000|  5   6  89   0   0   1
  77000 8717000|  6   4  90   0   0   0
  67000 9120000|  6   5  88   1   0   1
  68000 7919000|  6   6  88   0   0   0
  54000 7351000|  5   6  89   0   0   0
  55000 7015000|  6   4  89   0   0   1
  49000 6512000|  6   6  88   0   0   1
  45000 6244000|  6   5  89   0   0   0
  48000 6165000|  5   4  88   1   0   1
  44000 5455000|  6   5  89   0   0   0
  42000 5844000|  5   5  90   0   0   0
  43000 6165000|  5   5  90   0   0   0
  55000 7430000|  5   6  88   0   0   0
  52000 6834000|  5   5  90   0   0   0
  56000 8015000|  7   4  88   1   0   0
  64000 8613000|  7   5  88   0   0   1
  71000   10000000|  5   6  88   0   0   0
  77000   10000000|  5   5  90   0   0   0
  76000 9987000|  6   6  88   0   0   1
  68000 8823000|  6   5  89   0   0   1
  62000 9559000|  5   5  89   1   0   0
  73000 9218000|  7   5  89   0   0   0
  58000 7980000|  5   5  89   0   0   1
  53000 7881000|  7   5  87   0   0   0
  62000 9087000|  6   5  89   0   0   0
  67000 9299000|  5   5  89   0   0   1
  67000 9886000|  5   5  88   1   0   0
  72000 8927000| 10   6  83   0   0   1
  61000 8748000| 32   6  62   0   0   0
  61000 9579000| 31   7  61   0   0   1
  74000   10000000| 31   6  63   0   0   1
  71000   10000000| 32   5  61   0   0   1
  67000   10000000| 31   6  61   1   0   1
  81000   11000000| 31   6  61   0   0   2
  92000   13000000| 31   6  62   0   0   1
  82000   13000000| 31   8  61   0   0   1
  96000   13000000| 32   7  61   0   0   1
  97000   13000000| 31   6  62   0   0   1
  90000   13000000| 32   6  60   1   0   1
  98000   11000000| 31   5  62   0   0   1
  78000   11000000| 32   6  61   0   0   1
  71000   11000000| 31   7  61   0   0   1
  76000   10000000| 32   4  63   0   0   1
  69000 9717000| 32   7  60   0   0   1
  65000   10000000| 31   6  61   1   0   1
  81000   10000000| 32   6  62   0   0   1
  58000 9175000| 30   5  63   0   0   1
  61000 8730000| 31   7  62   0   0   0
  70000 8678000| 32   5  62   0   0   1
  57000 8986000| 32   7  60   0   0   1
  61000 9255000| 32   5  62   1   0   1
  66000 9449000| 30   6  63   0   0   1
  63000   10000000| 30   6  63   0   0   1
  73000 9667000| 31   6  61   0   0   1
  68000 9301000| 31   7  62   0   0   1
  70000 9812000| 30   5  63   0   0   1
  68000 9994000| 32   6  60   2   0   1
  65000 8674000| 31   6  62   0   0   1
  67000 9584000| 32   5  62   0   0   1
  61000   10000000| 32   5  62   0   0   0
  73000 9667000| 32   6  62   0   0   1
  68000 9064000| 32   5  61   1   0   1
  61000 9351000| 31   6  63   0   0   1
  67000 8643000| 31   5  63   0   0   1
  69000 9399000| 32   7  61   0   0   1
  61000   10000000| 32   5  62   0   0   1
  69000   10000000| 32   6  60   1   0   1
  77000   10000000| 31   6  62   0   0   1
  69000   10000000| 32   6  61   0   0   1
  73000   11000000| 32   6  61   0   0   1
  80000   11000000| 30   6  62   0   0   2
  77000   11000000| 32   5  62   0   0   0
  74000   10000000| 31   6  61   1   0   1
  72000   10000000| 31   5  64   0   0   1
  69000   11000000| 31   6  62   0   0   1
  71000 9114000| 30   4  65   0   0   0
  69000 9167000| 30   5  65   0   0   0
  58000 8802000| 11   6  82   0   0   1
  60000 9749000|  5   6  88   1   0   0
  65000 8730000|  5   5  90   0   0   0
  64000 9443000|  7   5  88   0   0   0
  61000 9274000|  5   5  89   0   0   0
  74000 8334000|  5   5  90   0   0   0
  55000 8061000|  5   5  89   0   0   1
  60000 8447000|  6   5  88   1   0   0
  60000 8574000|  6   5  88   0   0   1
  58000 9450000|  5   6  89   0   0   0
  64000   10000000|  6   5  89   0   0   0
  75000   10000000|  5   4  91   0   0   0
  69000   10000000|  6   5  89   0   0   0
  66000 9868000|  5   6  88   1   0   0
  73000   10000000|  5   5  89   0   0   1
  75000   10000000|  5   5  89   0   0   0
  70000 9485000|  6   4  89   0   0   1
  65000 7903000|  6   4  90   0   0   0
  59000 8385000|  5   6  88   0   0   1
  55000 8506000|  6   5  88   1   0   1
  62000 8949000|  6   5  89   0   0   0
  84000 9997000|  5   4  90   0   0   1
  72000   10000000|  5   6  89   0   0   1
  88000   12000000|  5   6  89   0   0   0
  97000   12000000|  6   5  88   0   0   0
  81000   11000000|  6   6  87   1   0   1
  73000   12000000|  5   5  90   0   0   0
  86000   12000000|  6   5  88   0   0   1
  80000   12000000|  6   5  88   0   0   1
  77000   11000000|  5   6  89   0   0   0
  81000   12000000|  5   6  89   0   0   1
  76000   12000000|  4   6  88   1   0   0
  85000   13000000|  5   6  88   0   0   0
  90000   14000000|  6   6  88   0   0   0
  89000   12000000|  6   6  89   0   0   0
  93000   12000000|  6   5  89   0   0   0
  85000   12000000|  5   5  89   0   0   1
  80000   11000000|  6   5  87   1   0   1
  77000   11000000|  4   5  90   0   0   1
  72000   10000000|  6   5  89   0   0   1
  72000   11000000|  5   6  89   0   0   0
  79000   11000000|  5   4  90   0   0   0
  78000 9507000|  5   5  89   0   0   1
  67000 9891000|  6   5  87   1   0   1
  72000 9040000|  5   5  90   0   0   1
  68000   10000000|  6   5  88   0   0   1
  69000   11000000|  6   5  88   0   0   1
  93000   11000000|  6   4  89   0   0   1
  74000   10000000|  6   4  87   1   0   1
  68000   11000000|  7   4  87   2   0   1
  78000   12000000|  6   4  89   0   0   0
  87000   12000000|  5   6  89   0   0   1
  78000   12000000|  5   6  89   0   0   1
  90000   12000000|  6   5  89   0   0   1
  88000   11000000|  5   5  89   0   0   1
  91000   11000000|  6   5  88   1   0   0
  81000 8942000|  6   5  89   0   0   0
  63000 8703000|  5   5  90   0   0   0
  63000 8233000|  5   5  89   0   0   1
  62000 8193000|  5   5  89   0   0   1
  56000 8318000|  6   4  90   0   0   0
  60000 7759000|  6   5  88   1   0   0
  56000 7901000|  6   5  90   0   0   0
  64000 7867000|  5   6  89   0   0   1
  59000 8740000|  6   5  89   0   0   0
  66000 8199000|  5   5  90   0   0   1
  54000 6944000|  6   5  89   0   0   0
  48000 7092000|  5   5  89   1   0   0
  51000 7981000|  6   6  89   0   0   0
  61000 9222000|  4   6  89   2   0   0
  89000   10000000|  6   8  26  60   0   0
 168000   11000000|  6   8   0  85   0   1
 282000   12000000|  7   6   0  87   0   0
 446000   14000000|  7   6   0  86   0   1
 888000   13000000|  6   6   4  83   0   1
 953000   15000000|  6   6   0  88   0   1
2110000   17000000|  6   7   0  86   0   1
2093000   20000000|  5   6   0  88   0   1
1787000   20000000|  7   7   0  85   0   1
2476000   22000000|  7   7  15  71   0   1
 619000   20000000|  6   5  83   5   0   1
 146000   22000000|  6   6  87   0   0   0
 139000   25000000|  6   6  87   0   0   1
 170000   22000000|  6   6  83   5   0   1
 151000   23000000|  6   5  54  35   0   1
 177000   21000000|  6   6   1  86   0   2
 138000   17000000|  6   5  43  45   0   1
 104000   16000000|  6   5  89   0   0   0
 123000   15000000|  5   6  89   0   0   1
 109000   13000000|  6   5  89   0   0   1
  86000   13000000|  5   6  89   0   0   1
  95000   13000000|  5   6  88   1   0   0
  90000   12000000|  6   5  88   0   0   1
  92000   12000000|  7   5  88   0   0   0
  85000   12000000|  5   6  89   0   0   1
  93000   12000000|  6   5  88   0   0   1
  81000   12000000|  6   5  89   0   0   0
  84000   12000000|  6   5  88   1   0   1
  97000   11000000|  6   5  88   0   0   1
  73000   11000000|  6   5  89   0   0   1
 101000   11000000|  6   5  89   0   0   1
  72000   11000000|  4   5  90   0   0   1
  84000   11000000|  5   6  89   0   0   1
  73000   11000000|  6   6  87   1   0   0
  89000   12000000|  6   4  90   0   0   0
  78000   12000000|  5   5  90   0   0   0
 101000   11000000|  6   5  89   0   0   0
  82000 8404000|  5   5  89   0   0   1
  57000 9043000|  5   6  51  38   0   1
  73000 8009000|  5   6  26  64   0   1
  59000 7323000|  6   4   4  85   0   1
  64000 7157000|  5   5   2  87   0   0
  62000 7237000|  6   6   4  85   0   1
  65000 7230000|  6   5  15  74   0   0
  54000 6750000|  4   5  65  26   0   0
  50000 6738000|  6   4  88   1   0   1
  52000 8015000|  7   5  87   0   0   0
  65000 7276000|  5   5  90   0   0   0
  54000 7672000|  6   5  89   0   0   1
  62000 8595000|  6   4  90   0   0   1
  66000 7627000|  7   5  87   0   0   0
  62000 7870000|  5   6  88   1   0   0
  59000 7812000|  6   5  89   0   0   1
  64000 7787000|  5   4  90   0   0   0
  44000 7833000|  5   5  90   0   0   0
  56000 9443000|  6   5  89   0   0   0
  64000 7575000|  4   5  91   0   0   0
  62000 9296000|  6   6  87   1   0   1
  71000 9843000|  6   5  89   0   0   0
  72000   10000000|  6   5  89   0   0   1
  79000   11000000|  4   5  90   0   0   0
  85000   10000000|  6   6  88   0   0   1
  82000   11000000|  6   6  87   0   0   1
  76000   10000000|  6   5  89   1   0   1
  64000   11000000|  7   4  88   0   0   1
  78000   13000000|  5   5  89   0   0   1
 106000   10000000|  6   5  90   0   0   0
  79000   11000000|  5   5  89   0   0   1
  75000   10000000|  5   6  88   0   0   1
  75000 8282000|  5   4  89   1   0   0
  58000 8774000|  6   5  88   0   0   1
  63000 9151000|  5   5  89   0   0   0
  73000 9975000|  5   5  89   0   0   0
  73000 9769000|  5   4  90   0   0   0
  75000   10000000|  7   6  87   0   0   0
  64000 9723000|  6   5  88   1   0   1
  72000   10000000|  5   6  89   0   0   1
  72000 8454000|  5   6  89   0   0   1
  62000 9175000|  4   4  91   0   0   1
  71000   10000000|  5   5  90   0   0   0
  67000 8343000|  5   5  89   0   0   1
  53000 8350000|  6   5  89   1   0   0
  57000 8610000|  5   4  90   0   0   0
  64000 6776000|  5   6  90   0   0   0
  43000 6953000|  5   5  89   0   0   0
  58000 7688000|  5   4  91   0   0   0
  54000 8067000|  4   6  89   0   0   1
  62000 9621000|  5   5  89   1   0   1
  75000   10000000|  6   5  89   0   0   1
  74000   10000000|  5   5  90   0   0   0
  69000 9808000|  6   6  88   0   0   1
  76000   10000000|  6   5  89   0   0   1
  63000 8273000|  7   5  89   0   0   0
  64000 8319000|  5   5  88   1   0   1
  61000 8210000|  6   5  89   0   0   0
  55000 8866000|  6   5  89   0   0   0
  65000 8299000|  6   5  89   0   0   1
  62000 8361000|  5   5  90   0   0   0
  54000 8625000|  6   6  87   1   0   0
  62000 7900000|  7   5  88   0   0   0
  57000 7833000|  6   5  89   0   0   0
  54000 7941000|  6   5  90   0   0   0
  53000 8239000|  6   5  89   0   0   1
  64000 8567000|  4   6  90   0   0   0
  57000 9828000|  6   5  87   1   0   0
  78000 9476000|  6   6  87   0   0   0
  61000 7470000|  6   5  89   0   0   1
  49000 7664000|  5   5  90   0   0   1
  62000 7763000|  5   5  89   0   0   1
  58000 7775000|  6   5  90   0   0   0
  50000 7584000|  5   5  89   1   0   0
  58000 8555000|  5   5  90   0   0   0
  58000 8681000|  4   5  91   0   0   1
  58000   10000000|  6   6  88   0   0   0
  65000   10000000|  5   5  90   0   0   0
  77000   12000000|  4   5  90   0   0   0
  82000   14000000|  6   5  88   1   0   1
 108000   16000000|  6   6  88   0   0   0
 101000   15000000|  7   5  87   0   0   1
 114000   15000000|  6   5  89   0   0   1
 109000   13000000|  6   6  88   0   0   1
  96000   14000000|  6   6  87   0   0   1
  85000   14000000| 30   7  61   1   0   2
 120000   14000000| 32   7  61   0   0   1
  98000   14000000| 32   6  61   0   0   1
 100000   15000000| 30   6  62   0   0   1
 116000   14000000| 32   6  61   0   0   1
  97000   13000000| 33   5  62   0   0   1
  83000   11000000| 31   6  62   1   0   1
  79000   11000000| 31   6  62   0   0   1
  73000   11000000| 32   6  61   0   0   1
  76000   11000000| 31   6  63   0   0   1
  80000   10000000| 33   5  62   0   0   1
  67000   10000000| 31   6  62   0   0   1
  74000   11000000| 32   6  60   1   0   1
  75000   11000000| 31   5  63   0   0   1
  72000   11000000| 32   7  60   0   0   1
  76000   12000000| 31   6  62   0   0   1
  90000   14000000| 32   6  61   0   0   1
  96000   15000000| 31   5  62   0   0   2
 101000   14000000| 32   6  60   1   0   1
  91000   12000000| 32   6  61   0   0   1
  87000   12000000| 31   6  62   0   0   1
  79000   13000000| 32   6  62   0   0   1
  94000   13000000| 31   6  62   0   0   1
  90000   13000000| 32   6  61   0   0   2
  81000   11000000| 32   7  60   1   0   1
  79000   10000000| 31   7  61   0   0   1
  75000   10000000| 31   6  63   0   0   1
  65000   11000000| 31   5  63   0   0   1
  79000   12000000| 31   6  62   0   0   1
  81000   12000000| 32   5  63   0   0   1
  79000   12000000| 31   7  60   1   0   1
  83000   11000000| 31   6  62   0   0   2
  77000   10000000| 32   4  63   0   0   1
  70000 9636000| 32   6  60   0   0   1
  64000 8846000| 31   6  62   0   0   1
  59000 9428000| 31   6  62   0   0   2
  62000 9390000| 32   5  61   1   0   1
  67000 9415000| 36   5  57   0   0   2
  62000   10000000| 58  11  29   0   0   2
  71000   11000000| 58   8  33   0   0   1
  75000   11000000| 37   8  54   0   0   1
  78000   13000000| 31   5  63   0   0   1
  90000   13000000| 31   7  60   1   0   1
  81000   11000000| 30   6  63   0   0   1
  67000 9929000| 32   4  64   0   0   1
  74000 8856000| 31   6  62   0   0   1
  64000 8557000| 31   5  64   0   0   0
  56000 8840000| 31   6  62   0   0   1
  71000 9132000| 31   4  62   1   0   1
  89000   11000000| 31   6  62   0   0   1
 121000   13000000| 30   6  63   0   0   1
  75000   10000000| 29   6  64   0   0   1
  73000 9999000| 48   8  42   0   0   2
  65000   10000000| 61  10  28   0   0   1
  75000   10000000| 60   9  30   0   0   1
  75000   11000000| 60   8  31   0   0   2
  71000   11000000| 59  10  29   0   0   1
  91000   11000000| 58  10  31   0   0   1
  73000   11000000| 57   6  36   0   0   1
  71000   11000000| 47   8  45   0   0   1
  78000   11000000| 31   6  61   2   0   1
  83000   11000000| 31   5  63   0   0   1
  77000   11000000| 31   5  64   0   0   1
  82000   11000000| 30   6  63   0   0   1
  79000   13000000| 31   5  63   0   0   1
  85000   15000000| 32   5  62   0   0   1
 103000   12000000| 30   6  61   1   0   2
  71000   11000000| 31   6  62   0   0   0
  80000   11000000| 31   4  64   0   0   1
  81000   13000000| 42   8  50   0   0   1
  99000   14000000| 46   6  46   0   0   2
 104000   15000000| 31   8  60   0   0   1
 112000   15000000| 31   6  61   1   0   1
 127000   13000000| 30   7  62   0   0   2
 133000   15000000| 31   5  63   0   0   1
 108000   13000000| 31   5  63   0   0   1
  88000   14000000| 30   5  64   0   0   1
  92000   12000000| 31   5  63   0   0   1
  84000   12000000| 32   6  61   1   0   1
  84000   11000000| 30   5  63   0   0   1
  86000 9603000| 31   6  63   0   0   1
  73000 9864000| 29   7  63   0   0   1
  60000   10000000| 31   6  63   0   0   1
  88000   10000000| 31   7  62   0   0   1
  64000   10000000| 30   5  63   1   0   0
  85000   11000000| 30   6  63   0   0   2
 109000   11000000| 31   6  63   0   0   1
  99000 9628000| 30   6  63   0   0   1
  72000 9230000| 30   5  65   0   0   1
  60000 9293000| 31   6  63   0   0   1
  71000   10000000| 32   4  62   1   0   1
  69000   10000000| 32   6  62   0   0   1
  71000   10000000| 30   7  63   0   0   1
  71000   10000000| 31   6  63   0   0   1
  76000   10000000| 32   5  62   0   0   1
  75000   10000000| 30   6  63   0   0   1
  71000   10000000| 32   6  61   1   0   1
  70000   10000000| 31   4  64   0   0   1
  70000 9823000| 31   6  63   0   0   1
  72000 9634000| 31   5  64   0   0   0
  72000 9809000| 30   5  64   0   0   1
  76000 9951000| 30   6  64   0   0   1
  65000 9597000| 30   7  61   1   0   1
  71000   10000000| 30   6  64   0   0   1
  69000 9433000| 31   5  63   0   0   1
  63000 9241000| 30   6  63   0   0   1
  73000 9938000| 51   8  41   0   0   1
  63000   10000000| 60   9  30   0   0   1
  76000   11000000| 58  11  29   1   0   2
  73000   12000000| 61   7  30   0   0   2
  90000   11000000| 59   8  31   0   0   2
  88000   12000000| 59  11  29   0   0   1
  79000   13000000| 58  10  30   0   0   2
  94000   12000000| 60   8  31   0   0   1
  90000   11000000| 59   8  31   0   0   1
  75000   10000000| 58  10  31   0   0   1
  74000   11000000| 60   7  32   0   0   2
  74000   10000000| 56   7  36   0   0   1
  77000 9508000| 34   7  59   0   0   1
  63000   10000000| 30   7  62   0   0   1
  72000   11000000| 31   5  62   1   0   0
  77000   10000000| 31   4  64   0   0   1
  77000 9852000| 30   7  62   0   0   1
  70000 8159000| 31   6  63   0   0   0
  55000 8094000| 31   4  64   0   0   1
  66000 7838000| 29   5  65   0   0   1
  54000 7926000| 30   4  63   2   0   0
  64000 8655000| 28   5  66   0   0   1
  65000   10000000|  5   6  89   0   0   1
  95000   12000000|  4   5  90   0   0   0
  99000   12000000|  4   5  90   0   0   1
 115000   12000000|  4   5  91   0   0   0
  90000   10000000|  4   5  89   2   0   1
  61000 9006000|  6   6  88   0   0   0
  67000 9422000|  4   5  90   0   0   0
  84000   11000000|  4   3  93   0   0   1
  78000 8817000|  4   5  90   0   0   1
  60000 9014000|  4   5  91   0   0   0
  73000 9224000|  5   5  88   1   0   1
  65000 8557000|  5   4  90   0   0   1
  62000 9338000|  4   6  90   0   0   0
  76000   10000000|  6   5  89   0   0   0
  80000 9237000|  5   6  88   0   0   0
  77000 9178000|  4   5  90   0   0   1
  72000 8684000|  6   4  89   1   0   0
  64000 8826000|  5   5  89   0   0   1
  65000 9980000|  3   6  90   0   0   0
  85000   10000000|  5   5  90   0   0   0
  59000 8946000|  6   5  89   0   0   0
  63000 8844000|  5   5  90   0   0   0
  64000 8266000|  5   4  89   1   0   0
  63000 8819000|  5   5  91   0   0   0
  51000 9373000|  5   5  90   0   0   1
  71000   11000000|  5   5  90   0   0   1
  70000   12000000|  4   5  91   0   0   1
  92000   12000000|  4   5  90   0   0   1
  78000   11000000|  6   5  88   1   0   1
  91000   13000000|  4   5  90   0   0   0
  84000   13000000|  4   5  90   0   0   1
  98000   15000000|  5   5  89   0   0   1
 109000   15000000|  5   6  88   0   0   1
 100000   12000000|  6   5  89   0   0   1
  86000   11000000|  3   5  90   1   0   1
  79000   11000000|  5   5  90   0   0   1
  68000   10000000|  4   4  91   0   0   1
  78000   11000000|  4   6  90   0   0   0
  74000   11000000|  4   4  91   0   0   1
  72000   10000000|  6   5  90   0   0   0
  82000   10000000|  8   5  86   1   0   0
  68000 9442000| 29   6  65   0   0   1
  62000 9075000| 30   7  63   0   0   1
  70000   10000000| 30   6  63   0   0   1
  64000   11000000| 30   6  64   0   0   1
  76000   10000000| 30   6  63   0   0   1
  69000   10000000| 30   5  63   1   0   1
  68000   10000000| 31   5  64   0   0   1
  78000   11000000| 30   6  63   0   0   1
  74000   11000000| 30   6  63   0   0   1
  77000   12000000| 31   6  63   0   0   1
 101000   14000000| 38   7  54   0   0   1
 100000   14000000| 58   9  29   1   0   2
  90000   13000000| 58  10  31   0   0   1
  97000   13000000| 59   9  31   0   0   1
  88000   12000000| 59  10  29   0   0   2
  80000   12000000| 58   9  31   0   0   2
  86000   12000000| 59   9  31   0   0   1
  72000 8828000| 59   7  31   1   0   1
  56000 8684000| 60   8  31   0   0   1
  68000   10000000| 59   9  31   0   0   1
  73000 9877000| 58   8  32   0   0   2
  66000   10000000| 59   7  33   0   0   1
  68000   10000000| 58   9  32   0   0   1
  70000   11000000| 57   9  32   1   0   1
  75000   10000000| 55   6  38   0   0   1
  65000 9784000| 30   6  64   0   0   0
  70000 9035000| 29   6  64   0   0   1
  62000 9750000| 28   5  66   0   0   1
  61000 8539000| 30   6  63   0   0   0
  60000 8650000| 29   6  63   2   0   1
  50000 8683000| 30   5  65   0   0   1
  56000 9413000| 29   5  64   0   0   1
  65000 9691000| 29   5  65   0   0   1
  70000   11000000| 29   6  64   0   0   1
  75000   11000000| 30   6  63   0   0   1
  78000   11000000| 30   6  62   1   0   1
  72000   12000000| 30   5  65   0   0   1
  95000   14000000| 30   6  64   0   0   1
  92000   15000000| 30   5  64   0   0   1
 112000   14000000| 29   6  65   0   0   1
  96000   13000000| 46   5  48   0   0   1
  83000   12000000| 44   7  48   0   0   0
  88000   13000000| 30   5  64   0   0   1
  85000   12000000| 30   6  63   0   0   1
  86000   11000000| 30   4  65   0   0   1
 103000   13000000| 29   5  65   0   0   1
 118000   13000000| 29   6  63   0   0   2
  92000   12000000| 30   6  62   1   0   1
  79000 9852000| 30   5  64   0   0   1
  67000 9390000| 29   6  64   0   0   1
  60000 8998000| 30   5  65   0   0   1
  67000   10000000| 30   6  63   0   0   1
  68000   10000000| 30   5  64   0   0   1
  80000   10000000| 31   5  63   1   0   1
  79000   11000000| 31   5  64   0   0   1
  78000   11000000| 30   5  64   0   0   1
  86000   12000000| 28   4  67   0   0   1
  83000   10000000| 29   5  66   0   0   0
  70000   10000000|  5   6  88   0   0   1
  78000   11000000|  3   5  91   2   0   0
  82000   11000000|  4   3  92   0   0   1
  78000   10000000|  5   5  90   0   0   1
  71000   10000000|  4   4  91   0   0   1
  79000   11000000|  5   3  92   0   0   0
  76000   12000000|  5   5  89   0   0   0
  89000   11000000|  5   4  90   1   0   0
  85000   13000000|  5   4  91   0   0   0
  83000   11000000|  4   5  91   0   0   1
  81000   11000000|  5   4  91   0   0   1
  73000   10000000|  4   4  91   0   0   1
  79000 9313000|  4   4  92   0   0   0
  62000 8389000|  3   5  91   1   0   0
  61000 8457000|  4   5  91   0   0   0
  66000 7758000|  4   5  92   0   0   0
  74000 9227000|  6   4  90   0   0   1
  87000 9667000|  5   5  90   0   0   0
  82000 9578000|  5   5  91   0   0   0
  73000 9790000|  5   4  90   1   0   1
  71000   10000000|  4   6  90   0   0   0
  76000 9833000|  5   4  91   0   0   1
  71000   10000000|  5   5  90   0   0   0
  80000   11000000|  4   4  91   0   0   0
  72000   10000000|  4   4  91   0   0   1
  85000   11000000|  4   6  89   1   0   0
  83000   12000000|  6   4  91   0   0   0
  81000   13000000|  4   5  92   0   0   0
  99000   13000000|  5   5  90   0   0   1
  86000   12000000|  6   5  89   0   0   1
  84000   13000000|  5   5  90   0   0   1
  91000   11000000|  4   5  89   1   0   1
  70000   11000000|  6   5  89   0   0   0
  73000   12000000|  4   4  92   0   0   1
  83000   12000000|  3   5  91   0   0   0
  80000   11000000|  4   4  91   0   0   0
  77000   12000000|  5   4  91   0   0   0
  86000   11000000|  4   5  90   1   0   1
  75000   12000000|  5   4  91   0   0   0
  73000   12000000|  5   6  90   0   0   0
 100000   12000000|  4   5  90   0   0   0
  75000   13000000| 18   6  76   0   0   1
  88000   13000000| 30   6  63   0   0   1
 103000   11000000| 29   6  64   1   0   0
  65000 9772000| 29   5  65   0   0   1
  66000 7749000| 30   5  65   0   0   1
  58000 7927000| 29   5  66   0   0   1
  57000 8296000| 30   5  65   0   0   0
  62000 7544000| 30   5  64   0   0   1
  60000 8299000| 29   5  64   1   0   1
  56000 8969000| 29   5  66   0   0   0
  70000   10000000| 30   5  64   0   0   1
  75000   10000000| 29   5  65   0   0   1
  66000   11000000| 29   6  64   0   0   2
  76000   10000000| 30   5  63   1   0   0
  76000   11000000| 30   5  65   0   0   1
  67000   10000000| 30   6  64   0   0   1
  77000 9643000| 30   5  64   0   0   1
  67000 9926000| 43   6  50   0   0   1
  63000 9584000| 57   9  32   0   0   2
  70000   10000000| 59   8  32   1   0   1
  62000   10000000| 59   8  32   0   0   1
  70000   10000000| 57   9  32   0   0   2
  69000   10000000| 58   8  32   0   0   2
  67000   11000000| 57  10  32   0   0   1
  70000   10000000| 58   9  32   0   0   1
  72000   12000000| 58   7  33   1   0   1
  81000   14000000| 58   9  32   0   0   2
  95000   13000000| 58   8  32   0   0   2
  99000   14000000| 56  10  32   0   0   1
  88000   13000000| 57   9  32   0   0   2
  93000   12000000| 58   9  32   0   0   2
  84000   12000000| 58   8  31   0   0   2
  73000   11000000| 57   9  33   0   0   1
  86000 9056000| 57   8  33   0   0   1
  64000 8841000| 58   8  33   0   0   1
  61000 9416000| 56   5  37   0   0   1
  59000 8967000| 55   8  37   0   0   1
  70000 9707000| 55   6  37   1   0   1
  59000 9271000| 45   8  45   0   0   1
  65000 9026000| 29   5  65   0   0   1
  62000 9302000| 29   5  66   0   0   0
  62000 9385000| 29   6  65   0   0   1
  67000   10000000| 30   4  66   0   0   1
  81000   10000000| 29   5  64   1   0   1
  65000   10000000| 29   5  65   0   0   1
  74000   11000000| 29   4  66   0   0   1
  76000   11000000| 28   6  65   0   0   1
  69000   11000000| 29   5  65   0   0   1
  82000   12000000| 29   5  65   0   0   1
  84000   12000000| 30   4  64   1   0   1
  75000   12000000| 29   6  64   0   0   1
  80000   11000000| 29   5  66   0   0   1
  75000   10000000| 29   4  66   0   0   1
  70000   11000000| 29   6  65   0   0   1
  76000   11000000| 29   4  66   0   0   1
  86000   11000000| 29   4  65   1   0   1
  69000   11000000| 29   6  64   0   0   0
  85000   13000000| 29   4  67   0   0   1
  91000   14000000| 11   6  82   0   0   0
  92000   17000000|  5   4  91   0   0   1
 126000   20000000|  4   4  91   0   0   1
 125000   21000000|  4   5  90   2   0   1
 119000   21000000|  3   3  95   0   0   0
 187000   26000000|  3   3  94   0   0   0
 207000   26000000|  3   3  95   0   0   0
 133000   24000000|  3   2  95   0   0   0
 173000   24000000|  3   3  94   0   0   0
 163000   27000000|  4   2  93   1   0   0
 168000   28000000|  5   2  93   0   0   0
 243000   30000000|  3   2  95   0   0   0
 255000   29000000|  4   2  93   0   0   0
 149000   24000000|  5   3  92   0   0   0
 178000   23000000|  4   2  94   0   0   0
 143000   22000000|  3   2  93   1   0   0
 133000   22000000|  4   2  94   0   0   0
 150000   20000000|  4   2  94   0   0   0
 120000   20000000|  3   3  94   0   0   0
 119000   19000000|  4   3  93   0   0   0
 125000   20000000|  3   3  95   0   0   0
 119000   20000000|  3   3  93   1   0   0
 115000   21000000|  3   2  95   0   0   0
 125000   21000000|  4   3  93   0   0   0
 129000   22000000|  4   2  93   0   0   0
 121000   23000000|  4   3  93   0   0   0
 150000   26000000|  4   2  94   0   0   0
 149000   28000000|  4   3  92   1   0   0
 164000   32000000|  4   3  93   0   0   0
 211000   34000000|  4   3  94   0   0   0
 212000   38000000|  4   3  93   0   0   0
 186000   35000000|  4   3  92   0   0   0
 247000   34000000|  5   7  84   3   0   1
 258000   33000000|  5   7   2  86   0   0
 498000   34000000|  4   4   0  92   0   0
1580000   30000000|  5   4   4  87   0   0
2338000   31000000|  4   3   5  88   0   0
1037000   27000000|  3   4   0  92   0   0
1722000   24000000|  4   3   8  84   0   0
1835000   23000000|  5   2   1  92   0   0
5857000   21000000|  3   3   0  94   0   0
6086000   22000000|  5   3   0  92   0   0
 175000   22000000|  3   3   0  95   0   0
 278000   21000000|  3   3   0  94   0   0
 900000   19000000|  3   2  16  79   0   0
1258000   16000000|  4   2  23  71   0   0
1529000   15000000|  3   2  24  72   0   0
 499000   15000000|  4   2  23  71   0   0
 421000   13000000|  2   3  23  72   0   0
1260000   13000000|  3   3  23  71   0   0
1483000   12000000|  3   2  24  71   0   0
1818000   11000000|  4   2  23  71   0   0
1657000   10000000|  3   2  24  71   0   0
1684000 9707000|  3   2  24  71   0   0
1841000 9555000|  4   2  24  71   0   0
2135000 8874000|  2   2  24  72   0   0
2265000 8797000|  3   2  24  71   0   0
2962000 9054000|  5   2  30  64   0   0
3385000 9250000|  4   2  24  70   0   0
4381000 8959000|  3   2  20  75   0   0
5080000 8455000|  4   2  23  71   0   0
6422000 8456000|  2   2  24  72   0   0
7560000 8803000|  3   2  24  71   0   0
9454000 8642000|  3   2  23  72   0   0
  11000000 8024000|  5   2  18  76   0   0
7489000 8085000|  4   2   0  94   0   0
6957000 8269000|  3   2   0  95   0   0
9546000 8249000|  3   2   0  96   0   0
  11000000 8802000|  3   2   0  95   0   0
  11000000 9157000|  4   2   0  95   0   0
7745000 9187000|  3   3   0  94   0   0
5004000 8659000|  3   1   0  95   0   0
8199000 7197000|  3   2   0  95   0   0
7483000 7472000|  4   3   7  85   0   0
9070000 7641000|  4   1   1  94   0   0
8053000 8071000|  3   2   0  95   0   0
9348000 9068000|  4   2   0  95   0   0
8477000 9654000|  4   2   2  93   0   0
9324000   11000000|  4   2  24  70   0   0
8951000   12000000|  3   2  24  72   0   0
8959000   13000000|  3   3  21  72   0   0
8992000   10000000|  3   3   0  94   0   0
8880000 9576000|  4   4   0  92   0   0
9118000   10000000|  3   2   0  95   0   0
9226000   11000000|  3   1   1  95   0   0
9686000   11000000|  3   1   0  96   0   0
9835000   13000000|  4   3   0  93   0   0
  10000000   13000000|  4   2   0  94   0   0
  11000000   12000000|  3   1   2  94   0   0
2828000   12000000|  4   2  23  71   0   0
2384000   11000000|  5   2   6  88   0   0
4380000   13000000|  3   2   0  95   0   0
7748000   13000000|  5   2   0  94   0   0
4414000   12000000|  4   2   0  94   0   0
 563000   11000000|  3   2   0  94   0   0
1874000   11000000|  3   3   0  94   0   0
1402000   10000000|  4   2   0  94   0   0
 602000   10000000|  4   2   0  94   0   0
1566000 9977000|  5   2   0  93   0   0
2033000 9906000|  3   2   0  95   0   0
1981000   10000000|  3   2   0  95   0   0
2615000 9710000|  3   2   0  96   0   0
1781000 9325000|  4   3   0  94   0   0
3047000 9143000|  4   2   0  95   0   0
3015000   10000000|  3   2   0  95   0   0
3279000   10000000|  4   2   1  94   0   0
3620000   11000000|  4   3  24  70   0   0
2014000   11000000|  4   3   4  90   0   0
3218000   11000000|  5   2   0  94   0   0
3611000   11000000|  4   2   2  93   0   0
3563000   10000000|  3   3  12  82   0   0
3892000   11000000|  3   2  20  76   0   0
3920000   12000000|  4   2  23  71   0   0
4618000   13000000|  3   2  23  72   0   1
5026000   13000000|  4   2  22  72   0   0
5941000   12000000|  6   2  16  76   0   0
6338000   13000000| 28   2  14  55   0   1
4303000   13000000| 28   2   0  69   0   1
4192000   12000000| 28   3  12  57   0   1
4032000   12000000| 28   2  12  57   0   1
2359000   13000000| 27   3   1  68   0   1
4057000   14000000| 27   3   2  68   0   1
7583000   15000000| 29   2   0  68   0   1
8264000   16000000| 26   3   1  69   0   1
5655000   15000000| 27   3   0  69   0   1
1877000   10000000| 29   2   0  69   0   0
3984000 9994000| 27   2   0  70   0   0
4831000 9463000| 29   3   0  68   0   1
4695000 9999000| 28   2   0  69   0   1
7075000   10000000| 28   1   0  70   0   0
6548000   10000000| 28   3   0  68   0   1
7514000   10000000| 28   2   0  69   0   0
2812000   11000000| 34   6   1  58   0   1
4500000   12000000| 29   2   0  69   0   1
4612000   12000000| 28   3   0  68   0   1
6951000   12000000| 27   3   0  69   0   1
7988000   14000000| 27   2   0  70   0   1
7720000   11000000| 27   4   0  68   0   1
7233000   10000000| 46   3   0  50   0   1
7651000   10000000| 56   3   0  39   0   2
7654000   10000000| 56   5   0  38   0   2
8156000   11000000| 55   5   0  38   0   2
6989000   11000000| 55   5   2  36   0   2
2875000   10000000| 62   8   0  28   0   2
5422000   11000000| 79  13   0   6   0   2
  11000000   10000000| 55   5   0  38   0   2
  10000000   10000000| 55   3   0  41   0   2
  14000000 9860000| 54   3   0  41   0   1
  13000000   11000000| 54   4   0  41   0   2
  15000000   11000000| 53   4   0  41   0   2
6245000   11000000| 57   4   0  37   0   2
  13000000   12000000| 58   5   0  36   0   2
9532000   11000000| 54   5   0  40   0   1
8094000   11000000| 70  10   0  19   0   1
6008000   11000000| 53   3   0  44   0   1
6818000   10000000| 53   4   5  37   0   1
4027000   10000000| 47   6   1  46   0   1
7968000 9931000| 25   3   0  70   0   2
4971000   10000000| 26   1   2  71   0   1
7451000   10000000| 27   1  23  48   0   1
9162000 9447000| 27   2   7  63   0   1
8267000 9163000| 27   2   2  68   0   1
9826000 9888000| 28   2   0  71   0   0
8610000 8733000| 25   2   1  71   0   1
9933000 9799000|  1   1  33  65   0   0
8938000   10000000|  3   2  19  75   0   1
9809000   10000000|  3   2   8  87   0   0
9070000   10000000|  4   4   1  91   0   0
6808000   10000000|  2   2   0  97   0   0
5285000   11000000|  3   2   0  95   0   1
6809000 9905000|  2   1  45  51   0   0
7346000 8024000|  4   2  34  60   0   0
8421000 8225000|  3   1   2  94   0   0
8835000 8555000|  2   2   0  96   0   0
4646000 8068000|  3   2   3  92   0   0
3347000 9160000|  2   2  11  85   0   0
1718000 9479000|  3   3  13  81   0   0
2483000   11000000|  3   2  11  84   0   0
3079000   10000000|  3   4  23  70   0   0
2949000   11000000|  2   2   4  92   0   0
2732000   11000000| 23   3   7  67   0   1
4132000 8804000| 29   2   2  67   0   0
3650000 8809000| 28   2  30  40   0   1
 510000 8812000| 28   4   5  62   0   1
 206000 6853000| 28   3   0  69   0   0
 299000 7873000| 27   2   0  70   0   0
2490000 8568000| 28   3   0  69   0   1
1896000 9956000| 28   2   1  69   0   0
1198000 7941000| 28   2   2  67   0   1
 502000 8459000| 29   4  14  53   0   0
2549000 8588000| 29   4   6  61   0   1
3957000 8329000| 28   3  11  58   0   1
3817000 8086000| 29   3   3  65   0   1
3920000 8626000| 28   2   6  64   0   0
 582000 8198000| 28   2   0  69   0   1
2339000 8356000| 28   2   0  70   0   0
 403000 8243000| 27   2   0  70   0   1
 949000 8048000| 27   2   0  70   0   1
3192000 7643000| 27   2   0  71   0   1
5378000 7514000| 17   2   9  72   0   0
5425000 7766000|  1   0  27  72   0   0
1477000 9052000|  2   1  16  81   0   0
 738000 7925000|  3   2  14  81   0   0
3070000 6384000|  2   2   0  96   0   0
3592000 5507000|  2   1   0  97   0   0
3680000 4944000|  2   1  10  86   0   0
 227000 5105000|  2   1   0  97   0   0
4676000 4849000|  2   1   0  97   0   0
2916000 4680000|  3   1   5  91   0   0
1479000 5023000|  2   2  17  79   0   0
 610000 5547000|  2   1   9  89   0   0
 162000 6222000|  2   1   0  97   0   0
 358000 6834000|  3   1   0  96   0   0
 802000 7436000|  2   2  16  80   0   0
 911000 7433000|  3   3  10  85   0   0
2045000 7919000| 22   4  18  56   0   1
1775000 7872000| 27   1  13  58   0   1
2773000 7575000| 26   1  23  48   0   1
3382000 7078000| 26   1  23  49   0   0
3048000 7102000| 27   1  19  52   0   1
1620000 6699000| 27   1   0  72   0   1
  48000 6008000| 27   2   1  70   0   0
 183000 5847000| 27   2  22  49   0   0
 229000 4875000| 27   1   1  71   0   1
 644000 4298000| 27   1   4  67   0   0
1122000 4354000| 26   1   7  65   0   0
  56000 4998000| 27   1   2  69   0   0
  47000 5218000| 27   1   1  71   0   0
 301000 6038000| 28   2   1  69   0   0
 189000 6843000| 27   1  13  59   0   0
 132000 5639000| 27   2   0  71   0   1
  60000 6594000| 27   2   0  71   0   0
 137000 7002000| 28   1   4  67   0   0
 386000 6738000| 26   2   5  67   0   1
1566000 6635000| 27   1   0  71   0   0
1283000 5607000| 27   1   2  70   0   0
  68000 6961000| 28   1   0  71   0   0
  65000 7344000| 28   2   0  70   0   0
2168000 7881000| 27   2   0  71   0   1
1569000 7135000| 27   2  16  55   0   0
2532000 6624000| 27   1   0  71   0   0
1593000 7503000| 27   1   0  72   0   1
  82000 8693000| 27   2   5  66   0   0
 254000 9917000| 28   2   0  70   0   0
 938000   10000000| 27   2   0  71   0   0
1981000 7642000| 27   2   5  66   0   0
1219000 4996000| 13   4  12  70   0   0
1334000 6913000|  2   1  12  86   0   0
1730000 8161000|  3   2  20  75   0   0
1541000 9380000|  2   2  36  61   0   0
1987000 9488000|  2   1  48  49   0   0
1120000   10000000|  2   1  36  61   0   0
1445000   11000000|  3   2  32  63   0   0
 429000 8518000|  3   1  72  24   0   0
 821000 7385000|  2   1  73  25   0   0
 688000 7498000|  2   2  71  25   0   0
 451000 7509000|  2   2  65  31   0   0
  50000 7780000|  2   2  64  32   0   0
  49000 8353000|  2   1  45  52   0   0
  56000 7688000|  2   1  59  38   0   0
  58000 8421000|  2   2  73  24   0   0
  56000 9386000|  2   1  71  27   0   0
  66000   11000000|  2   2  72  25   0   0
  77000   12000000|  2   1  90   8   0   0
  80000   13000000|  2   2  71  25   0   0
  94000   14000000|  2   1  68  29   0   0
  82000   14000000|  1   2  62  35   0   0
  93000   17000000|  2   2  49  48   0   0
 103000   18000000|  2   2  48  48   0   0
 120000   20000000|  2   2  56  41   0   0
 116000   14000000|  2   2  85  11   0   0
  94000   14000000|  2   2  96   0   0   0
  86000   12000000|  3   1  76  20   0   0
  72000   12000000|  2   1  73  24   0   0
  77000   12000000|  2   2  65  31   0   0
  78000   13000000|  2   1  68  28   0   0
  77000   13000000|  2   1  48  49   0   0
  83000   11000000|  2   2  38  59   0   0
  71000   12000000|  2   1  44  54   0   0
  80000   11000000|  2   1  48  49   0   0
  70000   11000000|  2   2  59  37   0   0
  66000   11000000|  2   1  97   0   0   0
  65000   12000000|  2   1  96   1   0   0
  79000   11000000|  2   1  97   0   0   0
  67000   11000000|  2   1  97   0   0   0
  72000   11000000|  2   2  97   0   0   0
  76000   12000000| 24   2  74   0   0   0
  72000   12000000| 27   1  72   0   0   0
  82000 9627000| 27   1  71   1   0   1
  63000   10000000| 26   2  72   0   0   0
  63000   10000000| 26   2  72   0   0   1
  67000   10000000| 27   1  72   0   0   0
  66000   11000000| 26   1  72   0   0   1
  69000   11000000| 27   1  72   0   0   0
  67000 8336000| 27   1  71   1   0   0
  54000 7279000| 26   2  72   0   0   0
  41000 6106000| 26   1  73   0   0   1
  45000 6180000| 32   2  66   0   0   1
  49000 5761000| 54   2  44   0   0   0
  41000 6260000| 52   2  45   0   0   1
  39000 6647000| 53   2  44   1   0   1
  46000 6578000| 53   2  44   0   0   1
  39000 5915000| 53   3  44   0   0   0
  36000 6028000| 52   2  45   0   0   1
  37000 6100000| 53   2  44   0   0   1
  40000 6068000| 54   3  44   0   0   0
  44000 5970000| 53   3  44   1   0   0
  40000 6661000| 53   2  44   0   0   1
  42000 7685000| 53   3  44   0   0   0
  51000 8760000| 64   3  32   0   0   1
  59000 9745000| 76   2  20   0   0   2
  57000   10000000| 76   2  20   0   0   2
  72000   12000000| 76   3  19   0   0   2
  82000   14000000| 76   2  20   0   0   2
  94000   13000000| 76   3  19   0   0   2
  84000   12000000| 76   2  20   0   0   2
  78000   11000000| 76   3  20   0   0   1
  70000 9006000| 76   3  20   0   0   1
  55000 6809000| 77   2  21   0   0   1
  50000 7676000| 77   2  21   0   0   0
  48000 6769000| 71   2  26   0   0   1
  52000 7448000| 31   3  65   0   0   1
  47000 7428000| 26   1  73   0   0   0
  52000 7691000| 26   1  73   0   0   1
  54000 7543000| 26   1  72   1   0   0
  55000 8279000| 26   1  73   0   0   0
  58000 8531000| 25   1  74   0   0   0
  54000 8792000| 26   1  73   0   0   0
  50000 7168000| 26   0  74   0   0   0
  51000 7886000| 26   1  73   0   0   0
  55000 7541000| 39   1  59   1   0   0
  50000 7844000| 29   2  68   0   0   0
  46000 8700000| 25   2  73   0   0   0
  62000 7857000| 26   1  73   0   0   1
  45000 6711000| 26   1  73   0   0   0
  42000 7273000| 26   1  74   0   0   0
  47000 7523000| 26   0  72   1   0   0
  53000 7961000| 26   1  73   0   0   0
  44000 7916000| 25   1  74   0   0   0
  55000 8099000| 26   1  74   0   0   0
  50000 7084000| 26   0  74   0   0   0
  41000 6536000| 26   1  74   0   0   0
  45000 6558000| 40   2  57   1   0   0
  39000 6517000| 26   1  73   0   0   0
  44000 5941000| 25   0  74   0   0   0
  18000 2443000| 25   0  74   0   0   0
  18000 2674000| 25   0  75   0   0   0
  18000 2848000| 25   0  75   0   0   0
  21000 3356000| 25   1  72   2   0   0
  24000 3610000| 25   0  75   0   0   0
  27000 4262000| 25   0  74   0   0   0
  30000 4770000| 25   0  74   0   0   0
  37000 5553000| 25   0  75   0   0   0
  36000 6754000| 25   0  74   0   0   0
  47000 7916000| 25   1  73   1   0   0
  58000   10000000|  9   1  90   0   0   0
  40000 6126000|  0   0  99   0   0   0
  20000 3069000|  0   1  99   0   0   0
  23000 3287000|  1   0  99   0   0   0
  21000 2907000|  1   0  99   0   0   0
  20000 2400000|  0   0  98   1   0   0
  15000 2317000|  0   0 100   0   0   0
  15000 2068000|  1   0  99   0   0   0
  13000 1832000|  0   0  99   0   0   0
  12000 1868000|  0   0  99   0   0   0
  13000 1935000|  0   0 100   0   0   0
  13000 1832000|  1   0  99   0   0   0
  14000 1542000|  0   1 100   0   0   0
  12000 1868000|  0   0  99   0   0   0
  13000 1868000|  0   0 100   0   0   0
  12000 1964000|  1   0  99   0   0   0
  14000 1992000| 10   0  89   0   0   0
  11000 1847000| 25   0  74   1   0   0
  14000 1863000| 25   0  75   0   0   0
  12000 1557000| 25   0  75   0   0   0
  11000 1429000| 25   0  75   0   0   0
  11000 1706000| 25   0  75   0   0   0
  10000 1534000| 25   0  75   0   0   0
  11000 1601000| 25   0  74   1   0   0
  10000 1601000| 25   0  75   0   0   0
  13000 1540000| 25   0  75   0   0   0
9996B 1362000| 25   0  75   0   0   0
  13000 1468000| 25   0  75   0   0   0
  11000 1601000| 25   0  75   0   0   0
  12000 1637000| 25   0  74   1   0   0
  12000 1678000| 25   0  75   0   0   0
  15000 1656000| 25   0  75   0   0   0
  12000 1681000| 25   0  75   0   0   0
  11000 1687000| 25   0  75   0   0   0
  12000 1868000| 25   0  75   0   0   0
  12000 1801000| 25   0  74   1   0   0
  12000 2135000| 25   0  75   0   0   0
  15000 2402000| 25   0  75   0   0   0
  17000 2382000| 25   0  75   0   0   0
  13000 2190000| 25   0  75   0   0   0
  15000 1678000| 18   1  81   0   0   0
  14000 1832000|  0   0  99   1   0   0
  13000 1771000|  0   0 100   0   0   0
  14000 1462000|  0   0 100   0   0   0
  12000 1514000|  0   0 100   0   0   0
  11000 1468000|  0   0 100   0   0   0
4490B  160000|  0   0  99   1   0   0
 604B    0|  0   0 100   0   0   0
4543B    0|  0   0 100   0   0   0
