   0     0|  2   1  94   3   0   0
2777B 5571B| 17  15  67   0   0   0
  23000   18000|  6   4  90   0   0   0
  13000   16000|  7   6  86   0   0   1
8032B   12000|  6   5  89   0   0   0
5524B   11000|  6   5  89   0   0   0
4672B  125000|  7   5  87   1   0   0
9700B  765000|  5   4  90   0   0   0
  31000 2705000|  6   5  89   0   0   0
  39000 1743000|  7   5  88   0   0   0
  24000 1591000| 10   9  80   0   0   0
  30000 3515000|  8   8  84   0   0   0
 110000   10000000|  8   7  83   1   0   1
 251000   17000000|  8   9  81   0   0   1
 271000   18000000| 10   9  80   0   0   2
 215000   18000000|  9   7  82   0   0   1
 153000   15000000|  9   6  84   0   0   1
 102000   15000000|  8   9  82   0   0   1
 104000   14000000|  9   7  82   1   0   1
 113000   14000000|  9   8  83   0   0   1
  86000   13000000| 10   7  82   0   0   1
  88000   12000000| 10   6  83   0   0   0
  83000   12000000|  9   7  84   0   0   1
  85000   12000000|  9   6  84   0   0   1
  85000   12000000|  9   7  83   1   0   1
  86000   13000000|  9   9  82   0   0   1
  82000   13000000|  9   7  83   0   0   1
  91000   14000000|  8   7  84   0   0   1
 101000   15000000|  7   7  85   0   0   0
 115000   15000000| 10   7  83   0   0   1
  96000   16000000| 10   8  81   1   0   0
 104000   17000000|  9   7  83   0   0   1
 109000   20000000| 10   9  81   0   0   1
 122000   19000000|  9   8  83   0   0   1
 124000   19000000|  8   7  84   0   0   1
 130000   18000000| 10   6  84   0   0   0
 103000   18000000|  9   9  81   1   0   1
 113000   18000000|  9   6  84   0   0   1
 105000   16000000| 10   6  83   0   0   1
 104000   14000000| 10   7  83   0   0   0
 101000   14000000|  8   9  83   0   0   1
  93000   14000000|  9   7  83   0   0   1
 105000   13000000|  9   7  83   1   0   1
  86000   12000000|  9   8  82   0   0   0
  89000   12000000|  8   7  85   0   0   1
  88000   12000000|  9   7  83   0   0   1
  72000   13000000|  8   6  85   0   0   1
  91000   13000000|  8   7  84   0   0   0
  90000   13000000| 10   8  81   1   0   1
  89000   14000000|  9   7  83   0   0   1
 103000   13000000|  9   8  82   0   0   1
  90000   14000000| 10   7  82   0   0   1
 100000   12000000|  9   7  84   0   0   1
  85000   13000000|  9   7  83   0   0   1
  86000   13000000|  8   7  84   1   0   0
  94000   13000000| 10   6  84   0   0   0
  94000   15000000| 10   7  83   0   0   1
 103000   13000000|  9   6  84   0   0   0
  94000   13000000|  9   7  84   0   0   1
  86000   12000000|  8   7  84   0   0   0
  87000   12000000| 10   6  82   1   0   1
  90000   12000000| 11   6  83   0   0   0
  71000   12000000|  9   7  84   0   0   0
  80000   10000000| 10   6  83   0   0   1
  78000   12000000| 10   7  83   0   0   1
  79000   12000000|  8   7  85   0   0   1
  89000   13000000| 10   6  82   1   0   1
  79000   14000000|  9   6  85   0   0   0
 108000   14000000|  9   9  82   0   0   1
  87000   14000000|  9   6  84   0   0   1
  87000   14000000| 10   7  83   0   0   0
  95000   15000000|  9   7  84   0   0   0
 105000   16000000| 10   6  82   1   0   1
  88000   13000000|  9   8  83   0   0   1
  91000   14000000|  9   7  83   0   0   1
  86000   15000000|  8   9  83   0   0   0
  90000   16000000| 10   7  83   0   0   0
 103000   17000000|  9   8  83   0   0   1
  99000   18000000| 10   8  81   1   0   1
 116000   19000000| 11   8  81   0   0   1
 130000   19000000| 11   7  82   0   0   1
 109000   16000000| 10   7  82   0   0   1
 116000   13000000| 11   7  82   0   0   1
  87000   13000000|  7   8  84   0   0   1
  84000   13000000| 10   7  81   1   0   1
  95000   14000000|  9   7  84   0   0   1
  86000   13000000|  8   7  84   0   0   1
  87000 9825000| 10   6  84   0   0   1
  65000 8883000| 10   6  83   0   0   1
  58000 9376000|  8   7  84   0   0   1
  64000   10000000|  8   6  84   1   0   1
  67000   11000000|  9   8  83   0   0   0
  65000   12000000| 10   7  83   0   0   0
  82000   13000000| 11   6  83   0   0   0
  82000   15000000| 10   7  82   0   0   0
  97000   17000000|  8   8  84   0   0   1
 110000   18000000| 10   8  81   1   0   1
 114000   21000000|  8   9  83   0   0   1
 136000   17000000|  8   8  83   0   0   1
 104000   17000000|  9   8  83   0   0   1
 110000   19000000|  8   8  83   0   0   1
 127000   17000000| 10   7  83   0   0   1
 114000   16000000|  8   7  83   1   0   1
 109000   16000000|  9   8  83   0   0   1
 109000   17000000|  9   6  84   0   0   1
 128000   15000000|  9   7  83   0   0   1
  96000   12000000|  9   6  84   0   0   1
  91000   11000000| 10   8  82   0   0   0
  71000   11000000| 10   7  82   1   0   0
  83000 9495000|  9   6  85   0   0   1
  70000   10000000| 10   8  83   0   0   0
  70000   10000000| 11   7  82   0   0   0
  82000   11000000|  8   9  82   0   0   1
  72000   11000000|  9   8  82   0   0   1
  84000   12000000|  9   8  82   1   0   0
  69000   11000000|  9   6  85   0   0   0
  89000   11000000| 10   8  82   0   0   1
  68000   10000000|  9   6  83   0   0   1
  73000   10000000|  9   6  84   0   0   1
  67000   11000000|  8   8  83   0   0   0
  77000   11000000|  9   7  82   1   0   1
  68000   12000000|  9   6  84   0   0   0
  85000   13000000|  9   7  83   0   0   1
  85000   14000000|  9   7  84   0   0   0
 100000   15000000| 10   7  82   0   0   1
  95000   13000000|  9   7  84   0   0   1
  95000   13000000| 11   7  81   1   0   0
  88000   12000000|  8   8  83   0   0   1
  81000   12000000|  8   7  84   0   0   1
  94000   12000000| 10   7  83   0   0   0
  77000   11000000|  7   8  84   0   0   1
  74000   10000000| 10   5  84   0   0   1
  75000   11000000|  9   7  83   1   0   1
  65000   11000000|  8   7  85   0   0   0
  82000   13000000|  9   8  82   0   0   1
  82000   14000000|  8   7  84   0   0   1
 111000   13000000| 10   7  82   0   0   1
  93000   14000000|  9   8  82   0   0   1
  93000   15000000| 10   7  82   1   0   1
  95000   16000000| 10   7  82   0   0   0
 111000   16000000|  9   6  84   0   0   1
  98000   15000000|  9   7  84   0   0   1
  99000   16000000| 10   8  82   0   0   0
 107000   16000000| 10   7  83   0   0   1
 100000   15000000| 10   8  80   1   0   1
 104000   14000000| 10   6  84   0   0   0
  98000   14000000|  9   6  84   0   0   1
  88000   13000000| 11   7  75   7   0   1
  88000   14000000| 10   6  83   0   0   1
  89000   13000000|  8   8  84   0   0   0
  89000   14000000| 10  10  79   1   0   1
  93000   13000000| 11   9  80   0   0   1
  92000   14000000|  8   8  83   0   0   0
  80000   15000000| 11   7  82   0   0   1
 101000   15000000|  9   8  83   0   0   1
  94000   15000000|  9   8  82   0   0   0
 110000   16000000| 10   7  81   1   0   1
 102000   16000000| 10   6  83   0   0   1
 111000   15000000|  9   8  83   0   0   1
  88000   16000000| 10   8  82   0   0   1
 102000   17000000| 10   6  83   0   0   1
 120000   20000000| 10  14  74   0   0   2
 113000   19000000| 12   6  80   1   0   1
 150000   20000000|  9   9  80   0   0   1
 121000   19000000| 10   7  83   0   0   1
 115000   19000000|  8   8  83   0   0   1
 115000   17000000|  9   9  82   0   0   1
 102000   15000000| 10   8  81   0   0   1
  95000   15000000|  9   9  81   1   0   1
 107000   15000000|  9   8  83   0   0   1
  92000   15000000| 11   8  80   0   0   1
 109000   14000000|  9   8  82   0   0   1
  91000   14000000| 10   7  83   0   0   1
  96000   12000000|  7   6  86   0   0   1
  82000   12000000| 10   7  81   1   0   1
  80000   11000000| 10   5  84   0   0   0
  70000   11000000|  9   7  83   0   0   0
  75000   11000000| 10   6  83   0   0   1
  71000   12000000| 10   7  83   0   0   0
  67000   11000000| 10   7  83   0   0   1
  85000   11000000| 10   8  81   1   0   0
  70000   11000000|  8   8  83   0   0   0
  76000   10000000|  9   7  83   0   0   1
  66000   11000000|  9   6  85   0   0   0
  78000   11000000|  9   8  82   0   0   1
  79000   13000000| 10   7  83   0   0   0
  98000   14000000|  9   7  83   1   0   0
  90000   16000000|  9   8  83   0   0   1
 108000   16000000|  9   7  83   0   0   1
 103000   19000000|  9   6  83   0   0   1
 119000   20000000| 11   6  82   0   0   1
 116000   20000000|  9   8  82   0   0   1
 130000   22000000|  9  10  79   1   0   1
 142000   24000000|  9  10  81   0   0   1
 158000   25000000|  8  10  81   0   0   1
 142000   24000000| 11   6  82   0   0   1
 138000   26000000| 12   8  79   0   0   1
 165000   28000000| 10   8  81   0   0   1
 146000   26000000| 10   8  81   1   0   1
 163000   28000000| 10   8  81   0   0   1
 156000   27000000| 11   8  80   0   0   1
 161000   30000000|  9   7  83   0   0   1
 195000   32000000|  8   8  83   0   0   1
 163000   34000000| 10   9  80   0   0   1
 216000   35000000|  9  11  78   1   0   1
 186000   36000000|  9   8  81   0   0   1
 203000   26000000| 11   7  81   0   0   1
 145000   28000000|  9   9  81   0   0   1
 190000   30000000|  8   8  83   0   0   1
 185000   31000000| 10  13  76   0   0   0
 167000   34000000| 10  12  77   1   0   1
 188000   34000000| 10   8  81   0   0   1
 183000   37000000| 10   9  80   0   0   1
 223000   37000000| 11  18  71   0   0   1
 195000   40000000| 10   7  81   0   0   2
 245000   40000000| 11  17  71   0   0   1
 239000   38000000| 10  11  77   1   0   1
 207000   31000000| 11   8  80   0   0   1
 191000   28000000| 10   9  81   0   0   1
 174000   25000000| 10   9  81   0   0   1
 132000   23000000|  9   7  84   0   0   1
 145000   22000000|  8   8  83   0   0   1
 146000   21000000|  8   8  82   1   0   1
 136000   19000000|  9   7  84   0   0   0
 114000   18000000|  7   7  84   0   0   1
 115000   18000000|  9  13  77   0   0   1
 113000   17000000| 10   9  80   0   0   1
 107000   16000000|  8   7  84   0   0   1
  98000   14000000| 10   7  82   1   0   1
  83000   16000000|  8   7  84   0   0   1
 108000   14000000| 11   6  83   0   0   1
 103000   12000000|  9  10  81   0   0   1
  73000   13000000|  9   7  85   0   0   0
  98000   12000000|  8   7  84   0   0   1
  85000   11000000|  8   6  84   1   0   1
  72000   12000000|  7   6  86   0   0   1
  78000   12000000| 10   9  81   0   0   0
  69000 9860000|  8   9  82   0   0   1
  78000 9686000|  9   6  85   0   0   0
  65000 9090000|  9   7  83   0   0   1
  59000 9963000|  8   6  85   1   0   0
  66000   11000000|  8   6  85   0   0   0
  81000   13000000|  9   6  85   0   0   1
  85000   14000000| 10   7  83   0   0   0
  97000   15000000|  9   7  83   0   0   1
  83000   16000000|  9   7  83   0   0   1
 113000   14000000|  9   8  83   1   0   0
  92000   15000000| 10   6  83   0   0   1
  83000   15000000|  8   9  83   0   0   0
  94000   13000000|  8   7  83   0   0   1
  88000   13000000|  8   7  84   0   0   1
  82000   12000000| 10   5  84   0   0   1
  79000   10000000|  9   7  82   1   0   1
  68000   11000000| 10   6  84   0   0   0
  69000   10000000|  9   7  84   0   0   0
  72000   10000000|  8   8  83   0   0   1
  71000 9443000|  9   8  83   0   0   0
  62000 9495000|  9   7  84   0   0   1
  69000 9501000| 10   6  83   1   0   0
  61000 9124000| 10   9  81   0   0   1
  61000 9490000|  8   8  83   0   0   0
  65000 8433000|  8   7  84   0   0   1
  65000 7599000|  9   7  83   0   0   1
  51000 6594000|  9   6  84   0   0   0
  54000 7246000|  9   7  82   1   0   1
  43000 6735000| 10   9  81   0   0   0
  53000 8198000|  8   7  84   0   0   1
  58000 7695000| 11   8  81   0   0   0
  60000 8625000|  9   7  84   0   0   1
  57000 8042000|  9   5  85   0   0   0
  61000 7709000| 10   7  82   1   0   1
  49000 7723000|  7   9  84   0   0   0
  54000 8521000| 10   7  82   0   0   1
  60000 8942000|  9   7  83   0   0   0
  61000 9839000|  9   7  84   0   0   0
  64000   10000000|  9   8  83   0   0   0
  73000   11000000| 10   6  82   1   0   0
  73000   12000000| 10   6  84   0   0   0
  68000   12000000|  9   7  83   0   0   0
  89000   13000000|  9   7  84   0   0   1
  74000   13000000|  9   7  84   0   0   0
  96000   14000000| 10   7  82   0   0   1
  94000   13000000|  8   7  85   1   0   0
  81000   14000000| 10   8  82   0   0   1
  99000   10000000|  7   7  84   0   0   1
  50000 6996000|  8   7  85   0   0   0
  50000 7560000|  7   9  84   0   0   0
  54000 7778000|  8   7  85   0   0   1
  60000 8119000| 10   6  83   1   0   0
  56000 8143000| 10   6  83   0   0   1
  60000 9150000|  9   7  83   0   0   1
  64000 9313000|  8   6  86   0   0   0
  66000   10000000| 10   6  83   0   0   1
  65000   11000000| 32   9  58   0   0   1
  89000   11000000| 37   9  52   1   0   1
  75000   12000000| 36   8  55   0   0   1
  73000   11000000| 37   9  53   0   0   1
  76000   12000000| 35  10  55   0   0   0
  84000   12000000| 37   7  55   0   0   1
  72000   11000000| 36   8  55   0   0   1
  75000 9201000| 36   8  54   1   0   1
  63000   10000000| 36   9  54   0   0   1
  66000   11000000| 37   9  54   0   0   0
  70000 9746000| 37  12  50   0   0   1
  65000   10000000| 37   7  56   0   0   1
  65000   10000000| 36   9  54   1   0   1
  72000   11000000| 36   9  55   0   0   1
  69000   11000000| 36   9  54   0   0   1
  71000   10000000| 37  11  51   0   0   1
  73000   11000000| 35   8  56   0   0   1
  74000   12000000| 36   9  54   0   0   1
  84000   12000000| 37   8  53   1   0   1
  77000   13000000| 35   8  55   0   0   2
  77000   13000000| 36   8  54   0   0   2
  88000   13000000| 37   8  54   0   0   1
  89000   12000000| 36   8  55   0   0   1
  73000   12000000| 35  10  53   0   0   1
  70000   10000000| 38   8  52   1   0   1
  73000   11000000| 35   9  55   0   0   1
  77000   11000000| 37   9  53   0   0   1
  78000   10000000| 37  10  52   0   0   1
  68000 9824000| 36  10  54   0   0   1
  65000   10000000| 37   8  55   0   0   1
  72000 9797000| 37   9  53   1   0   1
  71000 9987000| 38   8  53   0   0   1
  68000   11000000| 37   9  53   0   0   1
  74000   11000000| 37   8  54   0   0   1
  83000   14000000| 36   8  54   0   0   2
  78000   14000000| 37   9  53   0   0   1
  94000   13000000| 36  10  53   1   0   1
  70000   11000000| 37   8  54   0   0   1
  73000   12000000| 35   9  54   0   0   1
  85000   12000000| 36   9  54   0   0   1
  81000   13000000| 36   8  55   0   0   1
  97000   15000000| 35   9  56   0   0   0
  94000   14000000| 35   6  58   0   0   1
  97000   14000000| 34   8  58   0   0   1
  87000   12000000| 33   7  59   0   0   1
  90000   12000000| 27   7  66   0   0   1
  74000   11000000|  9   5  85   1   0   1
  69000   12000000|  7   7  85   1   0   1
  81000   13000000|  9   7  83   0   0   1
  92000   14000000|  7   8  84   0   0   1
  89000   15000000|  9   7  83   0   0   1
  96000   15000000|  8   8  78   6   0   1
 103000   13000000|  9   6  84   1   0   1
  82000   11000000| 10   7  83   0   0   1
  81000   12000000|  9   8  82   0   0   1
  94000   11000000|  9   7  83   0   0   1
  69000   10000000|  8   9  83   0   0   0
  70000   11000000| 10   7  83   0   0   1
 104000   12000000|  9   6  83   1   0   1
 133000   13000000|  8   8  83   0   0   1
  69000 9704000|  7   7  86   0   0   0
  60000   10000000|  9   7  83   0   0   1
  75000   11000000|  8   7  84   0   0   1
  81000   12000000|  9   5  85   0   0   0
  74000   12000000|  9   7  83   1   0   1
  82000   11000000|  8   8  83   0   0   1
  74000   13000000|  9   6  85   0   0   1
  90000   14000000|  9   7  84   0   0   0
  88000   15000000| 10   7  81   0   0   1
 106000   16000000|  9   6  85   0   0   0
 102000   14000000| 10   6  82   1   0   1
  92000   14000000| 10   7  82   0   0   0
  94000   13000000|  9   7  84   0   0   0
  88000   13000000| 11   6  82   0   0   1
  91000   14000000| 11   6  82   0   0   1
 102000   15000000|  8   8  83   0   0   1
  91000   15000000| 10   8  81   1   0   1
 101000   16000000| 10   7  82   0   0   0
 105000   17000000| 33   7  58   0   0   1
 110000   15000000| 36   8  55   0   0   1
  97000   17000000| 38  19  42   0   0   2
 102000   15000000| 35  10  54   0   0   1
  98000   15000000| 37  10  52   1   0   1
 102000   14000000| 35   9  55   0   0   2
  90000   15000000| 35  10  54   0   0   1
 116000   14000000| 38   7  53   0   0   2
  88000   13000000| 37   8  54   0   0   1
  92000   12000000| 36   8  55   0   0   1
  82000   10000000| 38   9  52   1   0   1
  66000   10000000| 36   9  54   0   0   1
  74000   11000000| 38   6  55   0   0   1
  74000   10000000| 36   8  55   0   0   1
  71000   11000000| 35   8  56   0   0   1
  78000   11000000| 35   8  55   0   0   1
  70000   11000000| 36   9  53   1   0   1
  77000   11000000| 36   9  55   0   0   1
  71000   11000000| 37   7  55   0   0   1
  71000   12000000| 36   8  55   0   0   1
  85000   12000000| 36   9  54   1   0   1
  80000   13000000| 36   8  54   0   0   2
  88000   13000000| 36  10  52   1   0   1
  91000   13000000| 35  11  53   0   0   1
  75000 9914000| 36   9  54   0   0   1
  76000   11000000| 36   8  54   0   0   2
  79000   12000000| 56  11  32   0   0   1
  88000   11000000| 64  12  23   0   0   1
  77000   13000000| 64  11  24   0   0   1
  92000   14000000| 62  10  28   0   0   1
 102000   11000000| 62   8  29   0   0   1
  71000   10000000| 59   9  32   0   0   1
  62000 9331000| 42  11  47   0   0   1
  67000   10000000| 36   6  56   0   0   1
  64000 9820000| 36   7  55   1   0   0
  76000   11000000| 35   8  55   0   0   2
  71000   11000000| 36   8  55   0   0   1
  85000   13000000| 35   9  56   0   0   1
  95000   13000000| 36   8  55   0   0   1
  95000   10000000| 37   7  55   0   0   1
  73000   10000000| 35   8  55   1   0   1
  76000   11000000| 36   9  51   3   0   1
 117000   10000000| 36  14   4  44   0   1
 310000   10000000| 35   9   0  54   0   1
 709000   10000000| 38  12   0  49   0   1
1434000   11000000| 43  12   0  44   0   1
1728000   12000000| 36   9   0  54   0   2
3598000   13000000| 36  10   0  52   0   2
1554000   14000000| 36   8   0  55   0   1
 261000   12000000| 37   8   0  53   0   2
 269000   12000000| 37  11   0  51   0   1
 100000   12000000| 36   9   0  54   0   1
 588000   14000000| 36  10   0  53   0   1
 430000   11000000| 36   9   0  55   0   1
 253000   12000000| 35   9   1  53   0   1
 831000   12000000| 36  10   5  49   0   1
1117000   11000000| 36   8  34  21   0   1
  91000   13000000| 28   8  63   0   0   1
   0     0|  9   5  84   1   0   1
   0     0|  8   5  86   0   0   1
   0     0|  8   8  74   9   0   1
   0     0|  8   7  28  57   0   1
   0     0|  9   9  13  69   0   1
   0     0| 12   8  59  22   0   0
   0     0| 35   8  55   0   0   2
   0     0| 35   8  56   0   0   1
   0     0| 35   8  55   0   0   2
   0     0| 35  11  53   0   0   2
   0     0| 36   9  54   0   0   1
   0     0| 36   9  53   1   0   1
   0     0| 37   9  53   0   0   1
   0     0| 36   9  55   0   0   1
   0     0| 36   9  53   0   0   1
   0     0| 38   7  54   0   0   1
   0     0| 36   8  54   0   0   1
   0     0| 38   8  52   1   0   1
   0     0| 36   8  55   0   0   1
   0     0| 34   8  56   0   0   2
   0     0| 36   9  55   0   0   1
   0     0| 34  10  55   0   0   1
   0     0| 35   9  55   0   0   2
   0     0| 35   8  55   1   0   1
   0     0| 35  11  54   0   0   1
   0     0| 37   7  49   6   0   1
   0     0| 35   9  35  19   0   1
   0     0| 36  10   3  50   0   2
   0     0| 36   9   0  54   0   1
   0     0| 38   9   0  53   0   1
   0     0| 37   7   0  54   0   2
   0     0| 35   9   0  55   0   1
   0     0| 64  12   0  22   0   2
   0     0| 66  13   9  11   0   1
   0     0| 66  13  18   2   0   2
   0     0| 67  11  20   1   0   2
   0     0| 66  14  19   0   0   1
   0     0| 66  13  20   0   0   1
   0     0| 67  12  19   0   0   2
   0     0| 66  12  20   0   0   2
   0     0| 67  12  20   0   0   1
   0     0| 67  12  19   0   0   2
   0     0| 67  13  19   0   0   1
   0     0| 67  13  19   0   0   1
   0     0| 66  12  20   0   0   1
   0     0| 64  12  22   0   0   1
   0     0| 62  11  25   0   0   2
   0     0| 66  12  19   0   0   2
   0     0| 67  11  22   0   0   1
   0     0| 77  14   7   0   0   2
   0     0| 81  10   7   0   0   2
   0     0| 79  13   6   0   0   2
   0     0| 85  11   2   0   0   3
5602000  867000000| 81  13   4   0   0   3
  88000   13000000| 81   9   8   0   0   2
  87000   12000000| 81   9   8   0   0   2
  87000   12000000| 83   9   6   0   0   2
  77000   12000000| 81  11   7   0   0   2
  80000   13000000| 87   9   2   0   0   3
  88000   11000000| 88   9   2   0   0   2
  77000   11000000| 81  11   6   0   0   2
  67000   10000000| 79  11   9   0   0   1
  71000   10000000| 82   9   8   0   0   1
  71000   11000000| 81  10   8   0   0   2
  61000 9739000| 83   8   8   0   0   1
  68000   11000000| 85   8   6   0   0   1
  70000   11000000| 82  11   6   0   0   1
  89000   13000000| 62  10  26   0   0   2
 124000   12000000| 60   8  31   0   0   1
  97000   13000000| 60   8  31   0   0   2
  68000 9901000| 62   8  30   0   0   1
  84000   12000000| 45   8  45   1   0   1
  98000   13000000| 35   7  57   0   0   1
 106000   15000000| 35   7  58   0   0   1
  92000   14000000| 33   8  58   0   0   1
 101000   17000000| 33   8  58   0   0   1
 109000   19000000| 34   8  57   0   0   1
 141000   16000000| 33   6  58   2   0   2
 107000   17000000| 27   8  65   0   0   1
 122000   17000000| 34   9  56   0   0   1
  91000   11000000| 34   6  59   0   0   1
  75000   12000000| 33   8  58   0   0   0
  77000   12000000| 34   7  58   0   0   1
  81000   12000000| 33   7  59   1   0   1
  79000   14000000| 35   9  55   0   0   1
  87000   16000000| 34   7  58   0   0   1
 121000   16000000| 34   9  56   0   0   1
 152000   17000000| 35   8  56   0   0   1
  99000   10000000| 34   7  58   0   0   1
  85000   10000000| 35   7  56   1   0   1
  83000   11000000| 35   8  57   0   0   0
  66000   10000000| 35   7  58   0   0   1
  79000   11000000| 34   8  57   0   0   1
  86000   12000000| 35   7  57   0   0   1
 105000   12000000| 35   7  57   0   0   1
  93000   13000000| 36   7  56   0   0   1
  84000   13000000| 33   8  57   0   0   1
  86000   12000000| 35   8  56   0   0   1
  83000   12000000| 34   6  60   0   0   0
  78000   10000000| 35   7  57   0   0   1
  70000   11000000| 57  11  30   0   0   2
  73000   11000000| 65  11  22   0   0   1
  70000   12000000| 61  11  26   0   0   2
  81000   13000000| 62   8  28   0   0   1
  81000   14000000| 60  10  29   0   0   1
  97000   16000000| 60   9  30   0   0   1
 110000   18000000| 35  10  55   0   0   1
 104000   19000000| 32   9  57   1   0   1
 132000   22000000| 35   7  56   0   0   2
 144000   23000000| 34   9  55   0   0   2
 134000   26000000| 57  12  29   0   0   2
 154000   22000000| 65  11  22   0   0   2
 137000   24000000| 62  14  22   0   0   2
 138000   24000000| 61  11  26   0   0   1
 153000   21000000| 39   9  51   0   0   1
 134000   18000000| 35   6  58   0   0   1
 112000   18000000| 33   7  59   0   0   1
 122000   17000000| 34   7  58   0   0   1
 102000   16000000| 34   8  57   0   0   1
 101000   15000000| 35   8  54   2   0   1
  95000   14000000| 34   7  58   0   0   1
  77000   13000000| 34   7  57   0   0   1
  83000   13000000| 33   8  59   0   0   1
  80000   14000000| 33   7  60   0   0   1
  94000   13000000| 35   7  57   0   0   1
  85000   13000000| 34   8  56   1   0   1
 108000   15000000| 34   8  58   0   0   1
 101000   15000000| 34   7  59   0   0   1
 124000   18000000| 34   7  57   0   0   1
 123000   14000000| 28   6  64   0   0   1
 107000   15000000|  6   6  87   0   0   1
 110000   12000000|  6   6  86   1   0   1
  82000   13000000|  9   6  85   0   0   1
  80000 9371000|  8   7  85   0   0   1
  73000 9035000|  7   5  88   0   0   1
  63000 8981000|  7   6  87   0   0   0
  67000 9757000|  7   4  87   0   0   1
  80000   10000000|  6   7  86   1   0   0
  71000   11000000|  7   5  88   0   0   0
  91000   14000000|  9   4  87   0   0   0
 116000   12000000|  8   5  86   0   0   1
 105000   13000000|  7   7  86   0   0   0
  92000   13000000|  9   6  85   0   0   1
 114000   15000000|  7   6  86   1   0   1
  90000   12000000|  6   6  87   0   0   0
  82000   13000000|  9   5  86   0   0   1
  82000   12000000|  8   7  85   0   0   1
  82000   12000000|  8   7  84   0   0   1
  72000   11000000|  6   5  88   1   0   0
  79000   11000000|  8   6  86   0   0   1
  79000   12000000|  8   5  87   0   0   0
  69000   12000000|  7   6  87   0   0   0
  84000   10000000|  6   6  87   0   0   1
  65000   11000000|  8   6  86   0   0   0
  66000   11000000|  7   6  86   1   0   0
  74000   12000000|  7   6  87   0   0   0
  71000   12000000|  8   6  86   0   0   1
  82000   14000000|  8   6  86   0   0   1
  94000   14000000|  7   6  86   0   0   1
  95000   16000000|  8   6  86   0   0   0
  99000   15000000|  7   6  86   1   0   0
  99000   14000000|  6   7  86   0   0   1
  81000   14000000|  7   6  87   0   0   0
  82000   14000000|  8   6  85   0   0   1
  87000   14000000|  7   5  88   0   0   0
  89000   17000000|  9   8  83   0   0   1
 106000   17000000|  7   6  86   1   0   0
  97000   18000000|  8   7  85   0   0   1
 107000   19000000|  8   7  84   0   0   1
 123000   18000000|  8   6  85   0   0   0
 108000   20000000|  8   7  85   0   0   1
 110000   19000000|  8   5  86   0   0   1
 125000   19000000|  7   8  84   1   0   1
 113000   18000000|  9   6  85   0   0   1
 111000   18000000|  6   8  85   0   0   1
 114000   19000000|  7   7  85   0   0   1
 115000   18000000|  7   6  86   0   0   1
 119000   19000000|  9   7  84   0   0   1
 132000   19000000|  7   6  86   1   0   1
 123000   18000000|  6   6  87   0   0   1
 113000   18000000|  7   6  86   0   0   1
 128000   17000000|  7   6  86   0   0   1
 101000   17000000|  8   6  85   0   0   1
 112000   16000000|  7   7  84   0   0   1
 110000   13000000|  7   6  86   1   0   1
  83000   13000000|  7   6  87   0   0   1
  85000   12000000|  8   7  85   0   0   0
  87000   12000000|  6   7  86   0   0   1
  75000   12000000|  8   6  85   0   0   1
  75000   12000000|  7   6  87   0   0   1
  86000   12000000|  7   6  86   1   0   1
  72000   11000000|  8   8  85   0   0   0
  74000   12000000|  7   6  86   0   0   0
  81000   13000000|  7   5  86   0   0   1
  81000   14000000|  6   6  88   0   0   0
  87000   14000000|  8   7  84   0   0   0
  91000   14000000|  7   5  86   1   0   1
  93000   15000000|  8   5  86   0   0   1
  92000   15000000|  6   6  87   0   0   1
  95000   15000000|  8   7  84   0   0   1
  89000   16000000|  6   6  87   0   0   1
 113000   16000000|  7   7  86   0   0   1
  97000   11000000|  7   6  85   1   0   1
  68000 9495000|  8   5  87   0   0   1
  66000   10000000|  6   5  88   0   0   0
  64000   10000000|  7   5  87   0   0   0
  66000   10000000|  8   5  87   0   0   0
  71000   11000000|  7   7  85   0   0   1
  68000   11000000|  7   6  86   1   0   1
  65000 9198000|  8   5  86   0   0   1
  63000   10000000|  6   5  88   0   0   1
  67000   11000000|  7   8  85   0   0   1
  80000   13000000|  8   6  86   0   0   1
  89000   14000000|  8   5  87   0   0   1
  88000   15000000|  7   6  85   1   0   1
 100000   16000000|  6   7  87   0   0   1
 114000   18000000|  7   5  87   0   0   1
 102000   16000000|  7   7  85   0   0   0
 103000   16000000|  6   7  86   0   0   1
 100000   16000000|  6   6  86   0   0   1
  97000   16000000|  9   5  85   1   0   0
 104000   14000000|  9   6  84   0   0   1
  88000   14000000|  7   6  87   0   0   1
  82000   13000000|  7   6  87   0   0   0
  90000   13000000| 10   6  84   0   0   0
  88000   14000000|  8   6  85   1   0   1
  91000   15000000|  6   6  87   0   0   1
  98000   14000000|  8   7  85   0   0   1
 105000   15000000|  6   6  87   0   0   1
  85000   12000000|  8   6  86   0   0   1
  91000   13000000|  6   6  87   0   0   1
  78000   13000000|  8   7  83   1   0   1
  83000   13000000|  7   5  87   0   0   0
  94000   13000000|  9   5  86   0   0   0
  83000   12000000|  7   5  87   0   0   1
  76000   12000000|  8   6  85   0   0   1
  82000   13000000|  6   6  87   0   0   1
  76000   13000000|  7   5  87   1   0   1
  81000   13000000|  8   6  85   0   0   1
  84000   13000000|  6   7  87   0   0   0
  82000   15000000|  7   7  85   0   0   1
  99000   12000000|  8   7  84   0   0   1
  80000   12000000|  6   6  87   0   0   1
  80000   12000000|  8   5  86   1   0   0
  88000   12000000|  7   6  87   0   0   1
  81000   12000000|  7   7  86   0   0   0
  75000   12000000|  6   7  87   0   0   1
  83000   13000000|  7   7  86   0   0   1
  72000   12000000|  6   6  88   0   0   0
  81000   13000000|  8   5  85   1   0   0
  87000   13000000|  6   6  87   0   0   1
  78000   13000000|  7   6  87   0   0   1
  78000   12000000|  8   6  86   0   0   1
  82000   11000000|  9   6  85   0   0   0
  70000   11000000|  8   6  86   0   0   1
  84000   12000000|  6   7  86   1   0   0
  77000   11000000|  8   6  85   0   0   1
  67000   10000000|  7   6  86   0   0   1
  78000   10000000|  6   5  88   0   0   1
  74000   11000000|  7   7  86   0   0   1
  73000   11000000|  8   5  87   0   0   1
  78000   12000000|  6   6  86   1   0   1
  78000   12000000|  6   6  87   0   0   1
  82000   13000000|  7   7  85   0   0   1
  89000   13000000|  7   7  86   0   0   0
  73000   11000000|  6   7  86   0   0   0
  92000   13000000|  6   6  87   0   0   1
  86000   12000000|  9   6  83   1   0   0
  82000   14000000|  5   6  88   0   0   1
  91000   12000000|  7   7  86   0   0   1
  81000   12000000|  7   5  87   0   0   1
  70000   11000000|  8   6  85   0   0   0
  80000   13000000|  8   7  84   0   0   1
  80000   14000000|  6   5  87   1   0   1
  97000   17000000|  7   6  86   0   0   0
 112000   16000000|  8   7  84   0   0   1
 100000   16000000|  7   7  86   0   0   1
 105000   16000000|  6   6  87   0   0   0
 105000   16000000|  6   7  86   0   0   1
  94000   16000000|  8   6  85   1   0   1
 108000   16000000|  7   7  86   0   0   1
  94000   16000000|  6   6  87   0   0   0
 107000   17000000|  5   7  86   0   0   1
 115000   16000000|  8   8  84   0   0   0
 101000   16000000|  7   6  86   0   0   1
  95000   15000000|  7   7  84   1   0   1
 107000   16000000|  8   8  84   0   0   1
  98000   16000000|  7   5  87   0   0   1
 105000   16000000|  9   6  85   0   0   1
 106000   16000000|  7   6  87   0   0   0
  93000   14000000|  8   7  84   0   0   1
 102000   13000000|  6   6  87   1   0   0
  80000   12000000|  7   7  86   0   0   1
  75000   11000000|  7   5  87   0   0   1
  75000   11000000|  7   6  86   0   0   0
  67000   11000000|  7   6  87   0   0   0
  71000   11000000|  6   7  87   0   0   1
  77000   11000000|  5   7  87   1   0   0
  75000   11000000|  7   7  86   0   0   0
  91000   12000000|  7   6  88   0   0   0
  84000   12000000|  8   7  85   0   0   1
  91000   13000000|  6   5  88   0   0   1
  97000   13000000|  7   6  86   0   0   1
 102000   14000000|  9   7  83   1   0   1
  99000   14000000|  8   6  86   0   0   0
  80000   16000000|  6   6  87   0   0   0
 116000   17000000|  7   7  86   0   0   0
 120000   18000000|  7   6  87   0   0   1
 111000   16000000|  8   7  84   0   0   1
 117000   18000000|  8   7  83   1   0   1
 122000   19000000|  7   7  85   0   0   1
 108000   21000000|  8   5  86   0   0   0
 130000   18000000|  9   6  83   0   0   1
 107000   20000000|  8   6  85   0   0   1
 130000   20000000|  8   8  84   0   0   1
 118000   20000000|  7   6  85   1   0   1
 131000   21000000|  7   7  85   0   0   1
 140000   24000000|  7   7  85   0   0   1
 121000   18000000|  8   7  84   0   0   1
 128000   17000000|  6   5  88   0   0   1
 100000   16000000|  8   6  85   0   0   1
 116000   15000000|  6   7  86   1   0   0
  84000   15000000|  6   7  86   0   0   1
 107000   15000000|  7   6  86   0   0   1
  91000   14000000|  8   7  85   0   0   0
  95000   14000000|  6   7  86   0   0   0
  97000   14000000|  8   7  85   0   0   1
  86000   14000000|  8   6  85   1   0   1
  93000   13000000|  8   7  85   0   0   1
  76000   13000000|  8   7  85   0   0   0
  94000   12000000|  8   6  86   0   0   1
  81000   12000000|  5   8  86   0   0   1
  88000   13000000|  9   7  83   0   0   0
  88000   13000000|  9   7  83   1   0   1
  82000   13000000|  8   8  84   0   0   1
  86000   12000000|  7   6  86   0   0   1
  81000   14000000|  7   7  86   0   0   1
  91000   13000000|  7   8  85   0   0   1
  89000   14000000|  8   7  85   0   0   1
  91000   14000000|  7   6  85   1   0   1
  86000   13000000|  7   6  87   0   0   0
  95000   13000000|  7   7  85   0   0   1
  91000   12000000|  9   6  85   0   0   0
  79000   13000000|  8   8  84   0   0   1
  83000   12000000|  7   7  86   0   0   0
  84000   12000000|  6   7  85   1   0   1
  68000   12000000|  7   7  85   0   0   1
  88000   13000000|  7   7  85   0   0   1
  83000   14000000|  7   6  87   0   0   0
  95000   15000000|  8   8  83   0   0   0
 105000   16000000|  8   8  83   0   0   1
  96000   16000000|  6   7  85   1   0   0
 104000   16000000|  7   9  83   0   0   1
 101000   17000000|  9   9  82   0   0   0
 109000   16000000|  8   9  83   0   0   1
 103000   17000000|  7   8  85   0   0   0
 108000   17000000|  8   5  86   0   0   1
 105000   15000000|  7   8  83   1   0   1
  94000   16000000|  6   6  87   0   0   1
 106000   16000000|  8   7  84   0   0   1
  97000   17000000|  8   9  81   0   0   1
 108000   17000000|  7   8  84   0   0   1
 104000   19000000|  9   9  81   0   0   1
 121000   18000000|  8   9  81   1   0   1
 117000   19000000|  7   9  83   0   0   1
 123000   20000000|  7   8  84   0   0   1
 141000   20000000|  8  10  81   0   0   1
 121000   20000000|  8  13  78   0   0   1
 154000   22000000|  7   8  83   0   0   1
 123000   22000000|  9  10  80   1   0   1
 148000   23000000|  6  10  82   0   0   1
 148000   20000000|  8  10  81   0   0   1
 126000   20000000|  8  10  82   0   0   0
 132000   20000000|  9   9  81   0   0   1
 120000   19000000| 16  11  72   0   0   1
 119000   17000000| 34  11  53   0   0   2
 123000   16000000| 34  15  50   0   0   1
 112000   14000000| 34  10  55   0   0   1
  92000   14000000| 35   9  54   0   0   2
  99000   11000000| 34   9  57   0   0   1
  70000   11000000| 35   9  56   0   0   1
  79000   11000000| 33   8  57   1   0   1
  72000   11000000| 35   7  58   0   0   1
  78000   11000000| 34   7  58   0   0   1
  71000   12000000| 34   7  59   0   0   1
  80000   12000000| 33   7  59   0   0   1
  90000   13000000| 34   7  57   0   0   2
  82000   14000000| 34  11  53   1   0   2
 100000   15000000| 34  11  54   0   0   1
  88000   16000000| 35  11  54   0   0   1
 119000   17000000| 33   7  59   0   0   1
 107000   18000000| 33   8  59   0   0   1
 134000   20000000| 30   8  60   1   0   1
 121000   20000000|  6   6  88   0   0   1
 116000   21000000|  8   7  85   0   0   1
 138000   18000000| 22   7  70   0   0   1
  94000   15000000| 32   7  59   0   0   2
 103000   16000000| 33   9  58   0   0   1
 102000   15000000| 32   8  57   1   0   2
  92000   18000000| 35   7  57   0   0   2
 116000   20000000| 35   7  56   0   0   1
 130000   24000000| 34   8  57   0   0   1
 168000   29000000| 34   8  57   0   0   1
 209000   30000000| 34   9  54   1   0   2
 218000   30000000| 35   9  55   0   0   1
 196000   27000000| 34   8  57   0   0   2
 157000   27000000| 34   8  56   0   0   2
 176000   23000000| 35   6  58   0   0   2
 140000   22000000| 35   7  56   0   0   2
 132000   20000000| 34   7  57   1   0   2
 115000   22000000| 35   8  56   0   0   1
 135000   22000000| 34   8  57   0   0   1
 121000   22000000| 34   7  57   0   0   2
 136000   22000000| 33   8  57   0   0   2
 129000   23000000| 33   8  57   0   0   2
 143000   22000000| 34   8  56   1   0   2
 156000   21000000| 35   7  58   0   0   1
 114000   20000000| 33   8  58   0   0   1
 145000   23000000| 33   8  59   0   0   1
 137000   23000000|  7   6  86   0   0   1
 155000   20000000|  7   7  85   0   0   1
 116000   18000000|  7   6  86   1   0   1
 118000   19000000|  7   5  87   0   0   1
 130000   17000000|  7   6  86   0   0   1
 115000   16000000|  7   6  86   0   0   0
 110000   15000000|  7   5  88   0   0   1
 102000   14000000|  6   6  86   1   0   1
 104000   14000000|  6   7  87   0   0   1
 100000   14000000|  8   6  85   0   0   1
 107000   15000000|  7   5  87   0   0   0
  96000   16000000|  9   6  85   0   0   1
 118000   16000000|  6   5  88   0   0   1
  99000   14000000|  7   6  86   1   0   0
 108000   15000000|  7   5  87   0   0   1
  90000   13000000|  8   6  85   0   0   1
 102000   16000000|  6   6  88   0   0   1
  94000   17000000|  7   7  85   0   0   1
 122000   17000000|  7   5  88   0   0   0
  94000   15000000|  7   6  85   1   0   1
 100000   17000000|  7   5  88   0   0   0
 110000   15000000|  7   6  87   0   0   0
  89000   12000000|  8   5  87   0   0   0
  80000 9569000|  8   5  87   0   0   1
  65000 9529000|  6   7  87   0   0   1
  59000 9268000|  7   5  87   1   0   0
  65000   10000000|  7   6  86   0   0   1
  71000   10000000|  6   6  88   0   0   1
  66000   11000000|  7   6  86   0   0   0
  76000   11000000|  8   5  87   0   0   0
  73000   12000000|  8   6  86   0   0   0
  79000   13000000|  7   6  86   1   0   0
  87000   14000000|  7   7  86   0   0   1
  94000   16000000| 19   6  74   0   0   0
 112000   19000000| 33   9  57   0   0   1
 127000   18000000| 33   9  56   0   0   2
 120000   18000000| 33   8  58   0   0   2
 113000   19000000| 33   8  57   1   0   1
 117000   18000000| 34   8  57   0   0   1
 109000   19000000| 34   7  58   0   0   1
 109000   20000000| 33   9  57   0   0   1
 138000   19000000| 33   8  58   0   0   2
 112000   20000000| 34   8  58   0   0   1
 121000   21000000| 33   6  59   1   0   1
 138000   18000000| 34   7  57   0   0   2
  92000   17000000| 35   6  58   0   0   1
 107000   16000000| 59  11  28   0   0   1
  96000   16000000| 62  12  25   0   0   2
  99000   16000000| 63  11  24   0   0   2
  99000   17000000| 62  11  25   0   0   2
 113000   18000000| 63  10  26   0   0   2
 111000   18000000| 63  12  24   0   0   2
 108000   16000000| 61  11  26   0   0   2
 117000   17000000| 64  11  23   0   0   2
 103000   16000000| 64  10  24   1   0   1
 108000   18000000| 61   9  27   0   0   2
 130000   18000000| 61  13  23   0   0   2
 107000   17000000| 64  10  25   0   0   2
 112000   15000000| 64  10  24   0   0   2
  93000   14000000| 61  11  26   0   0   2
  80000   13000000| 61   9  28   0   0   2
  93000   15000000| 63  12  24   0   0   1
 103000   15000000| 64  11  23   0   0   2
  96000   14000000| 63  11  25   0   0   1
  88000   15000000| 64  12  23   0   0   1
 105000   16000000| 62  16  20   0   0   1
  94000   14000000| 61  17  19   1   0   2
  92000   14000000| 61  12  25   0   0   2
  93000   15000000| 63  11  24   0   0   2
  88000   14000000| 64  13  23   0   0   1
  85000   15000000| 62  12  25   0   0   1
  96000   15000000| 59  10  29   0   0   2
  91000   16000000| 42   9  47   1   0   2
  97000   16000000| 33   7  59   0   0   1
 100000   17000000| 56   9  33   0   0   2
 100000   19000000| 62  12  24   0   0   2
 121000   17000000| 79  10   9   0   0   2
 101000   18000000| 77  10  10   0   0   3
 107000   18000000| 78  10   9   0   0   2
 123000   16000000| 78  10  10   0   0   3
 109000   17000000| 79   9  10   0   0   2
 101000   17000000| 78  10  10   0   0   3
 116000   17000000| 65  13  21   0   0   1
 107000   17000000| 78   9  11   0   0   2
 100000   14000000| 79   9   9   1   0   2
  93000   13000000| 79   9  11   0   0   1
  70000   12000000| 57  10  32   0   0   1
  72000   12000000| 59  11  29   0   0   1
  83000   13000000| 57   8  33   0   0   2
  90000   13000000| 56   8  35   0   0   1
  88000   14000000| 56   7  34   2   0   1
 110000   15000000| 59  10  29   0   0   2
  97000   15000000| 49   7  43   0   0   1
 117000   17000000| 46   8  43   0   0   2
 127000   17000000| 60   8  30   0   0   2
 101000   16000000| 59   9  31   0   0   2
  93000   15000000| 36   8  55   1   0   1
 107000   16000000| 34   7  58   0   0   1
 127000   13000000| 58  13  27   0   0   2
  95000   11000000| 60   9  29   0   0   2
  99000   12000000| 60  11  28   0   0   2
  80000   11000000| 61  10  27   1   0   1
  76000   11000000| 61  11  26   0   0   2
 108000   13000000| 62  10  26   0   0   2
 108000   13000000| 59  12  26   0   0   2
 105000   13000000| 59  10  29   0   0   2
 112000   15000000| 62  10  27   0   0   2
 100000   14000000| 61  10  27   1   0   2
 102000   14000000| 59  12  27   0   0   2
  88000   14000000| 62   9  28   0   0   1
  94000   15000000| 61  10  28   0   0   2
  92000   13000000| 60  10  28   0   0   2
  84000   14000000| 58   9  32   0   0   2
  83000   15000000| 57   7  34   1   0   1
 104000   16000000| 35   7  57   0   0   1
 102000   16000000| 30   6  63   0   0   1
 109000   18000000| 31   7  62   0   0   1
 124000   18000000| 15   6  78   0   0   1
 119000   18000000| 28   7  64   0   0   2
 104000   17000000| 31   7  59   1   0   1
 115000   16000000| 31   6  63   0   0   1
  77000   14000000| 31   8  60   0   0   1
  91000   14000000| 31   5  63   0   0   0
  85000   15000000| 31   8  60   0   0   1
 102000   13000000| 31   6  62   1   0   1
  95000   12000000| 32   6  60   0   0   1
  92000   13000000| 31   6  62   0   0   1
  96000   15000000| 31   6  62   0   0   1
 135000   17000000| 31   7  61   0   0   1
 133000   18000000| 32   7  60   0   0   1
 137000   21000000| 32   6  59   1   0   2
 145000   19000000| 33   6  60   0   0   1
 136000   17000000| 31   7  60   0   0   1
 115000   15000000| 32   6  61   0   0   1
  85000   13000000| 31   6  62   0   0   1
  82000   13000000| 30   7  61   0   0   1
  78000   12000000| 32   5  62   1   0   1
  83000   11000000| 31   6  62   0   0   1
  85000   11000000| 32   6  62   0   0   0
  70000   10000000| 32   5  62   0   0   1
  80000   11000000| 30   5  64   0   0   1
  63000   10000000| 32   5  63   0   0   0
  72000   11000000| 31   6  62   1   0   1
  69000   11000000| 31   4  64   0   0   1
  72000   10000000| 31   5  64   0   0   0
  67000   10000000| 29   6  65   0   0   1
  60000   11000000| 25   7  68   0   0   1
  78000   11000000|  6   5  89   0   0   1
  69000   11000000|  5   5  89   1   0   1
  72000   10000000|  6   5  90   0   0   0
  73000   11000000|  5   5  90   0   0   0
  69000   13000000|  6   6  88   0   0   1
  89000   15000000|  5   6  89   0   0   0
 100000   17000000|  3   6  90   0   0   1
 103000   18000000|  6   5  88   1   0   0
 131000   17000000|  6   5  89   0   0   1
 100000   18000000|  6   6  88   0   0   1
 118000   18000000|  5   6  88   0   0   1
 118000   19000000| 21   7  71   0   0   1
 116000   19000000| 32   7  60   0   0   1
 125000   18000000| 32   6  60   1   0   2
 100000   17000000| 31   8  60   0   0   1
 109000   18000000| 30   7  61   0   0   1
 114000   13000000| 31   6  62   0   0   1
  87000   14000000| 32   6  61   0   0   1
  91000   13000000| 31   7  61   0   0   1
 102000   15000000| 30   7  60   1   0   2
  94000   14000000| 29   7  62   0   0   1
 107000   14000000| 31   6  62   0   0   1
  96000   14000000| 31   6  63   0   0   1
  85000   15000000| 32   6  60   0   0   1
  98000   14000000| 31   6  61   0   0   1
  87000   14000000| 31   6  61   1   0   1
  81000   13000000| 32   6  61   0   0   1
  94000   13000000| 31   6  62   0   0   1
  72000   12000000| 32   6  61   0   0   1
  88000   13000000| 31   6  62   0   0   1
  84000   14000000| 31   6  61   0   0   2
  93000   15000000| 31   6  61   0   0   1
 102000   14000000| 31   6  62   0   0   2
  86000   13000000| 31   8  60   0   0   1
  94000   13000000| 32   5  62   0   0   1
  85000   13000000| 31   6  62   0   0   1
  90000   13000000| 33   6  60   0   0   1
  88000   13000000| 32   5  61   1   0   1
  90000   14000000| 32   5  63   0   0   1
  86000   15000000| 31   7  62   0   0   1
 100000   12000000| 30   6  63   0   0   1
  79000   12000000| 32   5  63   0   0   1
  75000   12000000| 31   6  62   0   0   1
  87000   12000000| 31   7  61   1   0   1
  84000   13000000| 31   6  62   0   0   2
  79000   13000000| 31   5  63   0   0   1
  99000   12000000| 31   5  63   0   0   1
  73000   13000000| 32   6  62   0   0   1
  92000   14000000| 32   8  60   0   0   1
  88000   14000000| 31   6  61   1   0   1
  83000   13000000| 30   7  62   0   0   1
  83000   14000000| 31   5  62   0   0   1
  88000   15000000| 31   5  63   0   0   1
 102000   16000000| 24   7  68   0   0   1
  92000   17000000|  5   5  89   0   0   1
 123000   17000000|  4   5  88   1   0   1
  90000   15000000|  5   5  89   0   0   1
 102000   16000000|  4   6  89   0   0   1
 116000   18000000|  5   5  89   0   0   1
 114000   19000000|  6   6  88   0   0   1
 128000   19000000|  6   5  88   0   0   1
 118000   22000000|  5   6  88   1   0   1
 150000   22000000|  5   6  88   0   0   1
 134000   20000000|  5   5  89   0   0   1
 143000   17000000|  7   5  88   0   0   1
  99000   15000000|  5   5  89   0   0   1
 112000   17000000|  5   5  89   0   0   1
 113000   17000000|  5   6  88   1   0   1
 128000   16000000|  5   6  89   0   0   1
  91000   14000000|  5   5  89   0   0   1
  96000   15000000|  4   5  89   0   0   1
 115000   17000000|  6   7  87   0   0   1
 115000   17000000|  6   5  89   0   0   1
 100000   14000000|  6   5  88   1   0   0
  97000   15000000|  5   4  90   0   0   1
 107000   16000000|  6   6  89   0   0   0
 100000   15000000|  5   6  88   0   0   1
 104000   14000000|  6   6  88   0   0   0
 104000   12000000|  5   6  88   0   0   1
  72000   12000000|  6   5  88   1   0   1
  79000   13000000|  6   6  88   0   0   0
  87000   13000000|  5   5  89   0   0   1
  80000   12000000|  5   5  89   0   0   1
  80000   12000000|  5   6  88   0   0   1
  78000   12000000|  6   5  89   0   0   1
  87000   12000000|  6   6  87   1   0   0
  73000   12000000|  5   5  89   0   0   1
  83000   13000000|  5   4  91   0   0   1
  90000   14000000|  5   5  89   0   0   1
  96000   14000000|  5   6  88   0   0   1
  99000   12000000|  5   6  89   0   0   0
  74000   13000000|  5   5  89   1   0   0
  88000   13000000|  7   4  89   0   0   0
  78000   13000000|  7   6  87   0   0   1
  89000   14000000|  6   5  89   0   0   0
  78000   13000000|  5   5  90   0   0   1
  88000   10000000|  5   6  89   0   0   1
  62000   10000000|  6   6  88   1   0   0
  81000   11000000|  6   5  88   0   0   0
  67000   10000000|  6   5  88   0   0   1
  78000   10000000|  4   5  90   0   0   0
  73000   10000000|  6   5  89   0   0   0
  70000   11000000|  7   5  88   0   0   1
  83000   11000000|  6   4  88   1   0   1
  72000   11000000|  6   5  89   0   0   1
  79000   12000000|  5   7  88   0   0   1
  72000   13000000|  6   6  87   0   0   1
  84000   14000000|  6   5  88   0   0   1
  98000   17000000|  5   5  90   0   0   1
 111000   18000000|  6   5  87   1   0   1
 117000   19000000|  6   4  89   0   0   1
 127000   19000000|  7   7  86   0   0   0
 106000   23000000|  5   5  89   0   0   1
 153000   25000000|  5   5  89   0   0   1
 139000   19000000|  6   6  88   0   0   1
 117000   16000000|  6   6  86   1   0   1
 119000   16000000|  4   6  88   0   0   1
 100000   14000000|  6   6  88   0   0   0
  91000   14000000|  6   5  88   0   0   1
  94000   14000000|  6   5  89   0   0   0
  92000   12000000|  5   5  89   0   0   0
  85000   12000000|  5   5  88   1   0   0
  71000   13000000|  4   5  91   0   0   0
  89000   11000000|  6   4  90   0   0   0
  95000   11000000|  6   5  89   0   0   0
  70000   12000000|  4   4  91   0   0   1
  88000   13000000|  4   6  89   0   0   1
  73000   13000000|  7   5  87   1   0   1
  90000   13000000|  7   6  88   0   0   0
  85000   14000000|  6   5  88   0   0   1
  91000   14000000|  6   6  88   0   0   1
  90000   14000000|  5   6  89   0   0   0
  82000   14000000|  7   4  89   0   0   1
  84000   15000000|  7   5  87   1   0   1
  96000   16000000|  5   6  89   0   0   1
  87000   17000000|  6   5  89   0   0   1
 116000   20000000|  7   5  88   0   0   0
 130000   21000000|  5   6  89   0   0   0
 119000   22000000|  7   6  86   0   0   1
 160000   22000000|  6   6  87   1   0   1
 139000   21000000|  6   5  88   0   0   1
 122000   20000000|  7   5  88   0   0   1
 111000   19000000|  7   6  86   0   0   1
 121000   18000000|  6   5  88   0   0   1
 101000   17000000|  7   6  88   0   0   0
 108000   18000000|  6   6  87   1   0   0
 119000   17000000|  5   5  89   0   0   1
 102000   16000000|  5   5  89   0   0   1
  98000   15000000|  5   5  89   0   0   1
  92000   14000000|  6   6  89   0   0   0
  80000   14000000|  5   5  89   0   0   1
  97000   13000000|  6   5  87   1   0   0
  87000   12000000|  7   4  89   0   0   1
  78000   12000000|  6   5  89   0   0   1
  77000   10000000|  7   5  88   0   0   1
  77000   11000000|  6   6  88   0   0   1
  72000   11000000|  6   6  88   0   0   0
  77000   12000000|  6   5  87   1   0   1
  77000   11000000|  6   6  88   0   0   0
  68000   11000000|  7   4  88   0   0   1
  73000   11000000|  5   5  90   0   0   0
  75000   11000000|  5   5  89   0   0   1
  68000   12000000|  6   5  89   0   0   1
  86000   13000000|  6   7  87   1   0   0
  81000   12000000|  5   5  89   0   0   1
  76000   13000000|  5   6  89   0   0   1
  84000   13000000|  5   5  89   0   0   1
  90000   11000000|  6   4  89   0   0   1
  60000 9833000| 28   5  66   0   0   1
  65000 9919000| 31   7  61   1   0   1
  68000   10000000| 31   6  63   0   0   1
  61000 9814000| 32   5  62   0   0   1
  62000 9433000| 31   5  63   0   0   1
  67000   10000000| 32   5  62   0   0   1
  70000   12000000| 31   5  63   0   0   2
  82000   13000000| 32   5  61   1   0   1
  82000   13000000| 31   5  63   0   0   1
  82000   15000000| 31   6  62   0   0   1
  95000   16000000| 32   6  61   0   0   1
 119000   18000000| 31   8  60   0   0   2
 115000   18000000| 31   7  61   0   0   1
 125000   21000000| 31   7  60   1   0   1
 136000   19000000| 32   6  61   0   0   2
 110000   15000000| 31   5  62   0   0   2
 104000   15000000| 32   5  61   0   0   1
  94000   15000000| 31   6  63   0   0   1
 100000   16000000| 31   6  62   0   0   1
  99000   16000000| 31   6  61   1   0   1
 116000   16000000| 31   5  63   0   0   1
  87000   13000000| 32   6  62   0   0   1
  82000   12000000| 31   6  63   0   0   1
  81000   13000000| 32   4  64   0   0   1
  75000   13000000| 31   7  61   0   0   1
  81000   14000000| 30   5  62   2   0   1
  91000   13000000| 31   6  62   0   0   1
  73000   14000000| 30   6  64   0   0   0
  87000   13000000|  9   7  84   0   0   1
  95000   14000000|  5   6  89   0   0   1
  82000   14000000|  6   4  88   2   0   0
  92000   14000000|  5   5  89   0   0   1
  94000   14000000|  6   6  88   0   0   0
  88000   14000000|  5   6  89   0   0   1
 104000   15000000|  5   4  90   0   0   0
  99000   16000000|  5   5  89   0   0   1
  97000   17000000|  5   6  87   1   0   0
 112000   19000000|  7   6  86   0   0   1
 142000   20000000|  6   5  88   0   0   1
 134000   19000000|  7   5  88   0   0   0
 124000   16000000|  5   5  90   0   0   0
 132000   17000000|  5   6  88   0   0   1
 118000   12000000|  4   5  89   1   0   1
  78000   12000000|  5   6  89   0   0   0
  73000   11000000|  6   6  88   0   0   0
  71000   12000000|  5   4  89   0   0   1
  81000   13000000| 27   7  65   0   0   1
  93000   14000000| 31   6  62   0   0   1
  88000   15000000| 31   6  61   1   0   1
 104000   18000000| 31   6  62   0   0   1
 123000   17000000| 31   6  61   0   0   1
 105000   17000000| 31   7  62   0   0   1
 118000   20000000| 32   6  61   0   0   1
 147000   19000000| 30   7  62   0   0   1
 121000   18000000| 31   6  61   1   0   1
 117000   16000000| 31   6  63   0   0   1
 103000   16000000| 31   7  61   0   0   1
  97000   16000000| 31   6  62   0   0   1
  97000   15000000| 31   5  63   0   0   2
 104000   16000000| 32   6  61   0   0   1
 106000   17000000| 30   6  62   1   0   1
 105000   17000000| 31   7  62   0   0   1
 115000   16000000| 31   7  62   0   0   1
  96000   16000000| 31   5  62   0   0   1
  94000   16000000| 31   6  62   0   0   1
 107000   15000000| 30   7  62   0   0   2
  86000   12000000| 31   6  61   1   0   1
  78000   11000000| 30   6  63   0   0   1
  73000   11000000| 32   5  63   0   0   0
  68000   10000000| 30   6  62   0   0   2
  68000   10000000| 32   5  62   0   0   1
  71000   11000000| 31   5  63   0   0   1
  68000   11000000| 31   6  61   1   0   1
  77000   11000000| 29   7  63   0   0   1
  84000   11000000| 30   6  64   0   0   0
  67000   11000000| 31   5  63   0   0   1
  81000   13000000| 31   6  63   0   0   0
  93000   15000000| 30   4  66   0   0   1
 114000   15000000| 29   6  64   1   0   1
 107000   15000000|  4   5  90   0   0   1
 100000   15000000|  4   5  90   0   0   1
 111000   16000000|  5   6  88   0   0   1
 109000   15000000|  4   5  90   0   0   0
  98000   14000000|  4   6  90   0   0   1
  95000   15000000|  5   5  89   1   0   0
  81000   14000000|  6   6  88   0   0   1
  74000   14000000|  4   4  91   0   0   0
  92000   14000000|  5   5  90   0   0   0
  94000   15000000|  5   5  90   0   0   1
 101000   15000000|  5   5  90   0   0   0
 107000   17000000|  5   6  87   1   0   1
 118000   17000000|  5   6  89   0   0   1
 114000   20000000|  6   6  88   0   0   0
 170000   22000000|  5   5  89   0   0   1
 150000   16000000|  6   5  89   0   0   1
  89000   13000000|  5   5  90   0   0   0
  99000   16000000|  5   5  88   1   0   1
  94000   18000000|  4   6  90   0   0   0
 113000   16000000|  5   7  88   0   0   1
 115000   18000000|  6   4  90   0   0   0
 106000   18000000|  6   5  89   0   0   1
 121000   19000000|  5   7  87   1   0   0
  93000   18000000|  5   6  89   0   0   0
 119000   19000000|  6   5  88   0   0   1
 116000   20000000|  6   5  88   0   0   1
 128000   21000000|  6   6  88   0   0   0
 137000   21000000|  6   4  89   0   0   1
 133000   21000000|  7   6  85   1   0   1
 152000   19000000|  5   6  88   0   0   1
 118000   18000000|  5   5  90   0   0   0
 121000   17000000|  7   5  88   0   0   0
  92000   16000000|  4   6  89   0   0   0
 111000   15000000|  4   5  90   0   0   1
  96000   15000000|  5   4  90   1   0   0
 109000   14000000|  5   5  90   0   0   0
  83000   13000000|  5   5  89   0   0   1
  94000   13000000|  6   5  89   0   0   1
  82000   13000000|  6   6  87   0   0   0
  98000   13000000|  5   5  89   0   0   0
  86000   12000000|  6   5  87   1   0   1
  83000   12000000|  5   4  91   0   0   0
  74000   11000000|  6   4  90   0   0   0
  78000   12000000|  6   5  89   0   0   1
  82000   12000000|  5   5  90   0   0   1
  69000   12000000|  5   6  89   0   0   0
  80000   13000000|  5   6  88   1   0   1
  77000   14000000|  5   6  88   0   0   1
  97000   14000000|  5   5  89   0   0   0
  85000   15000000|  5   5  89   0   0   1
  97000   14000000|  5   5  90   0   0   1
  84000   15000000|  7   4  88   0   0   0
  99000   16000000|  6   4  88   1   0   1
  96000   14000000|  6   6  87   0   0   0
  97000   15000000|  5   5  89   0   0   1
  97000   12000000|  5   7  88   0   0   1
  75000   13000000|  5   7  88   0   0   1
  89000   13000000|  6   5  89   0   0   0
  78000   14000000|  5   5  88   1   0   1
  91000   15000000|  6   6  88   0   0   1
  86000   14000000|  6   6  88   0   0   1
  96000   15000000|  5   5  90   0   0   1
  93000   15000000|  6   5  89   0   0   1
 108000   15000000|  6   5  88   0   0   1
 113000   17000000|  5   5  89   1   0   1
 109000   21000000|  5   6  89   0   0   1
 148000   23000000|  7   6  86   0   0   1
 135000   21000000|  7   5  87   0   0   1
 138000   21000000|  6   5  89   0   0   0
 146000   20000000| 27   7  64   0   0   2
 103000   15000000| 30   7  61   1   0   1
 108000   16000000| 31   8  61   0   0   1
  91000   17000000| 31   5  63   0   0   1
 112000   16000000| 30   6  63   0   0   1
 109000   17000000| 32   4  63   0   0   1
 104000   19000000| 31   7  61   0   0   1
 144000   21000000| 31   6  60   1   0   2
 126000   21000000| 31   7  61   0   0   1
 126000   23000000| 31   6  62   0   0   1
 147000   22000000| 31   7  61   0   0   2
 160000   17000000| 31   6  62   0   0   1
 109000   15000000| 31   5  63   0   0   1
  91000   14000000| 32   5  61   1   0   1
 107000   15000000| 32   5  63   0   0   1
  91000   15000000| 31   5  63   0   0   1
  93000   15000000| 30   6  63   0   0   1
  89000   12000000| 30   6  63   0   0   1
  90000   11000000| 29   4  66   0   0   1
  72000   11000000| 30   5  64   1   0   1
  73000   11000000| 14   6  79   0   0   0
  70000   11000000|  5   5  90   0   0   0
  69000   12000000|  5   4  91   0   0   1
  72000   12000000|  6   5  89   0   0   1
  84000   11000000|  5   4  91   0   0   0
  69000   11000000|  4   6  89   1   0   0
  79000   10000000|  5   5  90   0   0   0
  68000   10000000|  5   4  91   0   0   0
  71000   11000000|  4   5  91   0   0   1
  68000   11000000|  5   6  90   0   0   0
  79000   13000000|  5   4  91   0   0   1
  74000 9774000|  5   6  87   1   0   1
  61000 8666000|  5   5  90   0   0   1
  64000 9559000|  6   4  89   0   0   1
  62000   10000000|  5   5  89   0   0   1
  65000   10000000|  6   5  89   0   0   0
  68000   11000000|  5   5  89   0   0   1
  75000   13000000| 16   6  77   1   0   0
 109000   14000000| 30   5  63   0   0   1
 140000   18000000| 30   6  64   0   0   1
  94000   16000000| 31   6  63   0   0   1
 106000   18000000| 30   5  63   0   0   1
 119000   20000000| 32   5  62   0   0   1
 117000   20000000| 31   7  60   1   0   1
 128000   19000000| 30   7  62   0   0   1
 115000   18000000| 31   6  62   0   0   2
 110000   18000000| 30   6  63   0   0   1
  97000   15000000| 31   5  63   0   0   1
 107000   17000000| 31   5  63   0   0   1
 106000   18000000| 30   7  61   1   0   1
 107000   18000000| 31   7  62   0   0   1
 115000   18000000| 30   6  63   0   0   1
 107000   18000000| 31   5  63   0   0   1
 111000   17000000| 30   6  62   0   0   1
 114000   19000000| 30   5  63   0   0   1
 117000   18000000| 31   7  61   1   0   1
 109000   17000000| 31   6  62   0   0   1
 113000   16000000| 31   6  62   0   0   1
  99000   17000000| 31   6  62   0   0   2
 108000   17000000| 31   7  61   0   0   1
 120000   15000000| 31   6  62   0   0   1
  90000   15000000| 31   5  62   1   0   1
 104000   16000000| 30   5  64   0   0   1
 106000   14000000| 30   5  64   0   0   1
  88000   13000000| 24   7  68   0   0   1
  91000   13000000| 30   5  63   0   0   1
  87000   13000000| 31   5  64   0   0   1
  81000   14000000| 29   8  61   1   0   1
  88000   14000000| 30   6  62   0   0   1
  93000   15000000| 30   6  63   0   0   1
  93000   15000000| 29   6  63   0   0   1
  92000   14000000| 30   7  63   0   0   1
  93000   15000000| 28   3  68   0   0   1
  86000   15000000| 29   2  68   1   0   1
  98000   14000000| 29   3  68   0   0   1
  93000   15000000| 29   2  68   0   0   1
  95000   17000000| 29   2  68   0   0   1
 114000   17000000| 29   3  67   0   0   1
 139000   18000000| 29   2  69   0   0   0
 127000   18000000| 29   3  67   1   0   1
 124000   19000000| 29   3  68   0   0   1
 122000   18000000| 48   5  47   0   0   1
  93000   14000000| 57   5  37   0   0   1
  90000   14000000| 58   6  35   0   0   1
  93000   13000000| 58   3  38   0   0   1
  78000   13000000| 58   4  37   1   0   1
  87000   13000000| 56   6  37   0   0   2
  91000   14000000| 57   4  38   0   0   1
  85000   13000000| 57   5  37   0   0   1
  81000   12000000| 58   5  37   0   0   1
  82000   13000000| 59   3  38   0   0   1
  76000   13000000| 58   4  37   0   0   0
  78000   11000000| 57   4  38   0   0   1
  76000   12000000| 57   5  36   0   0   1
  75000   12000000| 56   4  38   0   0   2
  73000   11000000| 58   4  38   0   0   0
  83000   12000000| 57   4  38   0   0   2
  71000   12000000| 58   5  35   1   0   1
  83000   14000000| 57   4  38   0   0   1
  91000   14000000| 56   4  38   0   0   2
  98000   16000000| 59   5  35   0   0   1
 107000   19000000| 57   5  37   0   0   1
 127000   22000000| 55   5  39   0   0   1
 118000   19000000| 37   3  59   1   0   0
 110000   16000000| 37   4  58   0   0   1
 113000   19000000| 55   4  40   0   0   1
 118000   20000000| 54   4  41   0   0   2
 114000   17000000| 53   3  43   0   0   1
 127000   19000000| 42   4  51   1   0   1
 122000   21000000| 29   2  69   0   0   0
 114000   20000000| 38   3  59   0   0   1
 134000   19000000| 55   5  40   0   0   1
 110000   18000000| 29   2  68   0   0   1
 105000   19000000| 49   5  45   0   0   2
 110000   17000000| 55   3  40   1   0   1
  97000   16000000| 55   4  40   0   0   1
  91000   17000000| 56   4  40   0   0   1
 102000   18000000| 55   5  39   0   0   1
 109000   20000000| 55   4  40   0   0   1
  97000   16000000| 55   6  38   0   0   1
 105000   18000000| 55   4  39   1   0   2
 103000   19000000| 56   4  40   0   0   0
 101000   17000000| 49   4  46   0   0   1
 111000   16000000| 35   3  61   0   0   1
  96000   18000000| 34   3  62   0   0   1
  90000   14000000| 27   2  70   0   0   1
  83000   14000000| 27   1  70   2   0   0
  69000   12000000| 27   2  71   0   0   0
  64000   10000000| 27   2  71   0   0   0
  67000   11000000| 27   1  73   0   0   0
  58000   11000000| 27   2  71   0   0   0
  66000   12000000| 30   1  69   0   0   0
  73000   12000000| 39   4  56   1   0   1
  67000   13000000| 26   2  72   0   0   0
  77000   12000000| 27   1  72   0   0   1
  55000 9343000| 26   1  72   0   0   0
  61000   10000000| 27   1  72   0   0   0
  78000   10000000| 26   2  72   0   0   0
  70000   11000000| 27   1  71   1   0   0
  79000   12000000| 26   1  72   0   0   1
  88000   10000000| 27   2  71   0   0   0
  66000   10000000| 27   1  71   0   0   0
  64000   11000000| 27   1  72   0   0   0
  76000   13000000| 26   2  71   1   0   0
  77000   14000000| 27   2  71   0   0   0
  88000   15000000| 27   1  71   0   0   1
  89000   13000000| 27   2  72   0   0   0
  67000   11000000| 27   1  72   0   0   0
  67000   12000000| 27   3  71   0   0   0
  78000   13000000| 27   1  71   1   0   0
  75000   13000000| 27   2  70   0   0   0
  81000   15000000| 27   2  71   0   0   0
  89000   14000000| 26   1  72   0   0   0
  90000   16000000| 27   2  71   0   0   0
  93000   16000000| 21   2  77   0   0   0
 101000   16000000|  1   2  96   1   0   0
  95000   16000000|  1   1  98   0   0   0
  77000   15000000|  2   1  97   0   0   0
  89000   13000000|  2   1  98   0   0   0
  81000   13000000|  1   1  97   0   0   0
  63000   11000000|  2   0  96   2   0   0
  78000   13000000|  2   2  97   0   0   0
  82000   14000000|  2   1  97   0   0   0
  76000   14000000|  1   1  98   0   0   0
  89000   14000000|  2   1  97   0   0   0
  85000   13000000|  2   1  97   0   0   0
  66000   10000000|  2   1  97   1   0   0
  77000   10000000|  2   1  97   0   0   0
  63000   10000000|  2   1  97   0   0   0
  68000   11000000|  2   2  97   0   0   0
  68000 9410000|  2   2  97   0   0   0
  59000 9780000|  1   2  97   0   0   0
  58000 8963000|  2   1  96   1   0   0
  62000 8493000|  9   2  89   0   0   0
  51000 8490000| 25   1  73   0   0   0
  56000 8629000| 27   1  72   0   0   0
  60000 9231000| 26   1  72   0   0   0
  64000   10000000| 26   1  72   0   0   0
  63000   10000000| 26   2  71   1   0   0
  71000 9170000| 26   1  73   0   0   0
  62000 9034000| 26   1  73   0   0   0
  55000 6795000| 26   1  72   0   0   0
  44000 7296000| 26   1  73   0   0   0
  42000 7012000| 26   1  73   0   0   0
  43000 7022000| 26   1  72   1   0   0
  46000 7326000| 26   1  73   0   0   0
  47000 6766000| 26   1  73   0   0   1
  43000 7010000| 27   1  73   0   0   0
  48000 6526000| 26   1  73   0   0   0
  41000 6828000| 25   1  73   0   0   1
  42000 7654000| 26   1  71   1   0   0
  47000 8002000| 26   1  72   0   0   1
  52000 9661000| 26   2  72   0   0   0
  60000   10000000| 26   1  72   0   0   0
  57000 8779000| 26   1  73   0   0   1
  60000 9108000| 26   1  73   0   0   1
  50000 8079000| 26   2  71   1   0   1
  55000 9243000| 26   1  73   0   0   0
  62000 9694000| 26   1  72   0   0   1
  56000 9307000| 26   1  73   0   0   1
  59000 8757000| 26   1  73   0   0   0
  54000 8929000| 29   1  70   0   0   0
  51000 9188000| 52   3  43   1   0   1
  62000 9929000| 53   2  45   0   0   1
  57000 9566000| 52   3  45   0   0   1
  64000   11000000| 52   3  45   0   0   1
  78000   12000000| 51   2  46   0   0   1
  62000 9521000| 39   3  57   0   0   1
  56000 9721000| 26   1  72   2   0   1
  63000 9224000| 26   1  73   0   0   1
  45000 7462000| 26   1  73   0   0   1
  37000 6684000| 26   1  74   0   0   0
  41000 6970000| 15   1  84   0   0   0
  40000 7203000|  1   1  99   0   0   0
  43000 6312000|  1   1  96   2   0   0
  24000 3470000|  1   1  99   0   0   0
  21000 3669000|  1   1  99   0   0   0
  22000 4112000|  1   1  99   0   0   0
  29000 4576000|  1   1  98   0   0   0
  28000 4186000|  2   0  98   0   0   0
  27000 4932000|  1   1  98   1   0   0
  35000 4369000|  1   1  98   0   0   0
  31000 4504000|  1   1  98   0   0   0
  28000 4038000|  1   1  98   0   0   0
  29000 2870000|  1   1  99   0   0   0
  21000 3217000|  1   1  99   0   0   0
  23000 3066000|  1   1  98   1   0   0
  22000 2799000|  1   1  99   0   0   0
  22000 3285000|  1   1  98   0   0   0
  25000 3159000|  1   1  99   0   0   0
  24000 3481000|  1   0  99   0   0   0
  23000 3255000|  1   1  98   0   0   0
  26000 2879000|  1   1  98   1   0   0
  19000 2765000|  1   1  99   0   0   0
  18000 3018000|  1   1  99   0   0   0
  22000 3005000|  1   0  99   0   0   0
  23000 3393000|  1   1  99   0   0   0
  27000 3682000|  1   1  98   0   0   0
  25000 3537000|  1   1  98   1   0   0
  24000 3807000|  1   1  99   0   0   0
  23000 3441000|  1   1  98   0   0   0
  24000 3418000|  1   1  99   0   0   0
  22000 3669000|  1   1  98   0   0   0
  25000 4017000|  1   1  99   0   0   0
  25000 4155000|  1   1  97   1   0   0
  24000 4369000|  1   1  99   0   0   0
  29000 4936000|  1   1  98   0   0   0
  35000 5532000|  1   1  98   0   0   0
  35000 6409000|  1   1  99   0   0   0
  42000 6115000|  1   1  98   0   0   0
  45000 6460000|  1   1  97   1   0   0
  36000 5442000|  1   0  99   0   0   0
  31000 5242000|  1   1  99   0   0   0
  36000 5174000|  1   1  98   0   0   0
  29000 4560000|  1   1  98   0   0   0
  29000 4968000|  1   1  99   0   0   0
  32000 5154000|  1   0  98   1   0   0
  33000 5028000|  1   1  98   0   0   0
  29000 4877000| 10   1  89   0   0   0
  31000 4134000| 25   1  74   0   0   1
  25000 3891000| 26   1  74   0   0   0
  25000 4161000| 26   1  73   0   0   0
  34000 4258000| 25   1  73   1   0   1
  28000 4834000| 26   1  74   0   0   0
  30000 4271000| 25   1  74   0   0   0
  33000 5202000| 25   0  74   0   0   0
  37000 5749000| 25   1  74   0   0   0
  34000 5212000| 25   0  74   0   0   1
  35000 5443000| 25   1  73   1   0   0
  37000 6035000| 25   1  74   0   0   0
  36000 6088000| 26   0  74   0   0   0
  43000 5589000| 25   0  74   0   0   0
  40000 4772000| 26   1  73   0   0   0
  26000 3800000| 25   1  74   0   0   0
  31000 3964000| 26   0  73   1   0   0
  25000 3866000| 26   0  74   0   0   0
  27000 4209000| 26   1  74   0   0   0
  28000 4097000| 25   1  74   0   0   1
  27000 3639000| 25   0  74   0   0   0
  25000 3537000| 25   1  74   0   0   0
  26000 3583000| 26   1  73   1   0   0
  20000 3076000| 26   0  74   0   0   0
  24000 3577000| 25   0  74   0   0   0
  21000 3586000|  9   2  89   0   0   0
  28000 3236000|  1   0  99   0   0   0
  20000 2935000|  1   0  99   0   0   0
  20000 3273000|  1   0  98   1   0   0
  23000 3601000|  1   1  99   0   0   0
  22000 3798000|  0   0  99   0   0   0
  20000 2216000|  1   1  99   0   0   0
  12000 2332000|  0   0  99   0   0   0
  15000 2728000|  1   1  99   0   0   0
  19000 3249000|  1   0  98   1   0   0
  26000 4366000|  0   1  99   0   0   0
  27000 5137000|  1   1  99   0   0   0
  45000 6391000|  1   1  99   0   0   0
  35000 4842000|  1   1  99   0   0   0
  33000 6004000|  1   1  99   0   0   0
  44000 6348000|  1   0  98   1   0   0
  35000 6537000|  1   1  99   0   0   0
  45000 6305000|  1   1  99   0   0   0
  31000 5014000|  0   1  99   0   0   0
  36000 5678000|  1   0  99   0   0   0
  30000 3733000|  0   1  99   0   0   0
  30000 3868000|  1   0  99   1   0   0
  23000 3316000|  1   1  99   0   0   0
  24000 3869000|  1   1  99   0   0   0
  24000 3736000|  1   1  99   0   0   0
  24000 3542000|  1   1  99   0   0   0
  24000 3746000|  1   1  99   0   0   0
  22000 3697000|  1   1  98   1   0   0
  25000 3908000|  1   0  99   0   0   0
  22000 4069000|  1   1  99   0   0   0
  32000 4028000|  1   1  99   0   0   0
  21000 3789000|  1   1  99   0   0   0
  30000 4603000|  0   1  99   0   0   0
  29000 4652000|  1   1  98   1   0   0
  34000 5688000|  1   1  99   0   0   0
  36000 5670000|  1   1  99   0   0   0
  39000 6979000|  1   1  99   0   0   0
  43000 5120000|  1   1  99   0   0   0
  25000 3332000|  1   1  99   0   0   0
  23000 3688000|  1   1  98   1   0   0
  25000 4183000|  1   0  99   0   0   0
  29000 4336000|  1   0  99   0   0   0
  27000 4803000|  1   1  99   0   0   0
  31000 5403000|  0   1  99   0   0   0
  36000 5804000|  1   0  99   0   0   0
  36000 7004000|  1   1  98   1   0   0
  43000 7752000|  1   1  99   0   0   0
  48000 8983000|  1   0  99   0   0   0
  55000 6197000| 10   1  89   0   0   0
  33000 5891000| 25   0  75   0   0   0
  32000 6177000| 25   1  74   0   0   0
  42000 6798000| 25   1  74   1   0   0
  36000 6275000| 25   0  75   0   0   0
  36000 4103000| 26   0  74   0   0   0
  24000 4167000| 25   0  75   0   0   0
  25000 4327000| 25   0  74   0   0   0
  26000 4541000| 25   0  75   0   0   0
  28000 4603000| 25   0  74   1   0   0
  29000 4474000| 25   0  75   0   0   0
  27000 4871000| 18   1  81   0   0   0
  31000 4813000|  0   1  99   0   0   0
  31000 4445000|  0   0 100   0   0   0
  11000 1477000|  1   0  99   0   0   0
  12000 1739000|  0   0  98   2   0   0
  14000 2330000|  0   0 100   0   0   0
  17000 2735000|  0   0  99   0   0   0
  19000 3736000|  0   1  99   0   0   0
  29000 4269000|  0   1  99   0   0   0
  37000 5970000|  0   0  99   0   0   0
  34000 6838000|  1   1  98   1   0   0
  57000 7431000|  1   0  99   0   0   0
  36000 4155000|  1   0  99   0   0   0
  25000 2289000|  0   0 100   0   0   0
  13000 1263000|  1   0 100   0   0   0
  11000 1534000|  0   0  99   0   0   0
  11000 1468000|  0   0  99   1   0   0
  10000 1503000|  0   0 100   0   0   0
  11000 1499000|  0   0  99   0   0   0
  10000 1496000|  1   0 100   0   0   0
  10000 1515000|  1   0  99   0   0   0
9389B 1592000|  0   0 100   0   0   0
  13000 1757000|  0   1  99   1   0   0
  11000 1859000|  0   0 100   0   0   0
  14000 2265000|  0   1 100   0   0   0
  14000 2658000|  0   0 100   0   0   0
  21000 3269000|  0   0  99   0   0   0
  24000 3936000|  0   0  99   0   0   0
  29000 3086000|  0   0  98   1   0   0
  20000 3457000| 10   0  90   0   0   0
  24000 4136000| 25   1  75   0   0   0
  23000 4203000| 25   0  75   0   0   0
  30000 4470000| 25   0  75   0   0   0
  23000 4536000| 25   0  75   0   0   0
  21000 4336000| 25   0  74   1   0   0
  27000 4670000| 25   0  75   0   0   0
  24000 2541000| 25   0  75   0   0   0
  20000 3069000| 25   0  75   0   0   0
  20000 3402000| 25   0  75   0   0   0
  20000 3536000| 25   0  75   0   0   0
  22000 3526000| 18   1  80   1   0   0
  22000 2488000|  0   0  99   0   0   0
  16000 2686000|  0   0 100   0   0   0
  14000 1912000|  0   0 100   0   0   0
1022B  966B|  0   0 100   0   0   0
6778B   90B|  0   0 100   0   0   0
3314B    0|  0   0  98   2   0   0
