   0     0|  2   1  92   5   0   0
2293B 4061B| 21  20  59   0   0   0
  23000   25000|  6   5  89   0   0   0
  23000   21000|  9   6  84   0   0   0
  16000   27000|  6   6  88   0   0   0
8853B   13000|  7   6  87   0   0   0
7558B   25000|  5   6  88   1   0   0
3122B 6483B|  5   6  89   0   0   0
2253B 2657B|  5   5  90   0   0   0
2216B 2799B|  5   6  89   0   0   0
2249B 2587B|  5   6  89   0   0   0
2181B 2587B|  6   5  89   0   0   0
1903B 2587B|  6   5  87   1   0   0
  10000  256000| 13  13  74   0   0   0
  43000 3320000| 11   9  79   0   0   1
 155000   13000000|  9   8  81   0   0   2
 459000   35000000| 12  11  74   0   0   3
 422000   35000000| 11   9  78   0   0   2
 279000   39000000| 12   9  77   1   0   1
 228000   29000000| 10   9  80   0   0   1
 206000   32000000| 11   9  79   0   0   1
 169000   31000000| 12   7  80   0   0   1
 169000   34000000| 12  10  78   0   0   1
 156000   31000000| 11   8  81   0   0   1
 158000   30000000| 11   9  78   1   0   1
 133000   24000000| 12   7  80   0   0   1
 129000   26000000| 12   9  79   0   0   1
 124000   19000000| 11  10  79   0   0   1
 105000   22000000| 13   8  79   0   0   0
 123000   26000000| 11   8  80   0   0   1
 136000   24000000| 11   8  79   1   0   1
 120000   21000000| 12   6  81   0   0   1
 111000   18000000| 11   9  79   0   0   1
 107000   20000000| 12   7  80   0   0   1
 111000   23000000| 10   8  82   0   0   0
 122000   25000000|  9  10  80   0   0   1
 132000   25000000| 11   8  81   1   0   1
 130000   26000000| 11  10  78   0   0   1
 133000   23000000| 10   8  81   0   0   1
 128000   24000000| 11   8  80   0   0   1
 130000   24000000| 10   8  81   0   0   1
 143000   26000000| 11   8  80   0   0   1
 150000   28000000| 12   8  78   1   0   2
 152000   30000000| 13   9  78   0   0   1
 158000   29000000| 11   8  80   0   0   1
 155000   26000000| 10   8  80   0   0   1
 148000   27000000| 10   9  79   0   0   2
 144000   25000000| 10   9  81   0   0   0
 132000   27000000| 13  10  76   1   0   1
 152000   27000000| 12   9  78   0   0   1
 139000   25000000| 12   9  78   0   0   1
 128000   25000000| 10  10  79   0   0   1
 130000   26000000| 12   8  79   0   0   1
 124000   26000000| 13   8  78   0   0   1
 134000   27000000| 10   8  81   1   0   1
 134000   26000000| 10   9  80   0   0   1
 130000   23000000| 11   9  80   0   0   1
 123000   25000000| 11   8  80   0   0   1
 131000   27000000| 13   8  78   0   0   1
 147000   28000000| 12   9  77   0   0   1
 146000   28000000| 12  10  77   1   0   1
 154000   29000000| 11  10  78   0   0   1
 142000   27000000| 11  10  78   0   0   1
 153000   31000000| 10  10  79   0   0   1
 170000   32000000| 10   9  80   0   0   1
 169000   29000000| 10   9  80   0   0   1
 133000   23000000| 11   8  79   1   0   1
 136000   26000000| 11   9  79   0   0   1
 144000   27000000| 12   8  80   0   0   1
 141000   27000000| 12   9  77   0   0   2
 150000   28000000| 12   8  79   0   0   1
 142000   25000000| 11  10  78   0   0   1
 137000   27000000| 12   8  79   1   0   1
 142000   26000000| 11   8  81   0   0   0
 141000   28000000| 12   9  78   0   0   1
 151000   30000000| 12   8  79   0   0   1
 163000   32000000| 12  10  77   0   0   1
 165000   34000000| 12   8  80   0   0   0
 179000   34000000| 10  10  78   1   0   1
 177000   33000000| 11   8  80   0   0   1
 162000   35000000| 10  11  78   0   0   1
 181000   37000000| 12   9  79   0   0   1
 179000   35000000|  8  11  80   0   0   1
 158000   32000000| 11   9  79   0   0   1
 168000   36000000| 11  11  77   1   0   1
 173000   37000000| 12   9  78   0   0   1
 166000   35000000|  9  10  79   0   0   1
 161000   27000000| 12  10  77   0   0   1
 141000   28000000| 12   9  77   0   0   1
 153000   29000000| 10   8  81   0   0   1
 158000   32000000| 12   9  77   1   0   1
 175000   31000000| 11   8  80   0   0   1
 143000   25000000| 10   8  69  12   0   1
 146000   29000000| 11   9  79   0   0   1
 155000   30000000| 10  11  78   0   0   1
 154000   28000000| 12  13  75   0   0   1
 149000   31000000| 11  11  76   1   0   1
 157000   31000000| 11  11  77   0   0   1
 159000   32000000| 11  10  79   0   0   1
 165000   30000000| 12  10  78   0   0   1
 153000   27000000| 12  10  77   0   0   1
 140000   26000000| 13   9  77   0   0   1
 146000   28000000| 11   9  78   1   0   1
 149000   30000000| 11   9  79   0   0   1
 153000   29000000| 11  10  78   0   0   1
 149000   29000000| 11   9  79   0   0   1
 152000   31000000| 10  10  79   0   0   1
 171000   32000000| 13   9  77   0   0   2
 155000   31000000| 10   9  79   1   0   1
 160000   31000000| 12  12  75   0   0   1
 160000   33000000| 12  11  75   0   0   1
 158000   29000000| 10   9  80   0   0   1
 163000   33000000| 12  10  77   0   0   1
 148000   26000000| 12   9  79   0   0   1
 143000   25000000| 13  10  76   1   0   1
 130000   26000000| 11  12  76   0   0   1
 146000   28000000| 12  14  73   0   0   1
 152000   30000000| 11   9  79   0   0   1
 167000   30000000| 12   9  77   0   0   2
 151000   30000000| 10  11  78   0   0   1
 159000   28000000| 12   7  79   1   0   2
 158000   25000000| 12  10  78   0   0   0
 113000   22000000| 12   8  79   0   0   1
 123000   22000000| 12  11  76   0   0   1
 122000   24000000| 12  11  77   0   0   1
 130000   23000000| 11   9  80   0   0   0
 127000   25000000| 13   8  78   1   0   1
 141000   29000000| 10  10  80   0   0   0
 149000   30000000| 10   9  79   0   0   1
 167000   35000000| 12  11  76   0   0   1
 170000   30000000| 12  10  76   0   0   1
 151000   31000000| 11   8  79   0   0   1
 171000   38000000| 13   8  77   1   0   1
 178000   39000000| 11  14  74   0   0   2
 189000   40000000| 12  10  77   0   0   1
 202000   44000000| 11  10  78   0   0   2
 160000   30000000| 11  12  76   0   0   1
 154000   29000000| 12   9  78   0   0   1
 142000   27000000| 11   9  78   1   0   1
 146000   32000000| 12  12  75   0   0   1
 163000   31000000| 11  11  77   0   0   1
 170000   34000000| 12  15  72   0   0   1
 149000   26000000| 11   9  79   0   0   1
 137000   26000000| 10   9  80   0   0   1
 140000   26000000| 13  13  72   1   0   1
 144000   26000000| 12  10  78   0   0   1
 138000   26000000| 11   9  78   0   0   1
 143000   29000000| 12   9  78   0   0   1
 161000   28000000| 11   9  78   0   0   1
 136000   24000000| 13  12  74   0   0   1
 127000   25000000| 11   9  78   1   0   1
 134000   28000000| 12  16  72   0   0   1
 137000   23000000| 13  10  77   0   0   1
 124000   24000000| 10  14  75   0   0   1
 135000   25000000| 11   9  80   0   0   1
 132000   24000000| 11   9  79   0   0   1
 139000   26000000| 11  10  77   1   0   1
 141000   27000000| 12  14  73   0   0   1
 145000   30000000| 11  13  75   0   0   1
 160000   33000000| 11  12  76   0   0   1
 173000   34000000| 10  12  77   0   0   1
 157000   29000000| 11  10  78   0   0   1
 164000   35000000| 10  11  77   1   0   1
 173000   38000000| 11   9  79   0   0   1
 183000   40000000| 13  12  74   0   0   1
 202000   37000000| 11  11  77   0   0   2
 167000   28000000| 13   8  78   0   0   1
 167000   31000000| 11   9  80   0   0   1
 146000   28000000| 12   8  79   1   0   1
 155000   27000000| 12  12  76   0   0   1
 141000   26000000| 13   9  77   0   0   1
 134000   25000000|  9   9  81   0   0   1
 133000   26000000| 12   9  79   0   0   1
 135000   25000000| 12   9  78   0   0   1
 135000   26000000| 12  10  76   1   0   1
 132000   23000000| 11   8  80   0   0   1
 121000   21000000| 12  10  78   0   0   1
 120000   21000000| 10  12  77   0   0   1
 125000   23000000| 12  10  77   0   0   1
 127000   25000000| 11   9  79   0   0   1
 144000   29000000| 11   8  79   1   0   1
 147000   26000000| 12   9  79   0   0   1
 150000   26000000| 11   9  80   0   0   1
 135000   21000000| 12  11  76   0   0   1
 115000   21000000| 12   8  79   0   0   1
 128000   24000000| 11  10  78   0   0   0
 132000   26000000| 12   9  79   1   0   0
 136000   26000000| 12   9  78   0   0   1
 133000   28000000| 12   8  79   0   0   1
 154000   30000000| 10  12  78   0   0   1
 150000   30000000| 10   9  80   0   0   1
 148000   28000000| 12  10  77   0   0   1
 151000   33000000| 12  11  75   1   0   1
 178000   36000000| 10  10  79   0   0   1
 173000   37000000| 13   9  77   0   0   1
 189000   36000000| 11  10  79   0   0   1
 174000   32000000| 13  17  69   0   0   2
 141000   28000000| 10  10  79   0   0   1
 171000   33000000| 12  10  75   1   0   1
 162000   33000000| 13   9  77   0   0   1
 172000   32000000| 10   9  80   0   0   1
 161000   34000000| 11   9  79   0   0   2
 174000   33000000| 11  15  73   0   0   1
 173000   33000000| 11  16  72   0   0   1
 167000   31000000| 12  15  71   1   0   1
 159000   34000000| 12  19  67   0   0   2
 190000   34000000| 12   8  79   0   0   1
 161000   29000000| 10   9  80   0   0   1
 162000   33000000| 11   9  79   0   0   1
 171000   31000000| 11   8  79   0   0   2
 159000   28000000| 11   8  80   1   0   1
 145000   30000000| 11   8  80   0   0   1
 159000   32000000| 12  10  77   0   0   1
 155000   26000000| 13   9  78   0   0   1
 138000   26000000| 10  10  79   0   0   1
 140000   26000000| 10   8  82   0   0   0
 137000   29000000| 12   8  78   1   0   1
 142000   26000000| 11   9  79   0   0   1
 140000   28000000|  9  10  79   0   0   1
 144000   29000000| 10   9  80   0   0   1
 147000   33000000| 12  13  74   0   0   1
 179000   36000000| 11  10  78   0   0   1
 168000   30000000| 11   8  80   1   0   0
 152000   32000000| 10  11  78   0   0   1
 156000   33000000| 11   8  79   0   0   1
 175000   35000000|  9  10  80   0   0   1
 170000   34000000| 12   9  78   0   0   1
 184000   36000000| 12  15  71   0   0   2
 169000   35000000| 12  12  75   0   0   1
 188000   38000000| 13  11  75   0   0   1
 181000   31000000|  9  10  79   0   0   1
 174000   35000000| 11  13  75   0   0   1
 161000   30000000| 10  10  79   0   0   1
 167000   33000000| 11  13  75   0   0   1
 163000   33000000| 12  15  70   1   0   1
 176000   35000000| 11   9  79   0   0   1
 188000   35000000| 11   7  81   0   0   1
 176000   32000000| 12  10  77   0   0   1
 173000   35000000| 11  11  77   0   0   0
 175000   33000000| 10   8  81   0   0   1
 172000   34000000| 12   9  77   1   0   1
 171000   32000000| 11   9  78   0   0   1
 176000   34000000| 12  10  77   0   0   1
 170000   32000000| 12  14  73   0   0   1
 168000   35000000| 11  10  78   0   0   1
 169000   37000000| 12  10  77   0   0   1
 176000   32000000| 10   8  80   1   0   1
 155000   33000000| 12   9  77   0   0   1
 167000   36000000| 11   8  80   0   0   1
 164000   33000000| 10  10  80   0   0   1
 165000   35000000| 11  10  78   0   0   1
 171000   38000000| 17  11  70   0   0   1
 178000   37000000| 39  12  48   0   0   1
 180000   37000000| 38  12  48   0   0   2
 188000   41000000| 39  11  48   0   0   2
 192000   38000000| 39  14  46   0   0   1
 169000   32000000| 37  12  49   0   0   2
 165000   37000000| 39  13  47   0   0   2
 185000   37000000| 38  11  48   1   0   1
 183000   37000000| 38  10  49   0   0   2
 196000   41000000| 54  15  30   0   0   1
 195000   40000000| 76  18   4   0   0   3
 205000   44000000| 56  30   9   1   0   4
 213000   45000000| 67  16  15   0   0   3
 196000   36000000| 78  14   5   0   0   3
 192000   36000000| 76  16   5   0   0   4
 188000   32000000| 77  14   6   0   0   3
 170000   27000000| 79  13   5   0   0   3
   0     0| 70  15  12   0   0   3
   0     0| 64  13  21   0   0   2
   0     0| 63  11  24   0   0   2
 640000  121000000| 40  12  47   0   0   2
 214000   32000000| 36  10  53   0   0   2
 143000   28000000| 37  11  51   0   0   1
 151000   30000000| 37   9  53   0   0   2
 150000   33000000| 36   9  53   1   0   1
 156000   32000000| 51  14  33   0   0   2
 166000   35000000| 37  12  49   0   0   2
 164000   29000000| 35  11  52   0   0   2
 151000   32000000| 37  12  50   0   0   1
 160000   27000000| 37   9  53   0   0   2
 137000   27000000| 36  11  51   1   0   1
 130000   27000000| 38  12  49   0   0   1
 150000   29000000| 38  10  51   0   0   1
 198000   33000000| 37  12  49   0   0   2
 193000   33000000| 38   9  52   0   0   1
 171000   32000000| 38   9  51   0   0   1
 167000   34000000| 38  11  49   1   0   2
 198000   40000000| 32  10  57   0   0   1
 228000   46000000| 11  10  79   0   0   1
 223000   37000000| 22   9  67   0   0   2
 204000   38000000| 37  12  50   0   0   2
 194000   41000000| 37  12  50   0   0   2
 214000   42000000| 36  11  50   1   0   2
 197000   38000000| 37  12  49   0   0   2
 204000   43000000| 34  11  54   0   0   2
 219000   39000000| 36  11  50   0   0   3
 202000   39000000| 37  11  50   0   0   2
 189000   33000000| 47  12  39   0   0   3
 189000   36000000| 65  15  18   1   0   2
 184000   30000000| 65  15  17   0   0   3
 158000   30000000| 65  14  18   0   0   3
 159000   29000000| 67  14  16   0   0   2
 155000   31000000| 61  11  25   0   0   3
 166000   31000000| 63  16  19   0   0   3
 205000   32000000| 63  16  18   0   0   3
 139000   23000000| 63  12  23   0   0   2
 123000   24000000| 65  13  20   0   0   2
 133000   26000000| 65  12  21   0   0   2
 137000   27000000| 74  13  10   0   0   3
 141000   25000000| 77  15   6   0   0   3
 137000   24000000| 78  14   6   0   0   3
 134000   24000000| 78  13   6   0   0   3
 171000   27000000| 81  11   5   0   0   3
 179000   25000000| 87  10   0   0   0   3
 135000   26000000| 85  12   0   0   0   3
 148000   27000000| 82  13   4   0   0   2
 144000   23000000| 76  13   7   0   0   3
 137000   23000000| 75  14   9   0   0   2
 156000   25000000| 62  13  24   0   0   2
 157000   26000000| 80   9  10   0   0   2
 149000   26000000| 68  12  17   1   0   2
 137000   25000000| 64  13  21   0   0   2
 138000   25000000| 62  10  25   0   0   2
 140000   25000000| 62  15  21   0   0   2
 146000   24000000| 65  14  19   0   0   2
 138000   25000000| 64  12  21   1   0   3
 154000   25000000| 67  14  18   0   0   2
 142000   23000000| 64  14  20   0   0   2
 146000   25000000| 63  12  23   0   0   2
 146000   28000000| 44   9  45   0   0   2
 166000   31000000| 37   8  52   0   0   2
 165000   27000000| 59  11  28   1   0   1
 166000   33000000| 67  11  20   0   0   2
 171000   31000000| 64  16  19   0   0   1
 147000   30000000| 63  12  23   0   0   2
 157000   30000000| 62  14  22   0   0   2
 164000   31000000| 64  12  22   0   0   2
 141000   26000000| 73  13  10   1   0   3
 138000   29000000| 73  12  12   0   0   3
 170000   33000000| 60  11  26   0   0   3
 215000   35000000| 34  10  54   0   0   2
 209000   26000000| 12   6  81   0   0   1
 164000   29000000|  8   7  85   0   0   1
 156000   28000000|  7   9  81   2   0   1
 129000   24000000|  8   8  84   0   0   1
 137000   25000000|  9   8  83   0   0   1
 142000   26000000|  8   7  84   0   0   1
 151000   26000000|  9   7  82   0   0   1
 139000   26000000|  9   9  81   1   0   1
 151000   27000000|  8   6  86   0   0   1
 167000   27000000|  8   7  84   0   0   1
 182000   29000000|  9   7  83   0   0   1
 208000   33000000| 10   8  81   0   0   1
 197000   32000000|  9   7  83   0   0   1
 211000   35000000|  8   7  82   1   0   1
 215000   37000000| 11   8  80   0   0   1
 210000   38000000|  8   6  84   0   0   2
 185000   28000000| 10   7  82   0   0   1
 143000   26000000|  9   8  82   0   0   1
 149000   26000000| 10   7  82   0   0   1
 137000   26000000|  7   8  83   1   0   1
 145000   25000000|  7   7  86   0   0   1
 125000   25000000|  8   8  83   0   0   1
 141000   28000000|  9   6  84   0   0   1
 143000   27000000|  8   6  85   0   0   0
 142000   27000000|  8   7  83   0   0   1
 138000   25000000|  8   7  84   1   0   1
 129000   27000000|  9   8  82   0   0   2
 142000   29000000|  8   6  84   0   0   1
 158000   29000000|  7   7  84   0   0   1
 148000   26000000|  8   8  83   0   0   1
 156000   27000000|  9   7  83   0   0   1
 154000   26000000|  9   7  83   1   0   1
 133000   23000000|  8   9  82   0   0   1
 131000   24000000|  8   7  84   0   0   1
 126000   22000000|  8   6  85   0   0   1
 121000   22000000|  8   6  85   0   0   1
 117000   21000000|  8   7  84   0   0   1
 114000   22000000|  9   5  84   1   0   1
 121000   22000000|  9   7  83   0   0   1
 115000   22000000|  8   7  84   0   0   1
 117000   22000000|  7   7  85   0   0   1
 125000   24000000|  9   7  83   0   0   1
 132000   25000000|  8   7  84   0   0   1
 139000   27000000|  8   8  82   1   0   1
 147000   28000000|  8   7  84   0   0   1
 148000   29000000| 10   8  81   0   0   1
 165000   30000000|  9   7  83   0   0   1
 176000   29000000|  9   7  83   0   0   1
 153000   30000000|  9   7  84   0   0   1
 164000   32000000|  9   6  83   1   0   1
 185000   32000000|  9   8  82   0   0   1
 132000   25000000|  9   6  84   0   0   1
 154000   29000000|  8   6  84   0   0   1
 129000   26000000|  8   6  84   0   0   1
 150000   30000000|  8   9  83   0   0   1
 134000   26000000|  9   6  83   1   0   1
 141000   28000000|  9   8  82   0   0   1
 134000   28000000|  9   8  82   0   0   1
 142000   30000000|  9   6  83   0   0   2
 155000   29000000|  8   9  82   0   0   1
 143000   30000000|  9   7  84   0   0   1
 150000   27000000|  7   9  83   1   0   0
 142000   29000000|  9   7  83   0   0   1
 158000   30000000|  8   8  84   0   0   1
 141000   27000000|  7   9  83   0   0   1
 138000   25000000|  9   6  84   0   0   1
 140000   28000000|  9   7  83   0   0   1
 133000   24000000| 10   6  82   1   0   1
 135000   26000000|  9   7  83   0   0   1
 138000   26000000|  8   8  83   0   0   1
 138000   28000000|  8   7  83   0   0   1
 161000   26000000|  8   7  85   0   0   1
 120000   21000000|  9   8  83   0   0   1
 132000   25000000|  9   9  81   1   0   1
 135000   25000000|  9   8  82   0   0   1
 139000   27000000|  8   7  84   0   0   1
 144000   31000000|  9   6  83   0   0   1
 174000   33000000|  9   8  83   0   0   1
 149000   29000000| 10   7  83   0   0   1
 149000   31000000| 10   6  83   1   0   1
 149000   29000000|  9   7  82   0   0   2
 146000   27000000| 10   7  83   0   0   1
 131000   26000000| 10   7  83   0   0   0
 127000   25000000|  9   7  83   0   0   1
 133000   28000000|  7   8  84   0   0   1
 152000   31000000|  8   7  83   1   0   1
 153000   31000000|  9   8  83   0   0   1
 170000   30000000|  9   7  83   0   0   1
 143000   26000000|  8   7  84   0   0   1
 146000   29000000|  9   7  84   0   0   1
 154000   30000000|  8   6  84   0   0   1
 158000   24000000|  8   7  84   1   0   1
 125000   24000000|  9   6  84   0   0   1
 131000   26000000|  8   8  83   0   0   1
 131000   26000000|  9   8  82   0   0   1
 146000   28000000|  9   6  84   0   0   1
 142000   29000000|  8   7  85   0   0   1
 152000   30000000|  8   7  83   1   0   1
 147000   30000000|  9   8  83   0   0   1
 163000   29000000|  8   7  84   0   0   1
 144000   25000000|  9   7  83   0   0   0
 138000   25000000| 10   7  82   0   0   1
 130000   22000000|  9   7  84   0   0   1
 124000   23000000|  7   8  84   1   0   1
 120000   26000000|  8   7  84   0   0   1
 145000   30000000|  7   9  83   0   0   1
 140000   27000000|  8   7  84   0   0   1
 136000   29000000| 10   8  82   0   0   1
 147000   32000000|  9   7  83   0   0   1
 167000   31000000|  9   7  83   1   0   1
 139000   29000000|  9   7  83   0   0   1
 146000   27000000|  7   6  86   0   0   1
 133000   27000000| 10   7  82   0   0   1
 152000   30000000|  8   8  84   0   0   1
 149000   27000000|  8   7  84   0   0   1
 145000   29000000| 10   7  82   1   0   1
 146000   25000000|  9   8  83   0   0   1
 130000   26000000|  9   8  83   0   0   1
 150000   30000000|  8   8  84   0   0   0
 159000   28000000|  9   8  82   0   0   1
 136000   25000000|  9   7  83   0   0   1
 137000   25000000|  9   7  83   1   0   1
 128000   23000000|  9   7  83   0   0   1
 130000   24000000|  7   8  84   0   0   1
 128000   25000000|  9   6  84   0   0   1
 129000   25000000|  8   7  84   0   0   1
 141000   26000000| 10   6  84   0   0   1
 134000   24000000|  8   6  84   1   0   1
 126000   25000000|  9   7  84   0   0   1
 132000   27000000|  9   8  82   0   0   1
 146000   28000000|  8   7  83   0   0   1
 136000   26000000|  8   7  84   0   0   1
 140000   29000000|  8   8  84   0   0   1
 149000   31000000| 10   8  81   1   0   1
 160000   33000000| 10   6  83   0   0   1
 154000   28000000| 10   6  83   0   0   1
 155000   33000000|  7   9  82   0   0   2
 166000   37000000|  8  15  75   0   0   1
 183000   39000000|  9  24  66   0   0   2
 182000   36000000|  9  17  71   1   0   2
 177000   37000000|  9   9  81   0   0   1
 167000   30000000|  9   7  83   0   0   1
 140000   29000000|  8  10  81   0   0   1
 158000   29000000|  7   8  84   0   0   1
 147000   31000000| 10  18  72   0   0   1
 172000   32000000|  9  43  46   1   0   2
 144000   29000000| 10  29  61   0   0   1
 153000   29000000| 10   7  83   0   0   1
 146000   28000000|  8   7  84   0   0   1
 140000   27000000|  7  10  83   0   0   0
 141000   25000000|  8   8  84   0   0   1
 139000   28000000|  9  16  73   1   0   1
 157000   31000000| 10   8  82   0   0   1
 166000   34000000|  8  14  77   0   0   2
 174000   33000000|  9   8  82   0   0   1
 156000   28000000|  9   6  85   0   0   1
 149000   31000000| 10  20  69   0   0   1
 167000   35000000| 10   7  82   1   0   1
 187000   36000000|  9  13  77   0   0   1
 193000   35000000| 10   6  82   0   0   1
 167000   34000000|  9  19  71   0   0   1
 182000   36000000| 10   7  81   0   0   2
 168000   33000000|  8   8  83   0   0   1
 157000   30000000| 10  16  73   1   0   1
 160000   32000000|  9   7  83   0   0   1
 148000   30000000|  9   7  84   0   0   1
 151000   31000000| 10  10  80   0   0   1
 145000   28000000| 10   6  84   0   0   1
 152000   31000000|  8  10  81   0   0   1
 157000   29000000|  9   7  83   1   0   1
 148000   30000000| 10   7  83   0   0   1
 155000   30000000| 10  14  75   0   0   1
 146000   26000000|  9   7  83   0   0   2
 157000   29000000|  8  17  73   0   0   2
 159000   31000000|  9  13  77   0   0   1
 151000   29000000|  9   7  82   1   0   1
 143000   26000000|  8   9  82   0   0   1
 139000   28000000|  8   8  84   0   0   1
 145000   27000000| 22   8  68   0   0   2
 131000   26000000| 34  19  45   0   0   2
 145000   28000000| 35   8  56   0   0   1
 131000   24000000| 34  10  53   1   0   2
 128000   22000000| 35  12  52   0   0   1
 126000   24000000| 34   9  56   0   0   2
 140000   27000000| 36   8  54   0   0   2
 150000   26000000| 34  11  53   0   0   2
 131000   25000000| 36   8  55   0   0   1
 136000   24000000| 33   9  56   1   0   1
 130000   24000000| 35  10  54   0   0   2
 139000   22000000| 34   8  56   0   0   2
 102000   17000000| 33   8  57   0   0   1
 102000   19000000| 11   7  81   0   0   1
 106000   21000000|  7   7  85   0   0   1
  94000   16000000|  7   7  84   1   0   0
  91000   17000000|  9   7  83   0   0   1
  98000   18000000|  8   6  85   0   0   1
 100000   19000000|  7   6  86   0   0   1
  96000   17000000|  7   8  84   0   0   1
  96000   18000000| 10   6  83   0   0   0
 120000   19000000|  7   7  83   2   0   1
 129000   22000000|  9   8  83   0   0   0
 152000   25000000| 23   9  67   0   0   2
 130000   26000000| 35   7  56   0   0   1
 146000   28000000| 35   8  55   0   0   2
 128000   24000000| 33   9  56   0   0   1
 142000   28000000| 35   9  54   1   0   1
 133000   25000000| 34   9  56   0   0   1
 140000   28000000| 35   9  55   0   0   1
 143000   27000000| 35   7  56   0   0   2
 129000   25000000| 35   8  55   0   0   2
 142000   28000000| 34  10  56   0   0   1
 148000   27000000| 32   8  58   1   0   1
 137000   26000000|  7   7  85   0   0   1
 151000   28000000|  8   7  84   0   0   1
 131000   25000000|  9   7  82   0   0   1
 125000   23000000|  8   7  84   0   0   1
 125000   24000000|  7   8  83   1   0   1
 131000   26000000|  8   7  84   0   0   1
 140000   28000000|  7   7  84   0   0   2
 144000   26000000|  9   6  84   0   0   1
 141000   25000000|  8   7  84   0   0   1
 148000   25000000|  6   7  87   0   0   1
 140000   26000000| 28  11  59   1   0   2
 145000   27000000| 34  10  55   0   0   1
 145000   28000000| 34   9  55   0   0   2
 140000   27000000| 35   8  56   0   0   1
 153000   30000000| 35   9  54   0   0   1
 151000   29000000| 34  10  54   0   0   2
 170000   31000000| 35   8  54   1   0   2
 135000   22000000| 34  10  55   0   0   1
 140000   25000000| 34  10  56   0   0   1
 123000   25000000| 35   9  55   0   0   1
 138000   28000000| 35   9  55   0   0   2
 143000   28000000| 34   9  55   1   0   2
 147000   27000000| 35   7  56   0   0   2
 138000   25000000| 34   8  55   0   0   2
 135000   27000000| 34   9  56   0   0   2
 131000   26000000| 34   9  56   0   0   2
 137000   27000000| 34   9  56   0   0   2
 145000   29000000| 34  14  50   0   0   2
 153000   27000000| 34  10  54   0   0   2
 137000   27000000| 34  10  55   0   0   1
 145000   30000000| 35   7  56   0   0   2
 155000   29000000| 35  11  52   0   0   2
 147000   31000000| 33   8  58   0   0   2
 160000   31000000| 21   7  70   1   0   1
 146000   29000000|  8   7  84   0   0   1
 157000   30000000|  6   6  86   0   0   1
 166000   29000000|  7   7  85   0   0   1
 138000   23000000|  8   8  84   0   0   1
 131000   25000000|  7   8  84   0   0   1
 143000   27000000|  8   7  83   2   0   1
 143000   23000000|  8   7  85   0   0   1
 129000   25000000|  7   7  85   0   0   1
 132000   24000000|  9   7  83   0   0   1
 126000   24000000|  9   7  83   0   0   1
 136000   24000000|  8   6  84   1   0   1
 127000   22000000|  9   6  85   0   0   1
 149000   24000000| 30   8  60   0   0   1
 143000   26000000| 34   7  58   0   0   1
 132000   27000000| 35   9  55   0   0   2
 137000   25000000| 36   7  56   0   0   2
 120000   25000000| 33   8  56   1   0   2
 127000   23000000| 35   7  57   0   0   1
 121000   24000000| 35   8  55   0   0   2
 125000   24000000| 34   9  55   0   0   1
 117000   21000000| 33   9  56   0   0   2
 117000   22000000| 34   7  56   1   0   1
 129000   24000000| 56  10  31   0   0   2
 120000   24000000| 61  12  25   0   0   2
 131000   25000000| 63  13  23   0   0   2
 128000   26000000| 57  11  31   0   0   2
 135000   24000000| 36   9  54   0   0   2
 126000   24000000| 33   8  56   2   0   2
 136000   26000000| 34   8  58   0   0   1
 136000   26000000| 32   9  58   0   0   1
 149000   26000000| 33   9  57   0   0   2
 121000   23000000| 32   7  59   0   0   1
 132000   22000000| 32  10  57   0   0   2
 111000   20000000| 34   7  57   1   0   2
 107000   19000000| 32   8  59   0   0   1
 103000   19000000| 32   8  58   0   0   1
 115000   19000000| 32   7  59   0   0   1
 116000   20000000| 33   8  58   0   0   1
 148000   23000000| 34   8  56   1   0   2
 143000   21000000| 34   8  57   0   0   1
 120000   22000000| 46  11  42   0   0   2
 154000   24000000| 61  13  23   0   0   3
 144000   22000000| 63  12  24   0   0   1
 120000   24000000| 61  11  26   0   0   2
 127000   24000000| 56  10  33   0   0   1
 109000   18000000| 33   7  58   0   0   1
 107000   22000000| 33   8  57   0   0   2
 122000   23000000| 33   5  60   0   0   1
 116000   22000000| 35   8  56   0   0   1
 106000   20000000| 34   6  59   0   0   1
 109000   21000000| 32   9  56   2   0   1
 113000   20000000| 32   8  59   0   0   1
 111000   21000000| 33   6  60   0   0   1
 121000   23000000| 44   9  47   0   0   1
 134000   22000000| 31   9  58   0   0   2
 125000   22000000| 33   8  58   0   0   1
 145000   24000000| 33   7  58   2   0   2
 143000   25000000| 33   7  59   0   0   1
 137000   25000000| 34   7  58   0   0   2
 127000   25000000| 33   9  57   0   0   1
 135000   25000000| 32   7  59   0   0   2
 135000   25000000| 54  13  31   0   0   2
 128000   23000000| 61  13  23   1   0   2
 125000   21000000| 62  13  22   0   0   3
 116000   22000000| 62  11  25   0   0   2
 122000   23000000| 61  11  26   0   0   2
 146000   23000000| 62  14  22   0   0   2
 162000   27000000| 61  10  26   0   0   2
 140000   26000000| 57  10  30   1   0   2
 138000   29000000| 60  14  24   0   0   2
 164000   30000000| 60  13  24   0   0   3
 123000   20000000| 60  11  28   0   0   2
 117000   24000000| 59   9  31   0   0   2
 122000   22000000| 30   7  60   2   0   1
 119000   23000000| 31   3  65   0   0   1
 118000   24000000| 31   3  65   0   0   1
 124000   24000000| 31   4  65   0   0   0
 117000   18000000| 31   4  64   0   0   1
 100000   20000000| 31   5  63   1   0   0
 122000   21000000| 37   4  58   0   0   1
 119000   21000000| 58   8  33   0   0   2
 157000   25000000| 59   8  31   0   0   2
 140000   25000000| 60   6  33   0   0   2
 123000   23000000| 59   8  31   0   0   1
 119000   22000000| 58   7  32   0   0   2
 120000   24000000| 59   7  33   0   0   2
 131000   23000000| 59   7  33   0   0   1
 122000   23000000| 56   5  39   0   0   1
 130000   25000000| 53   9  36   0   0   2
 140000   24000000| 59   7  34   0   0   1
 133000   25000000| 59   7  31   0   0   2
 128000   26000000| 58   7  34   0   0   1
 133000   25000000| 59   6  34   0   0   2
 122000   23000000| 68   6  24   0   0   2
 115000   22000000| 77   6  14   0   0   3
 125000   26000000| 77   7  13   0   0   3
 138000   26000000| 79   5  14   0   0   2
 133000   26000000| 66   7  26   0   0   2
 137000   27000000| 58   7  34   0   0   2
 129000   24000000| 57   6  36   0   0   1
 102000   20000000| 55   4  41   0   0   1
 107000   20000000| 73   5  21   0   0   2
 108000   20000000| 60   9  29   0   0   2
  97000   19000000| 57   4  38   0   0   2
 112000   20000000| 56   6  36   0   0   1
  92000   18000000| 57   6  35   0   0   2
 114000   19000000| 52   4  43   0   0   1
 100000   20000000| 42   5  50   2   0   2
 108000   20000000| 57   5  37   0   0   1
 102000   21000000| 54   6  37   0   0   3
 109000   21000000| 56   5  37   0   0   1
  91000   18000000| 55   4  38   0   0   2
  97000   20000000| 57   5  37   0   0   1
 108000   22000000| 52   5  42   0   0   2
 113000   23000000| 28   2  69   0   0   1
 108000   19000000| 27   3  69   0   0   1
  85000   14000000| 16   3  81   0   0   0
  82000   16000000|  3   2  95   0   0   0
  92000   17000000|  3   2  93   2   0   0
  96000   18000000|  3   2  95   0   0   0
 101000   19000000|  3   1  96   0   0   0
 109000   17000000|  3   2  94   0   0   0
  81000   15000000|  3   2  96   0   0   0
  83000   15000000|  3   2  93   1   0   0
  82000   14000000|  2   2  96   0   0   0
  72000   14000000|  3   3  94   0   0   0
  85000   16000000|  3   2  95   0   0   1
  86000   15000000|  2   3  95   0   0   0
  72000   13000000|  4   1  95   0   0   0
  77000   16000000|  2   3  94   1   0   0
  82000   16000000|  2   3  94   0   0   0
  78000   15000000|  3   3  94   0   0   0
  75000   12000000|  2   2  95   0   0   0
  71000   15000000|  3   2  95   0   0   0
  79000   13000000|  3   1  94   2   0   0
  77000   14000000|  3   2  95   0   0   0
  79000   15000000|  4   2  94   0   0   0
  80000   15000000|  2   2  96   0   0   0
  81000   15000000|  3   2  95   0   0   0
  86000   16000000|  3   2  95   0   0   0
  88000   15000000|  3   2  94   2   0   0
  85000   14000000|  3   2  96   0   0   0
  81000   15000000|  2   2  95   0   0   0
  79000   14000000|  4   1  95   0   0   0
  87000   16000000|  3   3  95   0   0   0
  92000   17000000|  3   2  95   0   0   0
  93000   17000000|  2   2  95   1   0   0
  92000   18000000|  3   2  94   0   0   1
 104000   19000000|  4   3  93   0   0   0
  95000   17000000|  3   3  94   0   0   0
 105000   20000000|  4   2  94   0   0   0
  98000   16000000|  3   2  93   2   0   0
  89000   18000000|  3   2  94   0   0   0
  96000   19000000|  3   2  94   0   0   1
  95000   20000000|  4   2  94   0   0   0
  97000   17000000|  3   2  95   0   0   0
  88000   18000000|  3   3  94   0   0   0
  96000   20000000|  3   2  94   1   0   0
 113000   21000000|  3   2  94   0   0   1
 102000   17000000|  4   2  94   0   0   0
  96000   19000000|  3   3  94   0   0   0
 105000   20000000|  4   2  94   0   0   0
 113000   22000000|  3   2  95   0   0   1
 113000   19000000|  4   3  92   1   0   0
 111000   21000000|  3   2  95   0   0   0
 108000   22000000|  3   2  95   0   0   1
 127000   22000000|  3   4  94   0   0   0
 124000   19000000|  2   2  96   0   0   0
  93000   17000000|  3   3  93   2   0   0
  95000   15000000|  3   2  95   0   0   1
  85000   17000000|  1   3  96   0   0   1
  98000   17000000|  4   2  94   0   0   0
  92000   18000000|  2   3  95   0   0   0
 104000   18000000|  4   2  94   0   0   0
  91000   19000000|  4   2  93   1   0   0
 101000   15000000|  2   2  96   0   0   0
  90000   17000000|  3   3  94   0   0   0
  91000   17000000|  3   3  94   0   0   0
  99000   19000000|  4   2  94   0   0   0
 104000   20000000|  3   3  94   0   0   0
 101000   20000000|  3   2  94   1   0   0
 110000   21000000|  4   3  94   0   0   0
 105000   22000000|  3   2  95   0   0   0
 118000   22000000|  3   2  94   0   0   0
 105000   17000000|  3   2  95   0   0   0
 110000   19000000|  2   2  95   0   0   0
 105000   22000000|  3   2  94   1   0   0
 137000   26000000|  4   2  94   0   0   0
 132000   23000000|  3   2  95   0   0   0
 132000   24000000|  3   2  94   0   0   1
 119000   21000000|  3   3  95   0   0   0
 133000   23000000|  4   2  93   2   0   0
 100000   17000000|  3   3  94   0   0   0
  94000   16000000|  3   2  95   0   0   1
  94000   17000000|  3   2  95   0   0   0
  95000   17000000|  3   2  95   0   0   0
  97000   18000000|  3   2  95   0   0   0
  97000   19000000|  2   3  93   1   0   1
 100000   19000000|  3   2  95   0   0   0
 104000   17000000|  3   3  94   0   0   0
  92000   17000000|  3   2  96   0   0   0
 105000   18000000|  3   2  95   0   0   0
  97000   16000000|  3   1  96   0   0   0
 102000   20000000|  3   2  93   1   0   0
 116000   21000000|  3   3  94   0   0   0
 114000   18000000|  3   3  94   0   0   0
  97000   19000000|  3   2  95   0   0   0
 104000   21000000|  3   3  94   0   0   0
 107000   22000000|  2   3  93   2   0   0
 104000   19000000|  3   2  94   0   0   0
 101000   18000000|  3   2  95   0   0   1
  98000   20000000|  4   2  94   0   0   0
 104000   20000000|  3   2  94   0   0   0
 105000   21000000|  2   3  95   0   0   0
 103000   20000000|  3   2  94   1   0   0
 106000   20000000|  3   2  95   0   0   1
 102000   18000000|  3   3  94   0   0   1
 105000   21000000|  4   2  94   0   0   1
 130000   19000000|  3   2  95   0   0   0
 102000   15000000|  3   2  95   0   0   0
  93000   17000000|  3   2  93   2   0   1
  92000   18000000|  3   1  96   0   0   0
 104000   19000000|  3   2  95   0   0   0
 101000   18000000|  3   2  95   0   0   0
 111000   19000000|  3   2  95   0   0   0
 103000   16000000|  4   2  94   1   0   0
  89000   17000000|  5   1  94   0   0   0
  98000   18000000|  3   2  95   0   0   0
 106000   17000000|  2   3  95   0   0   0
 101000   17000000|  4   2  94   0   0   0
  83000   15000000|  3   1  96   0   0   0
  95000   18000000|  2   2  94   2   0   1
 103000   19000000|  3   1  95   0   0   1
 115000   20000000|  3   2  95   0   0   0
 114000   18000000|  3   2  95   0   0   0
  97000   16000000|  3   1  96   0   0   0
  97000   17000000|  3   2  95   0   0   0
 103000   18000000|  3   2  94   1   0   0
  91000   16000000|  3   3  95   0   0   0
  92000   16000000|  3   2  94   0   0   0
  89000   17000000|  4   2  95   0   0   0
  95000   15000000|  3   2  95   0   0   0
  79000   15000000|  3   2  96   0   0   0
  83000   16000000|  4   2  93   1   0   1
  78000   16000000|  3   2  95   0   0   0
  88000   17000000|  3   2  95   0   0   0
  93000   18000000|  4   2  95   0   0   0
  95000   16000000|  3   2  95   0   0   0
  92000   16000000|  3   2  95   1   0   0
  94000   17000000| 14   4  82   0   0   0
  97000   17000000| 28   2  69   0   0   1
  95000   14000000| 28   3  69   0   0   1
  89000   14000000| 27   3  69   0   0   1
  82000   14000000| 28   3  69   0   0   0
  88000   16000000| 27   2  69   1   0   1
  90000   15000000| 28   3  69   0   0   1
  92000   16000000| 28   3  70   0   0   0
  94000   18000000| 27   2  70   0   0   1
 103000   17000000| 27   3  70   0   0   1
  91000   17000000| 27   3  68   2   0   1
 101000   17000000| 28   2  70   0   0   1
  91000   16000000| 27   3  69   0   0   1
  93000   18000000| 27   3  70   0   0   1
 104000   19000000| 28   2  69   0   0   1
 111000   21000000| 28   2  69   0   0   1
 105000   18000000| 28   2  68   1   0   1
 102000   19000000| 36   3  60   0   0   1
 106000   20000000| 54   5  40   0   0   1
 110000   22000000| 54   4  41   0   0   1
 114000   19000000| 47   3  49   0   0   1
 117000   20000000| 27   2  68   2   0   1
 110000   17000000| 23   2  75   0   0   0
 116000   19000000| 20   2  78   0   0   1
  92000   16000000| 27   1  71   0   0   1
  86000   14000000| 44   3  52   0   0   1
  81000   14000000| 53   4  41   2   0   1
  80000   14000000| 52   4  42   0   0   2
  81000   15000000| 53   4  42   0   0   1
  90000   15000000| 54   3  43   0   0   1
  86000   16000000| 55   4  41   0   0   1
  97000   17000000| 54   3  41   0   0   1
 107000   18000000| 53   4  40   1   0   1
  85000   12000000| 53   3  42   0   0   2
  76000   14000000| 53   3  43   0   0   1
  80000   12000000| 41   3  56   0   0   0
  78000   13000000| 27   1  72   0   0   1
  89000   13000000| 27   1  70   2   0   1
  58000 9587000| 27   1  72   0   0   0
  70000   11000000| 27   2  72   0   0   0
  62000   10000000| 13   2  84   0   0   0
  63000   10000000| 25   2  72   0   0   1
  58000   10000000| 26   1  73   0   0   1
  60000   10000000| 26   2  70   2   0   1
  62000   10000000| 45   2  53   0   0   1
  50000 8902000| 52   3  45   0   0   1
  54000 9579000| 52   3  45   0   0   1
  57000 8815000| 52   2  46   0   0   1
  50000 9641000| 52   2  45   0   0   1
  51000 9880000| 51   3  45   1   0   1
  60000   11000000| 52   2  45   0   0   1
  61000   11000000| 51   2  46   0   0   1
  77000   14000000| 35   3  62   0   0   1
  75000   13000000| 38   2  59   0   0   1
  60000   11000000| 25   1  73   0   0   1
  43000 5471000| 26   1  72   1   0   0
  33000 4406000| 26   0  74   0   0   0
  31000 4608000| 26   1  73   0   0   0
  26000 4473000| 25   1  73   0   0   0
  31000 4920000| 26   1  74   0   0   0
  30000 4843000| 26   1  72   1   0   0
  34000 4665000| 26   1  73   0   0   0
  25000 4407000| 26   1  73   0   0   0
  30000 5474000| 26   1  74   0   0   0
  38000 6008000| 26   1  74   0   0   0
  40000 7008000| 11   2  88   0   0   0
  48000 7744000|  1   1  97   2   0   0
  45000 6383000|  1   0  99   0   0   0
  24000 3273000|  1   1  99   0   0   0
  20000 3406000|  1   0  99   0   0   0
  21000 3272000|  1   0  99   0   0   0
  24000 3340000|  1   0  98   0   0   0
  21000 3390000|  1   0  98   1   0   0
  24000 3622000|  1   1  99   0   0   0
  24000 3740000|  1   0  99   0   0   0
  27000 4072000|  1   1  99   0   0   0
  26000 4541000|  1   1  99   0   0   0
  33000 4545000|  1   1  97   2   0   0
  26000 2839000|  1   1  99   0   0   0
  24000 3806000|  1   0  98   0   0   0
  31000 4340000|  1   1  99   0   0   0
  27000 3347000|  1   0  99   0   0   0
  19000 2472000|  1   1  99   0   0   0
  25000 3413000|  1   0  98   1   0   0
  23000 3539000|  1   1  99   0   0   0
  28000 3741000|  1   0  99   0   0   0
  22000 3806000| 23   1  76   0   0   0
  21000 3873000| 25   1  74   0   0   0
  24000 4073000| 25   1  74   0   0   0
  22000 4007000| 25   0  73   1   0   0
  23000 3041000| 25   1  74   0   0   0
  14000 2139000| 25   0  74   0   0   0
  18000 3005000| 25   0  74   0   0   0
  21000 3273000| 25   0  74   0   0   0
  20000 3672000| 25   0  73   1   0   0
  23000 3741000| 25   0  74   0   0   0
  22000 3672000| 25   0  74   0   0   0
  24000 3700000| 25   1  74   0   0   0
  18000 1679000| 22   1  77   0   0   0
  19000 2807000|  0   1  99   0   0   0
  19000 3073000|  0   0  98   1   0   0
  21000 3109000|  0   0  99   0   0   0
5319B 5222B|  0   0 100   0   0   0
2659B 3991B|  0   0 100   0   0   0
