   0     0|  1   1  96   2   0   0
1651B 1545B|  6   6  88   0   0   0
1938B 1154B|  6   3  90   2   0   0
1804B 1562B|  6   4  90   0   0   0
1290B 2382B|  5   5  90   0   0   0
1018B   30000|  5   4  91   0   0   0
6666B  193000|  7   5  88   0   0   0
  11000  999000|  6   4  90   0   0   0
  33000 3199000|  6   4  89   1   0   0
  59000   11000000|  6   6  88   0   0   0
  45000 9410000|  6   5  89   0   0   0
5496B  909000|  6   4  90   0   0   0
5232B 1201000|  6   6  88   0   0   0
9156B 2458000|  7   5  89   0   0   0
  12000 3212000|  7   5  87   1   0   1
  20000 5870000|  6   5  89   0   0   0
  24000 3982000|  5   4  90   0   0   0
  13000 3202000|  6   4  90   0   0   0
  21000 5003000|  5   5  90   0   0   0
  23000 5270000|  6   6  88   0   0   1
  26000 6137000|  6   5  88   1   0   0
  24000 5604000|  4   4  91   0   0   0
  29000 6537000|  6   5  89   0   0   0
  30000 4443000|  6   5  89   0   0   0
  16000 3536000|  7   5  89   0   0   0
  19000 4470000|  5   4  90   0   0   0
  21000 4812000|  6   6  88   1   0   0
  22000 5128000|  5   5  90   0   0   0
  27000 5203000|  5   5  90   0   0   0
  23000 5137000|  6   5  89   0   0   0
  23000 5270000|  5   5  89   0   0   0
  20000 5137000|  6   6  88   0   0   0
  22000 5203000|  6   6  87   1   0   0
  20000 5203000|  7   5  87   0   0   0
  22000 5137000|  6   5  88   0   0   0
  30000 5670000|  5   5  89   0   0   1
  25000 5537000|  5   6  89   0   0   0
  29000 5937000|  6   6  88   0   0   0
  29000 6404000|  6   4  88   1   0   0
  32000 6871000|  7   5  88   0   0   0
  35000 7672000|  7   5  88   0   0   0
  30000 3948000|  6   6  88   0   0   1
  22000 4870000|  7   4  89   0   0   0
  27000 6271000|  5   4  91   0   0   0
  31000 6618000|  7   5  88   1   0   0
  30000 7325000|  6   5  89   0   0   0
  33000 7538000|  5   4  91   0   0   0
  36000 7672000|  6   5  88   0   0   0
  29000 7805000|  6   6  88   0   0   0
  34000 8005000|  7   5  88   0   0   0
  39000 8205000|  6   5  88   1   0   0
  38000 8005000|  6   4  90   0   0   0
  39000 8272000|  6   5  89   0   0   0
  38000 7962000|  7   7  85   0   0   0
  39000 8315000|  6   4  90   0   0   0
  36000 8005000|  5   6  89   0   0   0
  37000 8539000|  5   5  88   1   0   0
  38000 8567000|  6   6  88   0   0   0
  41000 9044000|  6   5  88   0   0   1
  39000 9606000|  6   5  89   0   0   0
  40000   10000000|  6   5  89   0   0   1
  42000   11000000|  6   5  89   0   0   0
  47000 8657000|  6   6  87   1   0   0
  20000 4164000|  5   4  90   0   0   0
  22000 6204000|  7   4  88   0   0   0
  34000 8739000|  6   5  89   0   0   1
  40000 9473000|  5   5  89   0   0   0
  40000   10000000|  6   6  88   0   0   0
  39000   10000000|  7   5  87   1   0   0
  46000   11000000|  5   5  90   0   0   0
  47000   12000000|  6   6  88   0   0   1
  47000   11000000|  7   5  88   0   0   0
  44000   12000000|  7   5  88   0   0   0
  45000   11000000|  6   5  89   0   0   0
  55000   12000000|  5   5  89   1   0   0
  54000   12000000|  6   5  89   0   0   0
  56000   12000000|  6   5  88   0   0   1
  53000   12000000|  6   6  88   0   0   0
  54000   12000000|  6   5  89   0   0   1
  36000 4412000|  6   5  89   0   0   0
  23000 5470000|  6   6  88   1   0   0
  32000 7735000| 13   5  82   0   0   1
  39000 9809000| 33   6  61   0   0   0
  40000 6114000| 32   5  62   0   0   1
  24000 5470000| 33   6  61   0   0   0
  30000 7738000| 32   6  62   0   0   0
  34000 8005000| 33   5  61   1   0   0
  37000 8473000| 12   5  83   0   0   1
  25000 3580000|  5   5  90   0   0   0
2423B 1617B|  5   5  90   0   0   0
2764B  846B|  5   4  91   0   0   0
3278B 1792B|  5   4  90   0   0   0
1445B 2098B|  6   4  88   1   0   0
2728B   77000|  5   3  91   0   0   0
3942B  320000|  5   5  90   0   0   0
  17000 1589000|  5   5  90   0   0   0
  62000 6235000|  5   5  89   0   0   0
  30000 7838000|  5   6  89   0   0   0
  41000   11000000|  6   4  88   1   0   1
  45000   12000000|  7   5  88   0   0   0
  63000   17000000|  6   5  88   0   0   1
  63000   16000000|  6   5  88   0   0   0
  74000   18000000|  6   4  89   0   0   1
  64000   16000000|  6   6  87   0   0   1
  80000   18000000|  6   5  88   1   0   0
  66000   16000000|  6   5  89   0   0   1
  74000   19000000|  5   7  88   0   0   0
  66000   16000000|  7   5  88   0   0   0
  46000 7689000|  6   5  89   0   0   0
1228B  126000|  5   5  89   0   0   0
1452B  225000|  4   5  90   1   0   0
2646B  452000|  6   5  90   0   0   0
3402B  629000|  6   6  88   0   0   0
4798B 1201000|  6   4  90   0   0   0
6686B 1595000|  5   6  89   0   0   0
  12000 3008000|  7   4  89   0   0   0
  16000 4112000|  4   5  89   1   0   0
  28000 7495000|  6   5  88   0   0   1
  37000   10000000|  5   4  90   0   0   1
  55000   14000000|  7   6  88   0   0   0
  54000   13000000|  6   5  88   0   0   0
  64000   16000000|  6   5  89   0   0   0
  65000   16000000|  6   4  88   1   0   1
  68000   16000000|  7   5  88   0   0   0
  72000   18000000|  6   6  88   0   0   1
  66000   16000000|  7   3  90   0   0   0
  75000   18000000|  8   5  87   0   0   1
  70000   16000000|  6   5  89   0   0   0
  75000   18000000|  5   5  88   1   0   1
  71000   16000000|  6   4  89   0   0   1
  73000   18000000|  7   5  88   0   0   0
  68000   16000000|  6   6  88   0   0   0
  75000   18000000|  7   6  88   0   0   0
  66000   16000000|  6   6  88   0   0   1
  75000   18000000|  6   6  86   1   0   1
  70000   17000000|  7   3  90   0   0   0
  72000   18000000|  7   6  87   0   0   0
  74000   18000000| 32   6  61   0   0   1
  69000   17000000| 32   6  61   0   0   1
  75000   16000000| 11   6  82   0   0   0
4839B 2435B|  5   6  87   1   0   0
1664B  716B|  5   4  91   0   0   0
1532B 1626B|  5   5  90   0   0   0
1246B 2772B|  5   4  91   0   0   0
1484B   15000|  4   6  90   0   0   0
2704B  208000|  5   5  89   1   0   0
8786B  741000|  5   5  91   0   0   0
  39000 3673000|  5   5  90   0   0   0
  51000 8921000|  6   6  89   0   0   0
  52000   15000000|  5   5  90   0   0   0
  54000   15000000|  6   5  89   0   0   1
  71000   19000000|  6   5  87   1   0   0
  40000 6366000|  6   5  89   0   0   0
2214B  310000|  5   5  90   0   0   0
2502B  424000|  6   5  89   0   0   0
4034B  801000|  5   5  90   0   0   0
4054B 1067000|  5   5  90   0   0   0
8362B 2068000|  6   5  88   1   0   0
  11000 2329000|  6   4  90   0   0   0
8922B 1313000|  6   3  90   0   0   0
8090B 1875000|  5   5  90   0   0   0
  10000 2370000|  6   5  89   0   0   0
  10000 2402000|  5   5  90   0   0   0
  12000 2802000|  6   5  89   1   0   0
  11000 2468000|  6   4  90   0   0   0
  14000 2772000|  6   4  90   0   0   0
  13000 2565000|  5   4  90   0   0   0
  12000 2662000|  6   5  89   0   0   0
  12000 2649000|  4   5  90   0   0   0
  18000 2760000|  6   6  88   1   0   0
  18000 3002000|  5   5  90   0   0   0
  15000 3202000|  5   4  90   0   0   0
  17000 3515000|  6   5  89   0   0   1
  19000 3890000|  6   5  89   0   0   0
  21000 4736000|  6   4  90   0   0   0
  22000 5337000|  6   5  88   1   0   0
  28000 6471000|  5   4  90   0   0   0
  31000 7538000|  5   6  89   0   0   0
  37000 8939000|  5   6  89   0   0   0
  38000   10000000|  6   5  89   0   0   0
  46000   12000000|  6   5  89   0   0   0
  57000   15000000|  7   4  88   1   0   0
  65000   16000000|  6   5  89   0   0   0
  67000   17000000|  5   4  90   0   0   0
  66000   17000000|  7   6  87   0   0   0
  70000   17000000|  6   5  89   0   0   0
  67000   17000000|  5   6  89   0   0   0
  67000   17000000|  7   4  87   1   0   1
  72000   18000000|  6   5  89   0   0   0
  69000   17000000|  5   6  88   0   0   1
  72000   18000000|  6   6  88   0   0   0
  72000   17000000|  7   4  89   0   0   1
  72000   18000000|  6   5  89   0   0   1
  71000   17000000|  5   5  89   1   0   0
  73000   18000000|  6   4  89   0   0   0
  70000   17000000|  6   5  89   0   0   1
  72000   18000000|  7   4  88   0   0   1
  70000   17000000|  6   5  88   0   0   1
  70000   17000000|  6   5  88   0   0   1
  71000   17000000|  6   5  87   1   0   0
  71000   17000000|  7   4  89   0   0   0
  70000   18000000| 32   6  61   0   0   1
  72000   17000000| 33   5  62   0   0   1
   0     0| 10   6  83   0   0   1
   0     0|  7   6  87   0   0   0
   0     0|  5   4  89   1   0   0
   0     0|  5   5  91   0   0   0
   0     0|  5   4  91   0   0   0
   0     0|  7   5  89   0   0   0
   0     0|  5   5  90   0   0   0
   0     0|  5   4  91   0   0   0
   0     0|  5   5  89   1   0   1
   0     0|  5   5  90   0   0   0
   0     0|  5   5  89   0   0   1
   0     0|  7   5  88   0   0   0
   0     0|  5   6  88   0   0   1
   0     0|  5   6  89   0   0   0
   0     0|  5   5  89   1   0   0
   0     0|  4   5  90   0   0   0
   0     0|  5   7  88   0   0   0
   0     0|  5   6  89   0   0   0
   0     0|  5   4  90   0   0   0
   0     0|  5   6  88   0   0   0
   0     0|  6   7  86   1   0   0
   0     0|  6   5  89   0   0   0
   0     0|  6   5  89   0   0   0
   0     0|  5   5  89   0   0   0
   0     0|  5   5  90   0   0   1
   0     0|  7   5  88   0   0   0
   0     0|  6   5  87   1   0   1
   0     0|  6   5  90   0   0   0
   0     0|  6   5  89   0   0   1
   0     0|  6   5  89   0   0   0
   0     0|  5   5  89   0   0   1
   0     0|  6   5  88   0   0   1
   0     0|  6   5  88   1   0   0
   0     0|  6   4  89   0   0   1
   0     0|  5   6  88   0   0   0
   0     0|  5   5  89   0   0   1
   0     0|  6   5  88   0   0   0
   0     0|  5   6  89   0   0   0
   0     0|  7   5  86   1   0   0
   0     0| 32   5  62   0   0   1
   0     0| 31   6  62   0   0   1
2328000  576000000|  7   7  86   0   0   1
2445B 2255B|  5   5  90   0   0   0
1580B 1060B|  5   5  91   0   0   0
1170B 1562B|  5   5  89   1   0   0
1668B 2398B|  5   5  90   0   0   0
1018B   30000|  5   5  90   0   0   0
2642B  237000|  5   5  90   0   0   0
8450B  780000|  6   4  90   0   0   0
  37000 3694000|  4   4  91   0   0   0
  57000   10000000|  6   6  87   1   0   1
  47000   13000000|  5   5  89   0   0   1
  66000   18000000|  5   5  90   0   0   0
  63000   16000000|  6   5  89   0   0   0
  71000   19000000|  6   6  87   0   0   1
  61000   16000000|  6   6  88   0   0   1
  74000   18000000|  6   5  88   1   0   0
  63000   16000000|  5   5  90   0   0   1
  61000   11000000|  5   5  90   0   0   0
1477B   82000|  5   5  91   0   0   0
2708B  225000|  5   5  90   0   0   0
2346B  334000|  5   4  90   0   0   0
4692B  750000|  5   5  89   1   0   0
5806B 1184000|  5   5  90   0   0   0
9432B 2068000|  4   4  91   0   0   0
  13000 3202000|  5   5  90   0   0   0
  22000 5670000|  6   5  89   0   0   0
  29000 8015000|  5   5  90   0   0   0
  49000   13000000|  5   6  87   2   0   0
  50000   13000000|  5   5  90   0   0   1
  61000   16000000|  4   6  90   0   0   1
  61000   15000000|  6   6  88   0   0   0
  68000   17000000|  6   5  88   0   0   1
  64000   16000000|  6   5  89   0   0   1
  73000   18000000|  6   4  88   1   0   0
  76000   18000000|  6   4  89   0   0   1
  71000   17000000|  6   4  89   0   0   1
  74000   18000000|  5   5  90   0   0   1
  67000   16000000|  5   4  91   0   0   0
  76000   18000000|  5   5  89   0   0   1
  70000   16000000|  6   5  88   1   0   0
  77000   18000000|  6   5  89   0   0   0
  70000   16000000|  5   5  90   0   0   0
  78000   18000000|  6   5  89   0   0   0
  71000   16000000|  6   6  88   0   0   1
  77000   18000000|  6   5  89   0   0   1
  71000   16000000|  7   5  87   1   0   0
  76000   18000000|  6   5  88   0   0   1
  73000   17000000|  5   5  89   0   0   0
  72000   17000000| 29   6  64   0   0   1
  78000   18000000| 31   6  63   0   0   1
  73000   14000000|  9   6  85   0   0   1
  11000 2525B|  5   4  89   1   0   0
1730B  716B|  4   5  92   0   0   0
1170B 1626B|  4   5  92   0   0   0
1242B 2772B|  5   5  91   0   0   0
 820B   15000|  5   4  91   0   0   0
2364B  190000|  4   5  90   1   0   0
  12000  737000|  5   4  91   0   0   0
  27000 2634000|  6   3  91   0   0   0
  60000 9582000|  5   6  89   0   0   1
  45000   12000000|  5   5  90   0   0   0
  64000   17000000|  5   5  89   0   0   0
  62000   16000000|  5   5  88   1   0   0
  71000   18000000|  4   5  90   0   0   0
  64000   16000000|  5   5  90   0   0   0
  75000   18000000|  5   5  89   0   0   1
  64000   16000000|  5   5  90   0   0   0
  74000   18000000|  5   6  90   0   0   0
  63000   16000000|  5   5  89   1   0   1
  73000   19000000|  6   5  89   0   0   0
  61000   16000000|  5   5  89   0   0   1
  73000   19000000|  5   5  90   0   0   0
  66000   17000000|  7   4  89   0   0   1
  66000   18000000|  5   5  90   0   0   0
  73000   18000000|  7   5  87   1   0   1
  65000   16000000|  6   5  89   0   0   1
  74000   18000000|  5   5  90   0   0   0
  67000   16000000|  7   4  88   0   0   1
  75000   18000000|  6   5  89   0   0   0
  66000   16000000|  6   5  89   0   0   1
  75000   18000000|  5   5  88   1   0   0
  63000   16000000|  4   6  89   0   0   1
  74000   19000000|  5   6  88   0   0   1
  67000   16000000|  5   5  89   0   0   1
  71000   19000000|  5   5  89   0   0   0
  68000   16000000|  6   5  89   0   0   0
  74000   18000000|  5   5  89   1   0   0
  71000   18000000|  6   6  88   0   0   1
  66000   17000000|  5   5  89   0   0   0
  73000   18000000| 25   6  69   0   0   1
  66000   16000000| 31   6  63   0   0   1
  76000   18000000| 15   5  80   0   0   0
  14000 1447B|  4   6  88   1   0   0
3153B 1570B|  4   4  92   0   0   0
1861B 1492B|  4   4  91   0   0   0
1240B 1092B|  4   5  91   0   0   0
1110B 8238B|  4   4  92   0   0   0
2833B  148000|  5   5  89   1   0   0
6638B  504000|  5   4  92   0   0   0
  25000 2443000|  5   4  91   0   0   0
  56000 7065000|  5   6  89   0   0   0
  50000   14000000|  5   5  90   0   0   0
  55000   15000000|  6   5  88   0   0   1
  67000   17000000|  7   4  88   1   0   0
  70000   18000000|  5   4  91   0   0   0
  64000   16000000|  6   6  89   0   0   0
  72000   19000000|  4   6  90   0   0   1
  63000   16000000|  5   5  90   0   0   0
  73000   19000000|  5   6  89   0   0   0
  62000   16000000|  6   5  87   2   0   0
  72000   19000000|  5   6  89   0   0   0
  61000   16000000|  6   4  90   0   0   1
  73000   19000000|  4   5  90   0   0   0
  62000   16000000|  4   6  90   0   0   0
  74000   19000000|  7   4  88   1   0   0
  65000   16000000|  6   5  89   0   0   1
  72000   18000000|  5   5  90   0   0   1
  69000   17000000|  7   5  88   0   0   0
  65000   17000000|  6   5  89   0   0   1
  73000   19000000|  6   5  89   0   0   0
  62000   16000000|  5   6  87   1   0   1
  73000   19000000|  5   5  90   0   0   1
  63000   16000000|  5   6  89   0   0   1
  72000   19000000|  5   5  90   0   0   0
  62000   16000000|  5   5  90   0   0   0
  74000   19000000|  6   5  89   0   0   1
  64000   15000000|  4   5  89   1   0   1
  12000  138000|  5   5  91   0   0   0
1312B  202000|  5   4  91   0   0   0
3326B  412000|  4   5  92   0   0   0
2169B  534000|  5   4  91   0   0   0
4665B  934000|  5   5  91   0   0   0
6608B 1534000|  5   4  90   1   0   0
9268B 2201000|  5   5  91   0   0   0
  14000 3869000|  4   5  91   0   0   0
  21000 5804000|  5   4  91   0   0   0
  34000 9234000|  5   6  89   0   0   0
  48000   13000000|  6   5  90   0   0   0
  58000   15000000|  5   5  89   1   0   0
  54000   14000000|  9   4  86   0   0   1
  66000   16000000| 30   6  63   0   0   1
  62000   15000000| 31   4  64   0   0   1
  61000   12000000|  5   6  89   0   0   0
2375B 2255B|  4   4  92   0   0   0
1986B 1060B|  4   4  91   1   0   0
1170B 1696B|  4   4  92   0   0   0
 852B 2264B|  5   3  92   0   0   0
1277B   51000|  5   4  91   0   0   0
3348B  276000|  4   3  92   0   0   0
  16000 1488000|  4   4  91   0   0   0
  61000 5939000|  5   6  88   1   0   0
  38000   11000000|  4   5  90   0   0   0
  57000   16000000|  5   5  90   0   0   0
  59000   16000000|  6   6  89   0   0   0
  76000   19000000|  5   5  90   0   0   0
  62000   16000000|  6   6  89   0   0   0
  73000   19000000|  5   5  89   1   0   1
  63000   16000000|  5   6  90   0   0   0
  74000   19000000|  5   4  91   0   0   0
  63000   16000000|  5   4  90   0   0   0
  73000   19000000|  4   5  91   0   0   0
  65000   16000000|  5   4  90   0   0   0
  73000   19000000|  5   6  89   1   0   0
  66000   16000000|  5   6  89   0   0   0
  73000   18000000|  4   5  90   0   0   1
  69000   17000000|  5   5  89   0   0   1
  70000   17000000|  4   6  90   0   0   0
  74000   18000000|  5   5  89   0   0   1
  63000   16000000|  5   5  89   1   0   0
  73000   19000000|  5   4  90   0   0   0
  65000   16000000|  5   5  90   0   0   0
  74000   19000000|  5   5  90   0   0   0
  67000   15000000|  6   5  89   0   0   0
  10000   61000|  4   4  92   0   0   0
1516B  159000|  3   5  91   1   0   0
2278B  338000|  4   4  91   0   0   0
  10000  437000|  4   5  91   0   0   0
5922B 1001000|  5   4  91   0   0   0
6676B 1401000|  4   4  92   0   0   0
  12000 2602000|  5   5  90   0   0   0
  17000 3802000|  4   4  90   1   0   0
  26000 6804000|  4   5  91   0   0   0
  35000 9339000|  4   5  91   0   0   0
  54000   14000000|  5   5  90   0   0   0
  56000   14000000|  5   5  90   0   0   0
  64000   15000000|  5   4  90   0   0   0
  63000   16000000|  5   5  88   1   0   1
  65000   16000000|  6   5  90   0   0   0
  69000   17000000|  5   6  88   0   0   1
  68000   17000000|  5   6  90   0   0   0
  72000   18000000| 29   6  65   0   0   0
  70000   17000000| 30   6  63   0   0   1
  76000   15000000|  9   6  84   1   0   0
3758B 2435B|  4   5  91   0   0   0
2323B 1154B|  5   4  91   0   0   0
1042B 1562B|  5   4  91   0   0   0
1830B 2398B|  4   4  92   0   0   0
1430B   30000|  4   5  90   1   0   0
2274B  181000|  4   4  92   0   0   0
  11000  946000|  4   5  91   0   0   0
  35000 3374000|  4   5  91   0   0   0
  58000   10000000|  5   5  91   0   0   0
  52000   12000000|  5   5  90   0   0   0
  27000 4332000|  6   4  89   1   0   0
  23000 5937000|  4   5  91   0   0   0
  39000 9740000|  5   5  90   0   0   1
  45000   11000000|  4   4  91   0   0   0
  52000   12000000|  4   6  89   0   0   1
  53000   12000000|  5   5  90   0   0   0
  56000   13000000|  4   6  89   1   0   1
  57000   13000000|  6   5  90   0   0   0
  58000   14000000|  5   5  89   0   0   1
  60000   15000000|  4   6  90   0   0   0
  56000   13000000|  4   5  91   0   0   0
  65000   15000000|  5   5  90   0   0   0
  59000   14000000|  5   6  88   1   0   1
  64000   15000000|  4   5  90   0   0   0
  60000   14000000|  6   4  89   0   0   0
  61000   15000000|  5   6  89   0   0   1
  61000   14000000|  5   5  90   0   0   0
  62000   15000000|  4   6  90   0   0   0
  59000   14000000|  6   4  89   1   0   1
  63000   15000000|  5   5  91   0   0   0
  63000   15000000|  5   5  90   0   0   0
  66000   16000000|  4   6  90   0   0   0
  71000   17000000|  4   7  89   0   0   1
  67000   16000000|  5   4  91   0   0   0
  75000   18000000|  5   5  89   1   0   0
  69000   16000000|  5   5  90   0   0   1
  74000   18000000|  5   4  90   0   0   1
  69000   17000000|  5   5  89   0   0   0
  74000   18000000|  6   5  89   0   0   1
  71000   17000000|  5   5  90   0   0   0
  72000   18000000|  5   4  89   1   0   1
  70000   17000000|  4   5  90   0   0   0
  75000   17000000|  5   6  89   0   0   1
  72000   17000000| 21   5  74   0   0   0
  72000   17000000| 29   7  63   0   0   1
  73000   18000000| 22   6  72   0   0   1
  39000 5655000|  5   5  89   1   0   0
2481B 1633B|  5   5  91   0   0   0
1240B 1540B|  4   4  92   0   0   0
1278B 1012B|  4   4  92   0   0   0
1874B 2246B|  4   5  91   0   0   0
1326B  113000|  5   5  90   1   0   0
5092B  421000|  3   5  92   0   0   0
  22000 2117000|  4   5  91   0   0   0
  56000 6438000|  5   5  91   0   0   0
  47000   13000000|  5   4  91   0   0   0
  51000   14000000|  5   4  91   0   0   0
  69000   19000000|  5   4  90   1   0   1
  66000   16000000|  4   3  92   0   0   0
  75000   19000000|  4   5  91   0   0   0
  62000   16000000|  5   5  91   0   0   0
  74000   19000000|  5   4  91   0   0   1
  64000   16000000|  4   6  90   0   0   0
  74000   19000000|  4   6  89   1   0   0
  64000   16000000|  5   6  89   0   0   0
  72000   18000000|  4   4  91   0   0   1
  70000   17000000|  4   6  90   0   0   0
  68000   17000000|  5   4  91   0   0   0
  74000   19000000|  5   5  90   0   0   0
  63000   16000000|  5   5  88   1   0   1
  73000   19000000|  5   4  90   0   0   0
  63000   16000000|  5   4  91   0   0   0
  74000   19000000|  5   5  90   0   0   0
  64000   16000000|  4   6  90   0   0   1
  38000 5652000|  4   5  91   0   0   0
1214B   59000|  4   5  90   1   0   0
1606B  160000|  3   5  92   0   0   0
1324B  239000|  4   6  91   0   0   0
3182B  510000|  4   4  93   0   0   0
3196B  667000|  4   4  92   0   0   0
5232B 1201000|  4   5  91   0   0   0
8330B 2001000|  4   4  91   1   0   0
  11000 2735000|  3   5  92   0   0   0
  19000 4936000|  5   4  91   0   0   0
  27000 6738000|  5   5  90   0   0   0
  42000   12000000|  5   6  89   0   0   0
  47000   12000000|  5   4  92   0   0   0
  60000   15000000|  6   4  89   1   0   0
  54000   14000000|  4   5  91   0   0   0
  66000   17000000|  4   6  89   0   0   1
  60000   15000000|  4   4  91   0   0   0
  71000   18000000|  4   4  91   0   0   0
  64000   16000000|  5   5  90   0   0   0
  68000   13000000|  4   5  90   1   0   0
1444B  187000|  3   4  92   0   0   0
2134B  308000|  5   5  91   0   0   0
3608B  581000|  4   4  91   0   0   0
5665B 1067000|  4   4  92   0   0   0
8761B 1734000|  4   4  92   0   0   0
  12000 3002000|  5   5  89   1   0   0
  19000 4670000|  4   5  91   0   0   0
  32000 8339000|  4   4  91   0   0   0
  45000   12000000| 13   5  82   0   0   0
  40000 6527000| 30   5  64   0   0   1
  12000 3002000| 30   6  64   0   0   0
  21000 5203000| 31   3  65   1   0   0
  30000 7738000| 30   5  64   0   0   0
  40000 9740000| 30   4  66   0   0   0
  46000   10000000|  7   5  88   0   0   1
  24000 2308000|  4   5  91   0   0   0
2421B 1633B|  4   4  93   0   0   0
1578B 1610B|  4   5  89   1   0   0
1074B  942B|  3   5  92   0   0   0
1084B 8388B|  4   5  91   0   0   0
2146B  127000|  4   3  93   0   0   0
8538B  726000|  5   4  91   0   0   0
  25000 2360000|  5   4  92   0   0   0
  62000 9204000|  5   5  89   1   0   1
  44000   12000000|  4   4  92   0   0   0
  66000   17000000|  5   3  92   0   0   1
  62000   16000000|  4   5  91   0   0   0
  74000   19000000|  4   6  90   0   0   1
  65000   16000000|  4   4  91   0   0   0
  71000   18000000|  5   5  88   1   0   1
  70000   18000000|  5   5  90   0   0   0
  68000   17000000|  4   3  92   0   0   1
  75000   19000000|  5   4  91   0   0   0
  66000   16000000|  4   4  91   0   0   0
  74000   19000000|  5   5  90   0   0   0
  63000   16000000|  5   5  90   1   0   0
  78000   19000000|  4   5  91   0   0   1
  63000   16000000|  6   4  90   0   0   0
  85000   19000000|  4   5  91   0   0   1
  65000   16000000|  4   5  91   0   0   0
 101000   19000000|  3   4  92   0   0   0
  74000   16000000|  4   5  90   1   0   0
  95000   18000000|  4   6  89   0   0   1
  93000   17000000|  5   5  90   0   0   0
  81000   18000000|  5   4  91   0   0   0
 109000   17000000|  4   4  91   0   0   0
  68000   17000000|  5   4  91   0   0   0
 115000   18000000|  4   5  89   1   0   1
  74000   16000000|  4   4  92   0   0   0
 105000   19000000|  3   5  91   0   0   1
  83000   16000000|  5   5  90   0   0   1
 101000   19000000|  5   4  91   0   0   0
  94000   16000000|  4   5  91   0   0   0
  97000   18000000| 29   5  65   1   0   1
  97000   16000000| 29   5  65   0   0   1
 102000   18000000| 14   5  81   0   0   1
  19000  329000|  5   5  90   0   0   0
2332B 1570B|  3   4  94   0   0   0
1480B 1492B|  4   4  92   0   0   0
 852B 1092B|  3   4  91   1   0   0
1018B 8238B|  4   5  92   0   0   0
1688B  145000|  4   4  92   0   0   0
9524B  480000|  4   4  92   0   0   0
  26000 2437000|  3   5  92   0   0   0
  68000 7141000|  4   5  91   0   0   0
  51000   14000000|  4   5  90   1   0   0
  74000   15000000|  4   5  91   0   0   1
  76000   19000000|  4   5  90   0   0   0
  83000   16000000|  4   4  92   0   0   0
  86000   19000000|  5   5  90   0   0   0
  68000   16000000|  4   5  91   0   0   0
  92000   19000000|  4   5  90   1   0   0
  63000   16000000|  4   5  91   0   0   1
  94000   19000000|  4   5  91   0   0   0
  69000   17000000|  5   5  90   0   0   1
  91000   18000000|  5   4  91   0   0   0
  74000   17000000|  5   5  90   0   0   1
  90000   17000000|  4   5  90   1   0   0
  90000   18000000|  4   6  90   0   0   1
  76000   16000000|  5   5  90   0   0   0
 106000   19000000|  3   5  92   0   0   0
  69000   16000000|  5   5  90   0   0   0
 125000   19000000|  4   5  90   0   0   0
  70000   16000000|  5   5  89   1   0   0
 100000   19000000|  4   6  90   0   0   1
  71000   16000000|  4   5  90   0   0   1
  80000   19000000|  5   5  90   0   0   1
  83000   16000000|  5   5  90   0   0   1
  74000   18000000|  4   5  90   0   0   1
  78000   17000000|  5   5  89   1   0   0
  73000   18000000|  5   4  91   0   0   1
  88000   18000000|  5   5  89   0   0   1
  74000   17000000|  4   6  89   0   0   1
  87000   18000000|  5   6  89   0   0   1
  77000   16000000| 11   5  84   0   0   0
  85000   19000000| 29   5  64   1   0   1
  82000   16000000| 25   6  69   0   0   1
  56000 9637000|  5   4  91   0   0   0
2171B 1687B|  4   3  93   0   0   0
2302B  846B|  3   4  93   0   0   0
1554B 1626B|  3   4  93   0   0   0
2067B 2264B|  3   4  91   2   0   0
1228B   51000|  5   4  91   0   0   0
4298B  350000|  4   5  92   0   0   0
  13000 1189000|  4   4  92   0   0   0
  88000 5854000|  3   5  91   0   0   0
  47000   11000000|  3   6  91   0   0   0
  89000   16000000|  3   5  91   1   0   0
  68000   16000000|  4   5  90   0   0   1
 118000   18000000|  4   6  90   0   0   0
  73000   17000000|  5   4  91   0   0   0
 108000   18000000|  4   5  91   0   0   1
  88000   18000000|  5   4  91   0   0   1
  96000   17000000|  4   4  90   1   0   0
 106000   18000000|  4   5  90   0   0   0
  79000   16000000|  3   5  91   0   0   0
 116000   19000000|  5   4  91   0   0   0
  69000   16000000|  5   4  91   0   0   0
 113000   19000000|  4   5  91   0   0   0
  71000   16000000|  4   6  90   1   0   0
 110000   19000000|  3   6  91   0   0   0
  83000   16000000|  4   5  90   0   0   1
 103000   19000000|  4   5  91   0   0   0
 104000   16000000|  4   6  90   0   0   0
  96000   18000000|  5   5  90   0   0   0
  88000   17000000|  5   5  89   1   0   0
  77000   17000000|  3   5  91   0   0   0
  85000   18000000|  4   5  91   0   0   0
  80000   17000000|  4   6  90   0   0   0
  93000   19000000|  5   4  90   0   0   0
  81000   16000000|  4   5  91   0   0   1
  85000   19000000|  5   4  89   1   0   1
  79000   16000000|  3   5  91   0   0   0
  89000   19000000|  5   5  90   0   0   0
  70000   16000000|  5   4  90   0   0   1
  92000   18000000| 16   5  79   0   0   1
  76000   16000000| 29   6  64   0   0   1
  98000   18000000| 23   5  71   1   0   1
  48000 7257000|  5   5  91   0   0   0
2006B 1687B|  4   4  92   0   0   0
  10000  936B|  3   4  93   0   0   0
1284B 1792B|  4   4  92   0   0   0
1122B 2098B|  4   3  92   1   0   0
2006B   77000|  4   5  92   0   0   0
4194B  338000|  4   4  92   0   0   0
  19000 1681000|  3   6  91   0   0   0
  54000 5325000|  4   5  92   0   0   0
  55000   12000000|  5   4  91   0   0   0
  52000   14000000|  5   4  90   1   0   0
  78000   18000000|  4   4  91   0   0   1
  74000   17000000|  4   4  91   0   0   0
  68000   17000000|  5   5  90   0   0   1
  81000   18000000|  4   5  92   0   0   0
  64000   16000000|  3   5  92   0   0   0
  87000   19000000|  5   6  89   1   0   0
  63000   16000000|  4   5  91   0   0   0
  85000   19000000|  4   5  91   0   0   0
  63000   16000000|  4   4  91   0   0   1
  88000   19000000|  4   4  92   0   0   0
  75000   16000000|  4   4  91   0   0   1
  92000   19000000|  3   6  90   1   0   1
  89000   16000000|  4   4  91   0   0   1
  75000   19000000|  4   4  92   0   0   0
 112000   16000000|  4   4  91   0   0   1
  76000   18000000|  4   5  91   0   0   0
 114000   17000000|  6   4  90   0   0   0
  82000   17000000|  4   5  90   1   0   1
  88000   18000000|  4   4  92   0   0   0
  81000   17000000|  4   4  92   0   0   0
  87000   19000000|  4   5  90   0   0   0
  78000   16000000|  4   6  91   0   0   0
  94000   19000000|  5   5  90   0   0   0
  73000   16000000|  3   5  91   1   0   0
 104000   19000000|  5   5  91   0   0   0
  69000   16000000|  5   5  90   0   0   0
  94000   19000000|  4   5  91   0   0   0
  78000   16000000| 16   6  78   0   0   0
  89000   18000000| 29   4  65   0   0   1
  88000   17000000| 24   5  70   1   0   1
  50000 7714000|  5   4  91   0   0   0
2861B 1617B|  4   5  91   0   0   0
1962B 1626B|  3   4  93   0   0   0
2498B 1012B|  3   4  93   0   0   0
 798B 2098B|  3   5  90   2   0   0
1386B   77000|  4   4  92   0   0   0
5010B  439000|  3   4  93   0   0   0
  18000 1482000|  3   4  93   0   0   0
  62000 6757000|  3   4  93   0   0   0
  40000   11000000|  3   5  92   0   0   0
  81000   16000000|  4   5  91   1   0   0
  66000   16000000|  4   5  91   0   0   0
  93000   18000000|  4   4  92   0   0   0
  81000   16000000|  5   4  91   0   0   0
  79000   18000000|  4   5  91   0   0   0
  84000   16000000|  4   4  92   0   0   0
  90000   18000000|  4   4  90   1   0   0
  69000   16000000|  3   4  93   0   0   0
  89000   18000000|  4   4  91   0   0   0
  72000   17000000|  4   5  91   0   0   0
  85000   17000000|  4   4  92   0   0   0
  80000   18000000|  4   5  91   0   0   1
  73000   16000000|  3   4  91   1   0   0
  94000   18000000|  4   4  91   0   0   0
  67000   16000000|  4   5  92   0   0   0
  91000   18000000|  3   5  91   0   0   0
  69000   16000000|  3   5  92   0   0   1
  96000   18000000|  3   5  92   0   0   0
  70000   16000000|  4   4  90   1   0   1
  91000   18000000|  3   5  92   0   0   0
  92000   17000000|  4   4  92   0   0   0
  70000   17000000|  3   5  92   0   0   0
  90000   18000000|  4   4  92   0   0   0
  66000   16000000|  4   4  92   0   0   0
  89000   18000000|  4   4  90   1   0   1
  77000   16000000|  4   4  91   0   0   0
  81000   18000000|  5   5  90   0   0   0
  84000   16000000|  4   4  92   0   0   0
  90000   18000000|  4   5  91   0   0   0
  74000   16000000| 27   5  68   0   0   0
  90000   18000000| 29   5  65   1   0   1
  73000   16000000| 11   5  85   0   0   0
  12000 2365B|  5   4  91   0   0   0
1696B  786B|  3   3  94   0   0   0
1294B 1626B|  3   4  93   0   0   0
1417B 2772B|  3   3  94   0   0   0
1179B   15000|  4   4  91   1   0   0
3156B  172000|  3   3  94   0   0   0
  11000  916000|  4   4  92   0   0   0
  34000 2906000|  3   5  92   0   0   0
  62000   10000000|  3   5  91   0   0   0
  49000   13000000|  4   5  92   0   0   0
  80000   18000000|  4   5  90   1   0   0
  70000   17000000|  3   5  92   0   0   0
  84000   18000000|  3   6  90   0   0   0
  73000   18000000|  3   5  92   0   0   0
  86000   17000000|  3   6  92   0   0   0
  75000   18000000|  4   5  91   0   0   0
  82000   16000000|  4   5  90   1   0   1
  76000   19000000|  4   5  91   0   0   0
  79000   16000000|  4   4  92   0   0   0
  85000   19000000|  3   5  92   0   0   0
  81000   13000000|  4   5  91   0   0   1
4472B   93000|  3   4  93   0   0   0
1385B  175000|  3   5  91   1   0   0
2974B  368000|  4   5  92   0   0   0
3866B  611000|  3   4  93   0   0   0
5511B  878000|  4   4  92   0   0   0
8130B 1534000|  3   4  93   0   0   0
  10000 2402000|  3   5  92   0   0   0
  21000 4470000|  4   5  90   1   0   0
  30000 6537000|  3   5  92   0   0   0
  50000   11000000|  3   5  92   0   0   0
  52000   12000000|  3   4  92   0   0   0
  80000   15000000|  4   4  91   0   0   1
  65000   14000000|  3   5  91   0   0   0
  83000   17000000|  4   5  90   1   0   0
  81000   15000000|  4   5  92   0   0   0
  87000   18000000|  4   3  93   0   0   0
  88000   17000000|  3   6  91   0   0   1
  92000   18000000|  3   3  93   0   0   1
  82000   17000000|  4   4  92   0   0   1
  94000   17000000|  4   4  90   1   0   0
  95000   18000000|  5   4  91   0   0   0
  87000   17000000|  3   4  92   0   0   0
  82000   18000000|  3   6  91   0   0   0
 114000   16000000|  4   4  92   0   0   0
  92000   18000000|  3   5  91   0   0   1
 100000   16000000|  4   4  91   1   0   1
  82000   18000000| 23   5  72   0   0   0
  65000   16000000| 30   4  65   0   0   1
  73000   18000000| 17   5  78   0   0   1
  23000 1972000|  4   3  93   0   0   0
2811B 1751B|  4   4  93   0   0   0
1316B 1492B|  3   5  91   1   0   0
1612B 1092B|  3   3  94   0   0   0
1238B 8238B|  3   4  93   0   0   0
1444B  107000|  4   4  92   0   0   0
7180B  617000|  2   4  94   0   0   0
  24000 2049000|  3   5  93   0   0   0
  64000 8645000|  3   5  91   1   0   0
  64000 9815000|  3   5  92   0   0   0
  18000 2766000|  3   3  94   0   0   0
  28000 4136000|  3   4  93   0   0   0
  35000 7738000|  4   5  91   0   0   1
  51000 9873000|  4   4  92   0   0   0
  63000   11000000|  3   5  91   1   0   0
  63000   11000000|  4   4  93   0   0   0
  54000   12000000|  4   4  91   0   0   1
  79000   12000000|  4   5  92   0   0   0
  69000   13000000|  4   4  92   0   0   0
  68000   14000000|  3   3  93   0   0   0
  72000   12000000|  3   4  92   1   0   1
  75000   14000000|  3   4  93   0   0   0
  65000   13000000|  4   5  91   0   0   1
  87000   14000000|  4   4  91   0   0   0
  67000   13000000|  4   5  91   0   0   0
  80000   14000000|  5   4  91   0   0   0
  69000   13000000|  3   5  91   1   0   0
  77000   14000000|  4   4  92   0   0   0
  78000   14000000|  3   6  91   0   0   1
  58000   14000000|  4   4  91   0   0   0
  72000   14000000|  3   5  92   0   0   0
  73000   15000000|  4   4  92   0   0   0
  78000   16000000|  4   5  90   1   0   1
  73000   15000000|  4   4  92   0   0   1
  93000   18000000|  3   4  92   0   0   0
  91000   16000000|  4   5  91   0   0   1
  81000   18000000|  4   6  90   0   0   1
  87000   16000000|  3   4  93   0   0   0
  82000   18000000|  4   4  91   1   0   0
  78000   17000000|  3   4  93   0   0   0
  91000   18000000|  5   4  91   0   0   0
  87000   17000000|  4   5  91   0   0   0
  80000   17000000|  5   4  91   0   0   1
  91000   17000000|  4   5  91   0   0   0
  86000   17000000|  3   5  90   1   0   1
  85000   18000000| 16   5  78   0   0   1
  84000   17000000| 29   4  66   0   0   1
  96000   18000000| 24   5  72   0   0   0
  43000 6632000|  4   5  92   0   0   0
2729B 1703B|  3   3  94   0   0   0
1614B 1540B|  3   3  93   1   0   0
1378B 1012B|  4   4  93   0   0   0
1583B 2098B|  4   3  93   0   0   0
2419B   77000|  4   4  92   0   0   0
6264B  402000|  4   4  92   0   0   0
  19000 1760000|  4   4  92   0   0   0
  87000 7717000|  3   5  91   1   0   0
  43000   12000000|  3   4  93   0   0   0
  71000   17000000|  4   4  92   0   0   0
  68000   16000000|  3   5  92   0   0   1
  87000   19000000|  3   5  92   0   0   0
  95000   16000000|  4   4  91   0   0   1
  90000   19000000|  3   5  90   1   0   0
 108000   16000000|  4   4  92   0   0   0
  77000   19000000|  3   5  92   0   0   0
 115000   16000000|  3   5  92   0   0   0
  83000   19000000|  4   4  92   0   0   0
 109000   16000000|  3   4  93   0   0   0
  94000   19000000|  4   4  91   1   0   0
  73000   16000000|  4   5  91   0   0   0
  80000   18000000|  3   5  92   0   0   0
  74000   17000000|  4   4  92   0   0   1
  72000   17000000|  3   5  92   0   0   1
  74000   18000000|  4   5  91   0   0   1
  62000   17000000|  4   4  91   1   0   0
  72000   19000000|  3   5  92   0   0   0
  62000   16000000|  4   4  92   0   0   0
  71000   19000000|  3   5  91   0   0   1
  62000   16000000|  3   4  93   0   0   1
  71000   19000000|  3   4  92   0   0   1
  63000   16000000|  3   4  92   1   0   0
  73000   19000000|  3   4  93   0   0   0
  64000   16000000|  4   4  92   0   0   0
  76000   18000000|  4   4  92   0   0   1
  66000   17000000|  5   4  92   0   0   0
  69000   18000000|  3   4  93   0   0   0
  70000   18000000| 14   5  80   1   0   1
  66000   17000000| 28   5  66   0   0   1
  74000   18000000| 19   4  77   0   0   1
  32000 4213000|  3   5  92   0   0   0
2609B 1633B|  2   4  93   0   0   0
1496B 1540B|  3   3  93   0   0   0
1503B 1012B|  3   3  93   1   0   0
2004B 2246B|  3   4  93   0   0   0
2212B  142000|  3   4  92   0   0   0
7166B  608000|  3   3  94   0   0   0
  30000 2962000|  4   4  93   0   0   0
  55000 8045000|  3   5  92   0   0   0
  52000   14000000|  3   4  91   1   0   0
  52000   15000000|  4   4  92   0   0   0
  73000   19000000|  2   5  93   0   0   0
  45000 7691000|  3   4  93   0   0   0
 980B  102000|  3   4  93   0   0   0
1608B  236000|  3   4  93   0   0   0
1808B  354000|  3   3  93   1   0   0
3536B  734000|  3   5  93   0   0   0
4900B  867000|  3   4  93   0   0   0
7174B 1668000|  3   3  93   0   0   0
  11000 2335000|  3   4  93   0   0   0
  16000 2492000|  3   4  93   0   0   0
6336B 1348000|  3   3  93   1   0   0
  10000 2535000|  3   4  93   0   0   0
  11000 2468000|  3   4  93   0   0   0
  14000 3198000|  3   5  92   0   0   0
  13000 2873000|  3   3  94   0   0   0
  14000 3069000|  4   4  92   0   0   0
  13000 2935000|  2   4  93   1   0   0
  14000 3002000|  3   4  93   0   0   0
  12000 2868000|  3   3  94   0   0   0
  15000 3002000|  3   5  92   0   0   0
  23000 2375000|  2   5  93   0   0   0
9084B 1718000|  3   3  93   0   0   0
  13000 2602000|  4   4  91   1   0   0
  13000 2868000|  2   5  93   0   0   1
  14000 3069000|  2   4  94   0   0   0
  16000 3269000|  3   4  93   0   0   0
  18000 3469000|  3   5  93   0   0   0
  17000 3202000|  3   4  93   0   0   0
  19000 3402000|  4   3  92   1   0   0
  18000 3227000|  4   4  93   0   0   0
  18000 3456000|  4   3  93   0   0   0
  17000 3346000|  2   4  94   0   0   0
  20000 3780000|  4   5  92   0   0   0
  19000 3963000|  3   5  93   0   0   0
  22000 4443000|  4   4  92   1   0   0
  23000 5003000|  2   5  92   0   0   0
  25000 5737000|  3   4  93   0   0   0
  30000 6738000|  3   5  92   0   0   0
  34000 7894000|  3   4  93   0   0   0
  37000 9050000|  3   4  93   0   0   0
  45000   11000000|  3   5  91   1   0   0
  49000   12000000|  3   4  93   0   0   0
  58000   15000000|  3   4  92   0   0   0
  65000   16000000|  3   5  92   0   0   0
  73000   18000000|  3   5  92   0   0   0
  69000   17000000|  4   4  92   0   0   0
  71000   18000000|  3   6  91   1   0   0
  71000   17000000|  3   5  93   0   0   0
  68000   17000000|  4   4  92   0   0   0
  71000   17000000|  4   4  92   0   0   1
  67000   17000000|  4   4  92   0   0   1
  67000   17000000|  3   5  92   0   0   0
  69000   17000000|  4   4  91   1   0   0
  70000   18000000|  4   5  91   0   0   1
  67000   17000000|  3   5  92   0   0   0
  68000   18000000|  4   4  92   0   0   0
  69000   17000000|  3   4  92   0   0   1
  70000   18000000|  3   4  93   0   0   0
  68000   17000000|  4   4  90   1   0   1
  71000   18000000| 15   5  80   0   0   1
  66000   17000000| 28   4  67   0   0   1
  67000   17000000| 28   4  67   0   0   1
  59000   11000000|  4   5  91   0   0   0
2471B 2255B|  4   4  93   0   0   0
2098B 1060B|  3   5  92   1   0   0
1982B 1562B|  3   4  94   0   0   0
3449B 2398B|  3   5  93   0   0   0
1210B   30000|  3   4  93   0   0   0
3250B  261000|  3   4  93   0   0   0
  13000 1236000|  2   4  94   0   0   0
  41000 4050000|  4   4  91   1   0   0
  56000   12000000|  4   4  91   0   0   0
  48000   13000000|  3   4  93   0   0   0
  57000   11000000|  3   4  93   0   0   0
 740B   46000|  3   5  92   0   0   0
1554B  135000|  3   5  93   0   0   0
1434B  199000|  3   4  92   1   0   0
2272B  412000|  3   4  93   0   0   0
3320B  591000|  4   3  94   0   0   0
5016B 1010000|  2   5  93   0   0   0
6192B 1334000|  4   3  93   0   0   0
  13000 2468000|  3   5  92   0   0   0
  12000 3269000|  3   3  93   1   0   0
  21000 5870000|  3   4  93   0   0   0
  32000 9206000|  4   3  93   0   0   0
  42000   11000000|  4   4  91   0   0   1
  55000   14000000|  4   4  93   0   0   0
  53000   13000000|  4   4  92   0   0   0
  65000   16000000|  3   5  90   1   0   1
  60000   15000000|  3   5  93   0   0   0
  66000   13000000|  3   4  93   0   0   0
2132B  261000|  3   3  94   0   0   0
3166B  510000|  3   4  93   0   0   0
3824B  734000|  3   4  93   0   0   0
6202B 1334000|  3   4  93   1   0   0
8916B 2135000|  4   3  93   0   0   0
  14000 3402000|  3   3  94   0   0   0
  20000 5137000|  3   4  93   0   0   0
  29000 4717000|  3   3  94   0   0   0
  14000 3501000|  3   4  93   0   0   0
  23000 5598000|  3   3  93   1   0   0
  23000 5510000|  2   4  93   0   0   0
  27000 6137000|  4   4  93   0   0   0
  25000 5904000|  2   4  93   0   0   0
  33000 6503000|  3   4  93   0   0   0
  29000 6404000|  3   4  93   0   0   0
  26000 6204000|  3   4  91   1   0   0
  28000 6404000|  5   3  92   0   0   0
  26000 6137000|  4   4  93   0   0   0
  28000 6338000|  2   4  94   0   0   0
  26000 6204000|  4   4  92   0   0   0
  32000 6804000|  4   4  93   0   0   0
  29000 6671000|  3   4  93   1   0   0
  32000 7205000|  3   4  93   0   0   0
  32000 7405000|  4   4  93   0   0   0
  35000 8205000|  4   3  93   0   0   1
  38000 9006000|  3   5  92   0   0   0
  42000 9873000|  3   4  93   0   0   0
  46000   11000000|  3   4  91   1   0   1
  50000   12000000|  3   3  94   0   0   1
  57000   14000000|  3   4  92   0   0   0
  63000   15000000|  4   4  92   0   0   0
  72000   18000000|  3   4  92   0   0   1
  69000   17000000|  3   5  92   0   0   0
  72000   18000000|  2   5  91   1   0   1
  70000   17000000|  4   4  91   0   0   1
  72000   18000000|  3   4  93   0   0   0
  71000   17000000|  4   4  92   0   0   0
  73000   18000000|  4   4  92   0   0   0
  71000   17000000|  3   4  92   0   0   1
  71000   17000000|  3   4  91   2   0   0
  71000   18000000|  7   5  88   0   0   0
  69000   17000000| 28   5  66   0   0   1
  70000   18000000| 29   3  68   0   0   1
  61000   11000000|  4   5  90   0   0   1
2502B 2255B|  2   5  94   0   0   0
2060B 1060B|  2   3  93   1   0   0
1042B 1562B|  2   4  94   0   0   0
 938B 2398B|  3   4  94   0   0   0
1337B   45000|  2   4  94   0   0   0
4418B  391000|  3   3  95   0   0   0
  13000 1254000|  2   3  95   0   0   0
  62000 6065000|  3   3  92   1   0   0
  42000   12000000|  2   4  93   0   0   0
  56000   15000000|  2   6  92   0   0   0
  75000   18000000|  3   4  92   0   0   1
  67000   16000000|  4   4  92   0   0   0
  74000   18000000|  3   4  93   0   0   0
  64000   16000000|  4   3  93   1   0   0
  73000   19000000|  3   5  92   0   0   1
  64000   16000000|  3   5  93   0   0   0
  75000   19000000|  2   5  93   0   0   0
  64000   16000000|  3   5  93   0   0   0
  77000   19000000|  3   5  92   0   0   1
  64000   16000000|  4   5  90   1   0   0
  73000   19000000|  3   4  93   0   0   0
  66000   16000000|  3   4  93   0   0   1
  73000   18000000|  3   5  92   0   0   0
  70000   17000000|  3   5  92   0   0   0
  70000   17000000|  3   4  93   0   0   0
  75000   18000000|  3   5  91   1   0   0
  65000   16000000|  3   5  92   0   0   1
  74000   19000000|  3   3  93   0   0   1
  65000   16000000|  4   4  91   0   0   1
  75000   19000000|  4   4  92   0   0   1
  63000   16000000|  3   4  93   0   0   0
  73000   19000000|  3   4  92   1   0   0
  63000   16000000|  3   4  92   0   0   0
  72000   19000000|  3   4  93   0   0   0
  64000   16000000|  4   4  92   0   0   1
  73000   18000000|  2   4  93   0   0   1
  67000   17000000|  3   4  93   0   0   0
  71000   18000000| 17   4  78   1   0   0
  72000   18000000| 28   4  67   0   0   1
  67000   17000000| 24   4  72   0   0   1
  44000 7784000|  3   4  92   0   0   0
2891B 1773B|  2   4  95   0   0   0
1528B 1540B|  3   4  93   0   0   0
1118B 1012B|  2   3  94   1   0   0
4694B 2098B|  2   3  95   0   0   0
2258B   92000|  3   4  93   0   0   0
5366B  406000|  3   3  94   0   0   0
  22000 2120000|  3   3  94   0   0   0
  60000 7188000|  3   4  93   0   0   0
  47000   13000000|  3   5  92   1   0   0
  60000   16000000|  3   3  94   0   0   0
  64000   17000000|  2   4  94   0   0   0
  72000   19000000|  3   5  92   0   0   0
  62000   16000000|  3   4  93   0   0   0
  74000   19000000|  2   5  92   0   0   1
  63000   16000000|  3   4  92   1   0   0
  73000   19000000|  3   4  93   0   0   0
  63000   16000000|  4   3  93   0   0   0
  74000   19000000|  3   4  93   0   0   0
  62000   16000000|  2   3  94   0   0   1
  74000   19000000|  4   4  92   0   0   0
  65000   16000000|  3   4  92   1   0   0
  73000   19000000|  3   4  92   0   0   1
  68000   17000000|  3   4  92   0   0   0
  70000   17000000|  3   5  92   0   0   0
  74000   18000000|  3   4  93   0   0   1
  67000   16000000|  3   4  93   0   0   1
  77000   19000000|  3   3  93   1   0   0
  64000   16000000|  3   3  93   0   0   1
  73000   19000000|  3   4  93   0   0   1
  63000   16000000|  4   5  91   0   0   0
  74000   19000000|  4   3  93   0   0   1
  62000   16000000|  2   4  93   0   0   0
  75000   19000000|  3   4  91   1   0   1
  65000   16000000|  3   4  93   0   0   0
  73000   19000000|  3   4  92   0   0   0
  68000   16000000|  4   3  93   0   0   0
  73000   18000000|  4   5  92   0   0   0
  72000   17000000| 22   5  72   0   0   1
  70000   17000000| 28   4  66   1   0   0
  75000   19000000| 16   5  78   0   0   1
  27000 2883000|  3   4  93   0   0   0
3265B 1570B|  3   3  94   0   0   0
1636B 1492B|  2   4  94   0   0   0
1112B 1092B|  2   3  95   0   0   0
2620B 8238B|  3   3  93   1   0   0
1246B  104000|  2   4  94   0   0   0
5856B  522000|  2   3  95   0   0   0
  19000 1761000|  2   4  94   0   0   0
  63000 7869000|  3   4  93   0   0   0
  42000   11000000|  3   3  94   0   0   0
  63000   17000000|  3   3  92   1   0   0
  61000   16000000|  3   4  93   0   0   0
  73000   19000000|  2   4  93   0   0   1
  64000   16000000|  3   5  92   0   0   0
  74000   19000000|  3   4  92   0   0   0
  65000   16000000|  3   3  93   0   0   0
  70000   18000000|  3   3  93   1   0   0
  61000   14000000|  3   4  93   0   0   1
  54000   14000000|  2   4  94   0   0   0
  64000   16000000|  3   4  93   0   0   0
  61000   15000000|  3   4  93   0   0   0
  71000   18000000|  3   3  94   0   0   0
  63000   16000000|  3   3  93   1   0   0
  73000   18000000|  3   4  92   0   0   1
  65000   16000000|  3   5  92   0   0   0
  75000   18000000|  2   6  92   0   0   0
  67000   16000000|  3   5  92   0   0   0
  75000   18000000|  2   4  93   0   0   0
  69000   16000000|  2   3  93   1   0   1
  73000   18000000|  3   4  92   0   0   0
  74000   18000000|  3   3  93   0   0   1
  69000   17000000|  3   3  94   0   0   0
  74000   18000000|  3   4  93   0   0   0
  68000   16000000|  2   5  93   0   0   0
  74000   18000000|  3   5  91   1   0   1
  67000   16000000|  3   4  93   0   0   0
  75000   18000000|  3   5  92   0   0   1
  65000   16000000|  3   3  94   0   0   0
  74000   18000000|  3   4  93   0   0   1
  68000   16000000| 26   4  70   0   0   1
  76000   18000000| 28   4  67   1   0   1
  69000   16000000| 17   4  79   0   0   0
  29000 3670000|  3   4  93   0   0   0
3051B 1633B|  2   4  94   0   0   0
2007B 1540B|  3   3  95   0   0   0
2456B 1012B|  2   4  94   0   0   0
 942B 2246B|  2   4  92   1   0   0
2698B  131000|  3   4  93   0   0   0
6504B  548000|  3   3  94   0   0   0
  29000 2722000|  2   4  94   0   0   0
  59000 8886000|  2   4  93   0   0   0
  47000   13000000|  4   4  93   0   0   0
  64000   18000000|  3   4  93   1   0   0
  62000   16000000|  3   4  92   0   0   0
  73000   19000000|  3   5  92   0   0   1
  69000   16000000|  4   4  92   0   0   0
  73000   19000000|  3   3  94   0   0   1
  63000   16000000|  2   4  93   0   0   0
  71000   19000000|  3   4  93   1   0   0
  61000   16000000|  2   4  94   0   0   0
  72000   19000000|  3   3  93   0   0   1
  68000   16000000|  3   4  93   0   0   0
  73000   19000000|  3   5  92   0   0   0
  63000   16000000|  3   3  94   0   0   0
  71000   18000000|  3   4  93   1   0   1
  67000   17000000|  2   5  92   0   0   0
  68000   17000000|  3   4  93   0   0   0
  73000   19000000|  2   3  94   0   0   0
  62000   16000000|  3   4  93   0   0   0
  74000   19000000|  3   5  92   0   0   1
  62000   16000000|  3   5  92   1   0   0
  72000   19000000|  4   3  93   0   0   0
  62000   16000000|  3   3  94   0   0   0
  72000   19000000|  4   4  92   0   0   0
  63000   16000000|  3   3  94   0   0   0
  73000   19000000|  2   5  92   0   0   1
  64000   16000000|  3   4  92   1   0   1
  71000   18000000|  3   3  94   0   0   0
  65000   17000000|  3   5  92   0   0   0
  70000   18000000|  5   4  91   0   0   1
  70000   18000000| 28   4  68   0   0   1
  69000   17000000| 27   4  68   0   0   1
  74000   17000000| 12   4  83   1   0   1
  11000 2777B|  2   4  94   0   0   0
1532B  786B|  3   3  94   0   0   0
1170B 1626B|  2   4  94   0   0   0
1274B 2772B|  3   4  94   0   0   0
1515B 6290B|  3   3  93   1   0   0
2070B  166000|  3   4  94   0   0   0
6696B  575000|  2   3  94   0   0   0
  29000 2808000|  2   3  95   0   0   0
  54000 7735000|  2   4  94   0   0   0
  53000   14000000|  3   4  93   0   0   1
  59000   16000000|  3   4  93   1   0   0
  71000   18000000|  3   4  93   0   0   1
  69000   18000000|  2   4  94   0   0   0
  67000   17000000|  2   4  94   0   0   1
  72000   18000000|  3   4  93   0   0   0
  63000   16000000|  3   3  93   0   0   1
  72000   18000000|  3   5  92   1   0   0
  64000   16000000|  2   4  94   0   0   0
  74000   19000000|  3   4  93   0   0   1
  63000   16000000|  2   4  94   0   0   0
  74000   19000000|  3   4  92   0   0   0
  61000   16000000|  3   5  92   0   0   1
  72000   19000000|  2   4  93   1   0   0
  62000   16000000|  2   4  94   0   0   0
  72000   19000000|  2   3  95   0   0   0
  66000   17000000|  3   4  92   0   0   1
  69000   18000000|  3   3  94   0   0   0
  71000   18000000|  3   3  94   0   0   0
  65000   16000000|  2   4  92   1   0   0
  73000   18000000|  3   5  92   0   0   0
  64000   16000000|  2   4  94   0   0   0
  72000   19000000|  3   4  92   0   0   1
  62000   16000000|  3   5  92   0   0   1
  72000   19000000|  3   5  92   0   0   0
  63000   16000000|  2   4  92   1   0   0
  75000   19000000|  3   4  93   0   0   1
  64000   16000000|  2   4  93   0   0   0
  73000   19000000|  3   4  93   0   0   0
  67000   16000000| 23   5  72   0   0   0
  73000   18000000| 27   4  69   0   0   1
  72000   17000000| 13   4  82   1   0   0
  14000 2365B|  2   5  93   0   0   0
1760B  786B|  2   4  94   0   0   0
3216B 1626B|  2   4  94   0   0   0
1353B 2772B|  3   3  95   0   0   0
1008B   15000|  3   4  92   2   0   0
3495B  175000|  2   3  95   0   0   0
  11000  958000|  3   4  94   0   0   0
  35000 3258000|  3   3  94   0   0   0
  61000   11000000|  2   4  94   0   0   0
  49000   13000000|  2   4  94   0   0   0
  48000 9015000|  2   3  93   1   0   0
2062B  357000|  2   3  95   0   0   0
3784B  704000|  3   3  94   0   0   0
4798B  978000|  2   3  95   0   0   0
7320B 1801000|  3   3  94   0   0   0
  10000 2535000|  2   4  94   0   0   0
  18000 4536000|  3   4  93   1   0   0
  24000 6204000|  3   4  94   0   0   0
  41000   11000000|  3   4  94   0   0   0
  47000   12000000|  2   4  94   0   0   0
  56000   14000000|  2   5  93   0   0   1
  57000   14000000|  2   3  95   0   0   0
  64000   16000000|  2   5  92   1   0   1
  62000   16000000|  3   4  93   0   0   0
  69000   17000000|  3   4  93   0   0   0
  23000 1884000|  2   3  95   0   0   0
3566B  801000|  2   3  95   0   0   0
6064B 1534000|  2   3  95   0   0   0
8452B 2121000|  3   3  93   1   0   0
  14000 3693000|  3   3  94   0   0   0
  21000 5460000|  2   4  94   0   0   0
  34000 9606000|  3   4  93   0   0   0
  42000   11000000|  3   4  94   0   0   0
  53000   13000000|  2   4  93   0   0   0
  48000   12000000|  3   4  92   1   0   1
  61000   14000000|  3   4  93   0   0   0
  53000   13000000|  3   4  93   0   0   0
  60000   15000000|  3   5  93   0   0   0
  51000 9069000|  3   3  94   0   0   0
  24000 5910000|  2   4  95   0   0   0
  30000 8138000|  2   3  94   1   0   0
  45000   11000000|  2   5  93   0   0   1
  42000   10000000|  3   4  94   0   0   0
  49000   12000000|  3   3  94   0   0   1
  48000   12000000|  3   3  94   0   0   0
  48000   12000000|  3   4  93   0   0   0
  50000   12000000|  3   4  92   1   0   0
  51000   12000000|  2   3  95   0   0   0
  52000   12000000|  2   4  94   0   0   0
  49000   12000000|  3   3  94   0   0   0
  52000   12000000|  3   3  94   0   0   0
  48000   11000000|  3   3  93   0   0   0
  49000   12000000|  3   4  93   1   0   0
  48000   11000000|  2   4  94   0   0   0
  54000   13000000|  3   4  93   0   0   1
  51000   12000000|  3   4  94   0   0   0
  64000   14000000|  3   4  93   0   0   1
  59000   14000000|  2   4  93   0   0   0
  58000   14000000|  2   4  93   1   0   0
  62000   15000000| 13   4  83   0   0   1
  65000   16000000| 27   4  69   0   0   1
  72000   18000000| 28   4  68   0   0   1
  70000   13000000|  5   4  90   0   0   1
2631B 2161B|  2   3  94   0   0   0
1794B  716B|  2   3  93   1   0   0
1416B 2000B|  2   3  95   0   0   0
1316B 2398B|  2   4  94   0   0   0
 948B   15000|  2   4  94   0   0   0
2776B  228000|  2   3  95   0   0   0
  12000 1118000|  2   3  95   0   0   0
  38000 3682000|  2   3  94   1   0   0
  59000   11000000|  2   3  95   0   0   0
  49000   13000000|  2   3  94   0   0   0
  71000   18000000|  2   3  94   0   0   1
  64000   16000000|  3   4  93   0   0   1
  72000   19000000|  2   4  93   0   0   1
  63000   16000000|  3   3  93   1   0   0
  74000   19000000|  3   3  94   0   0   0
  64000   16000000|  3   4  93   0   0   1
  75000   19000000|  2   4  94   0   0   0
  62000   16000000|  3   4  93   0   0   0
  75000   19000000|  3   4  93   0   0   1
  65000   17000000|  2   4  92   1   0   1
  71000   18000000|  2   4  94   0   0   0
  70000   18000000|  3   4  93   0   0   0
  67000   17000000|  2   4  94   0   0   1
  73000   18000000|  3   4  93   0   0   0
  64000   16000000|  3   4  93   0   0   1
  33000 4025000|  2   3  94   1   0   0
2500B  412000|  2   3  95   0   0   0
4546B  855000|  2   3  95   0   0   0
6740B 1334000|  2   4  94   0   0   0
  10000 2268000|  3   3  95   0   0   0
  16000 3936000|  2   3  95   0   0   0
  23000 6004000|  2   4  93   1   0   0
  39000   10000000|  3   4  93   0   0   0
  50000   12000000|  3   4  93   0   0   0
  58000   14000000|  4   3  93   0   0   0
  59000   14000000|  3   5  93   0   0   0
  68000   16000000|  3   3  93   0   0   1
  66000   15000000|  3   3  92   1   0   1
  74000   17000000|  2   4  94   0   0   0
  72000   17000000|  2   4  94   0   0   0
  70000   17000000|  2   4  93   0   0   1
  72000   18000000|  4   4  92   0   0   0
  55000 9243000|  3   3  94   0   0   0
2012B  382000|  2   3  93   1   0   0
3164B  544000|  2   4  94   0   0   0
4164B  924000|  2   3  95   0   0   0
7190B 1644000|  2   3  94   0   0   0
  11000 2492000|  2   4  94   0   0   0
  18000 3171000|  2   4  94   0   0   0
  12000 2735000|  2   3  94   1   0   0
  14000 3135000|  2   3  94   0   0   0
  13000 3069000|  2   3  94   0   0   0
  15000 3202000|  2   4  94   0   0   1
  16000 3402000|  2   4  94   0   0   0
  17000 3217000|  2   4  95   0   0   0
  17000 3402000|  2   4  93   1   0   0
  16000 3214000|  2   4  94   0   0   0
  17000 3487000|  4   2  94   0   0   0
  15000 3358000| 24   4  71   0   0   1
  18000 3736000| 28   3  69   0   0   0
  19000 4003000| 27   4  69   0   0   0
  20000 4696000| 28   3  69   1   0   0
  22000 4982000| 28   3  69   0   0   0
  26000 6131000| 27   3  69   0   0   1
  29000 6671000| 27   3  70   0   0   0
  35000 8472000| 27   3  70   0   0   1
  36000 8984000| 18   3  79   0   0   0
  40000 7654000|  3   3  94   1   0   0
2253B 2255B|  3   4  93   0   0   0
1824B 1060B|  2   3  95   0   0   0
5094B 1562B|  3   2  95   0   0   0
1130B 2398B|  2   3  95   0   0   0
1364B   30000|  2   4  94   1   0   0
3309B  219000|  2   4  94   0   0   0
  12000 1127000|  2   3  95   0   0   0
  53000 5111000|  3   3  94   0   0   0
  44000   10000000|  2   3  94   0   0   0
  57000   16000000|  3   4  93   0   0   0
  61000   16000000|  3   4  93   1   0   1
  70000   18000000|  3   3  93   0   0   0
  63000   16000000|  2   4  93   0   0   0
  73000   18000000|  2   4  94   0   0   0
  64000   16000000|  2   4  94   0   0   1
  73000   18000000|  2   5  93   0   0   0
  63000   16000000|  3   4  93   1   0   0
  74000   19000000|  2   4  94   0   0   1
  66000   16000000|  2   5  93   0   0   0
  73000   19000000|  3   4  94   0   0   0
  67000   17000000|  3   3  94   0   0   0
  71000   18000000|  3   3  94   0   0   0
  75000   18000000|  2   3  94   1   0   0
  66000   17000000|  2   3  95   0   0   0
  73000   18000000|  2   5  93   0   0   1
  65000   16000000|  2   3  94   0   0   0
  74000   18000000|  2   3  95   0   0   0
  63000   16000000|  2   4  94   0   0   0
  75000   18000000|  3   4  93   1   0   0
  64000   16000000|  2   4  94   0   0   0
  75000   18000000|  2   4  93   0   0   0
  65000   16000000|  3   3  93   0   0   1
  74000   18000000|  2   4  94   0   0   0
  66000   16000000|  2   4  93   0   0   0
  75000   18000000|  3   4  93   1   0   0
  69000   17000000|  3   4  94   0   0   0
  69000   17000000|  2   5  93   0   0   1
  72000   18000000|  6   4  91   0   0   0
  66000   16000000| 27   5  68   0   0   0
  26000 2049000| 26   5  69   0   0   0
2202B  400000| 26   4  69   1   0   0
3820B  734000| 27   3  70   0   0   0
5352B 1134000| 26   3  70   0   0   0
8486B 2068000| 27   3  70   0   0   0
  11000 2868000| 28   3  69   0   0   0
  19000 5003000| 27   3  69   0   0   0
  28000 7539000| 16   4  79   1   0   0
  37000 7201000|  2   4  94   0   0   0
2637B 2255B|  2   3  95   0   0   0
2152B 1060B|  2   3  95   0   0   0
4628B 1696B|  2   3  95   0   0   0
6110B 2354B|  2   3  94   1   0   0
1828B   62000|  2   3  95   0   0   0
4974B  365000|  2   3  95   0   0   0
  20000 1915000|  3   3  94   0   0   0
  56000 5907000|  2   4  95   0   0   0
  48000   13000000|  2   3  95   0   0   0
  54000   15000000|  1   4  94   1   0   0
  72000   19000000|  2   5  93   0   0   0
  68000   17000000|  3   4  93   0   0   1
  68000   17000000|  3   4  93   0   0   0
  72000   18000000|  2   4  94   0   0   0
  65000   16000000|  2   4  94   0   0   0
  73000   18000000|  2   4  93   1   0   1
  63000   16000000|  2   4  94   0   0   1
  73000   19000000|  3   4  93   0   0   1
  65000   16000000|  2   4  94   0   0   0
  74000   19000000|  2   4  94   0   0   0
  63000   16000000|  1   4  95   0   0   0
  73000   19000000|  2   5  93   1   0   0
  61000   16000000|  1   4  95   0   0   1
  73000   19000000|  3   3  93   0   0   1
  65000   16000000|  3   3  94   0   0   1
  70000   18000000|  3   3  94   0   0   0
  71000   18000000|  2   3  95   0   0   0
  68000   17000000|  3   3  93   1   0   0
  74000   18000000|  3   4  94   0   0   0
  65000   16000000|  2   4  93   0   0   0
  73000   18000000|  2   4  93   0   0   0
  64000   16000000|  3   3  94   0   0   0
  73000   19000000|  2   4  94   0   0   0
  64000   16000000|  3   3  93   1   0   0
  74000   19000000|  3   4  93   0   0   1
  64000   16000000|  3   4  94   0   0   0
  76000   19000000|  3   3  95   0   0   0
  65000   16000000| 24   3  73   0   0   1
  74000   18000000| 28   3  69   0   0   1
  69000   17000000| 14   4  81   1   0   1
  24000 2485000|  2   4  94   0   0   0
2813B 1570B|  2   3  95   0   0   0
1730B 1492B|  2   3  95   0   0   0
1864B 1092B|  2   3  95   0   0   0
1187B 8238B|  1   3  94   1   0   0
1793B  125000|  2   3  95   0   0   0
9724B  735000|  1   4  95   0   0   0
  26000 2467000|  2   3  95   0   0   0
  62000 9692000|  2   4  95   0   0   0
  49000   13000000|  2   4  94   0   0   1
  63000   17000000|  2   4  94   1   0   0
  71000   18000000|  3   3  94   0   0   0
  67000   16000000|  2   4  94   0   0   0
  76000   19000000|  3   3  94   0   0   0
  63000   16000000|  3   3  94   0   0   0
  73000   19000000|  3   3  94   0   0   1
  63000   16000000|  3   3  93   1   0   0
  73000   19000000|  3   3  94   0   0   0
  63000   16000000|  2   4  94   0   0   1
  75000   19000000|  1   4  94   0   0   0
  65000   16000000|  1   4  94   0   0   0
  74000   19000000|  3   3  94   0   0   0
  64000   16000000|  1   3  94   1   0   0
  72000   18000000|  2   4  94   0   0   0
  69000   17000000|  2   4  94   0   0   1
  69000   17000000|  2   4  94   0   0   0
  73000   18000000|  2   4  94   0   0   0
  21000 1104000|  2   3  94   0   0   0
3714B  494000|  2   4  94   1   0   0
4508B  789000|  2   2  96   0   0   0
6624B 1386000|  2   3  95   0   0   0
  12000 2335000|  2   3  95   0   0   0
  19000 3936000|  2   3  95   0   0   0
  26000 6271000|  2   4  94   0   0   0
  40000   10000000|  2   3  93   1   0   1
  53000   13000000|  2   4  94   0   0   0
  57000   14000000|  2   4  94   0   0   0
  60000   15000000|  2   3  94   0   0   0
  64000   15000000|  3   4  93   0   0   0
  65000   16000000|  3   4  93   0   0   0
  69000   16000000|  2   4  93   1   0   0
  72000   17000000|  3   4  93   0   0   1
  69000   16000000|  2   3  94   0   0   0
  72000   17000000|  2   4  93   0   0   1
  67000   16000000|  2   3  95   0   0   0
  70000   18000000| 20   4  75   0   0   1
  68000   17000000| 26   4  69   1   0   1
  70000   17000000| 20   4  76   0   0   1
  35000 5344000|  2   5  94   0   0   0
2742B 1633B|  2   3  95   0   0   0
1304B 1540B|  2   3  96   0   0   0
1066B 1012B|  2   3  95   0   0   0
1362B 2176B|  2   2  95   2   0   0
1168B   83000|  3   2  95   0   0   0
5358B  477000|  2   3  95   0   0   0
  16000 1518000|  2   3  95   0   0   0
  61000 6944000|  2   2  95   0   0   1
  38000   11000000|  2   4  94   0   0   0
  60000   17000000|  2   3  93   1   0   0
  60000   16000000|  2   3  94   0   0   1
  71000   19000000|  2   3  94   0   0   0
  63000   16000000|  2   4  94   0   0   0
  70000   18000000|  3   3  94   0   0   0
  68000   18000000|  3   3  94   0   0   0
  67000   17000000|  2   3  93   1   0   1
  74000   19000000|  2   3  95   0   0   0
  63000   16000000|  3   3  94   0   0   0
  74000   19000000|  3   4  94   0   0   0
  62000   16000000|  2   3  95   0   0   0
  74000   19000000|  3   3  94   0   0   1
  64000   16000000|  2   4  93   1   0   0
  74000   19000000|  2   4  94   0   0   0
  63000   16000000|  3   2  95   0   0   0
  73000   19000000|  2   4  94   0   0   0
  64000   16000000|  2   4  94   0   0   0
  74000   19000000|  3   3  94   0   0   1
  67000   17000000|  3   3  93   1   0   0
  72000   18000000|  2   4  93   0   0   1
  73000   18000000|  3   3  94   0   0   0
  66000   16000000|  2   4  94   0   0   0
  73000   19000000|  2   3  95   0   0   0
  65000   16000000|  3   3  93   0   0   1
  73000   19000000|  2   4  92   1   0   0
  39000 5604000|  2   3  95   0   0   0
2488B  411000|  2   3  95   0   0   0
2860B  566000|  2   3  95   0   0   0
5062B 1001000|  2   3  95   0   0   0
5202B 1334000|  2   3  95   0   0   0
  18000 2602000|  2   3  94   1   0   0
  13000 3402000|  2   3  95   0   0   0
  23000 6337000|  2   3  95   0   0   0
  33000 8969000|  2   2  96   0   0   0
  47000   12000000|  2   4  95   0   0   0
  54000   13000000|  3   3  94   0   0   0
  57000   14000000| 25   4  70   2   0   1
  62000   15000000| 26   5  69   0   0   0
  63000   16000000| 24   4  73   0   0   0
  46000 8009000|  2   4  94   0   0   0
2395B 1687B|  1   2  96   0   0   0
1962B  916B|  2   3  96   0   0   0
1928B 1722B|  2   2  95   2   0   0
1342B 2098B|  2   3  95   0   0   0
1426B   54000|  1   3  96   0   0   0
4622B  385000|  2   3  95   0   0   0
  19000 1782000|  2   2  96   0   0   0
  55000 5534000|  2   3  95   0   0   0
  46000   13000000|  3   3  93   1   0   1
  52000   14000000|  2   4  95   0   0   0
  71000   19000000|  2   4  94   0   0   0
  65000   16000000|  3   3  94   0   0   1
  73000   19000000|  2   3  94   0   0   1
  62000   16000000|  3   4  94   0   0   0
  73000   19000000|  2   4  93   1   0   0
  63000   16000000|  3   4  94   0   0   0
  72000   19000000|  2   3  95   0   0   0
  64000   16000000|  2   3  95   0   0   0
  74000   19000000|  2   3  94   0   0   1
  70000   17000000|  3   3  52  43   0   0
  73000   18000000|  3   3  23  70   0   1
  74000   18000000|  2   4  20  74   0   0
  70000   17000000|  2   3  71  23   0   1
  76000   19000000|  2   4  94   0   0   1
  67000   16000000|  3   3  94   0   0   0
  73000   19000000|  2   4  94   0   0   0
  64000   16000000|  2   3  93   1   0   0
  73000   19000000|  2   4  94   0   0   0
  64000   16000000|  2   3  95   0   0   0
  73000   19000000|  2   3  95   0   0   0
  65000   16000000|  2   4  94   0   0   0
  74000   19000000|  3   3  94   0   0   0
  68000   16000000|  2   3  93   1   0   1
  72000   18000000|  1   4  94   0   0   0
  67000   17000000|  3   3  94   0   0   0
  69000   18000000|  3   3  94   0   0   1
  73000   18000000|  2   3  95   0   0   0
  65000   17000000| 14   4  81   1   0   0
  74000   19000000| 26   4  69   0   0   1
  64000   16000000| 23   3  73   0   0   1
  46000 8467000|  3   3  94   0   0   0
2101B 1687B|  1   2  97   0   0   0
1864B  846B|  1   3  96   0   0   0
1508B 1792B|  1   3  95   2   0   0
 962B 2098B|  2   2  96   0   0   0
2359B  119000|  2   2  96   0   0   0
6408B  528000|  1   3  96   0   0   0
  28000 2701000|  2   3  95   0   0   0
  57000 7695000|  1   3  96   0   0   0
  53000   15000000|  2   3  93   1   0   0
  33000 5181000|  2   2  96   0   0   0
  11000 2883000|  2   3  79  15   0   0
  17000 3749000|  2   2  53  43   0   0
  26000 6943000|  2   3  71  25   0   0
  33000 8778000|  2   3  74  21   0   0
  52000   13000000|  2   4  50  43   0   0
  52000   12000000|  3   3  64  30   0   0
  60000   14000000|  2   3  60  35   0   0
  62000   15000000|  2   4  93   1   0   1
  56000   14000000|  3   3  94   0   0   0
  65000   16000000|  3   3  94   0   0   0
  55000   14000000|  2   4  93   1   0   0
  67000   17000000|  2   4  94   0   0   1
  58000   14000000|  2   3  94   0   0   0
  67000   17000000|  2   3  94   0   0   1
  58000   14000000|  2   4  94   0   0   0
  66000   16000000|  2   3  95   0   0   0
  59000   15000000|  3   3  93   1   0   0
  66000   16000000|  1   3  95   0   0   0
  68000   16000000|  2   3  94   0   0   0
  63000   15000000|  2   4  94   0   0   1
  69000   17000000|  2   4  94   0   0   0
  63000   15000000|  2   4  94   0   0   0
  71000   18000000|  2   4  93   1   0   0
  65000   16000000|  2   3  94   0   0   1
  75000   18000000|  2   3  94   0   0   0
  67000   16000000|  3   3  94   0   0   0
  77000   18000000|  2   4  94   0   0   0
  68000   16000000|  2   3  95   0   0   0
  76000   18000000|  2   3  93   2   0   0
  68000   16000000|  2   4  94   0   0   0
  76000   18000000|  2   3  94   0   0   1
  71000   17000000|  3   3  94   0   0   0
  71000   18000000| 10   4  86   0   0   0
  76000   18000000| 26   3  70   0   0   0
  69000   16000000| 26   3  70   1   0   1
  71000   13000000|  4   4  91   0   0   1
2773B 2529B|  2   3  95   0   0   0
1974B 1060B|  1   3  96   0   0   0
1294B 1562B|  2   3  96   0   0   0
1691B 2398B|  2   3  96   0   0   0
1296B   30000|  2   3  93   2   0   0
4228B  208000|  2   3  95   0   0   0
  11000 1053000|  2   2  96   0   0   0
  34000 3315000|  1   4  95   0   0   0
  60000   11000000|  2   3  95   0   0   0
  48000   13000000|  1   3  96   0   0   0
  71000   18000000|  2   4  93   1   0   0
  66000   16000000|  2   3  94   0   0   1
  71000   18000000|  2   4  95   0   0   0
  72000   18000000|  2   4  94   0   0   0
  65000   17000000|  1   3  95   0   0   0
  74000   19000000|  2   4  93   0   0   0
  63000   16000000|  2   4  93   1   0   0
  74000   19000000|  2   3  95   0   0   0
  65000   16000000|  2   3  95   0   0   0
  73000   19000000|  2   4  94   0   0   0
  64000   16000000|  2   4  94   0   0   1
  78000   19000000|  2   4  94   0   0   0
  65000   16000000|  2   4  92   2   0   1
  75000   19000000|  2   4  94   0   0   0
  66000   16000000|  2   3  95   0   0   0
  76000   18000000|  2   4  94   0   0   0
  68000   17000000|  2   3  95   0   0   0
  70000   18000000|  2   4  94   0   0   0
  76000   18000000|  2   4  94   1   0   0
  70000   16000000|  2   3  94   0   0   1
  76000   19000000|  2   3  94   0   0   0
  64000   16000000|  2   3  95   0   0   0
  74000   19000000|  2   4  94   0   0   0
  65000   16000000|  3   2  95   0   0   0
  72000   19000000|  2   4  93   1   0   1
  64000   16000000|  2   3  95   0   0   1
  74000   18000000|  2   3  95   0   0   0
  65000   16000000| 11   4  85   0   0   0
  73000   18000000| 27   3  69   0   0   1
  68000   16000000| 27   3  70   0   0   0
  63000   11000000|  2   4  93   1   0   0
2840B 1687B|  1   3  96   0   0   0
1860B  846B|  2   3  96   0   0   0
3917B 1626B|  2   3  96   0   0   0
 980B 2264B|  1   3  96   0   0   0
1749B   54000|  1   3  94   2   0   0
5202B  427000|  2   2  96   0   0   0
  15000 1417000|  1   3  96   0   0   0
  64000 6724000|  2   2  96   0   0   0
  41000   11000000|  2   3  95   0   0   0
  62000   17000000|  2   3  95   0   0   0
  61000   16000000|  2   4  93   1   0   0
  72000   19000000|  2   3  95   0   0   1
  62000   16000000|  2   3  95   0   0   0
  72000   19000000|  1   4  95   0   0   0
  61000   16000000|  2   3  95   0   0   0
  73000   19000000|  2   2  96   0   0   0
  61000   16000000|  2   3  94   1   0   0
  73000   19000000|  2   4  93   0   0   0
  63000   16000000|  2   4  95   0   0   0
  70000   18000000|  2   3  94   0   0   1
  67000   17000000|  2   3  95   0   0   0
  66000   17000000|  2   3  95   0   0   0
  71000   18000000|  2   4  93   1   0   0
  64000   16000000|  3   3  93   0   0   0
  27000 2492000|  1   3  96   0   0   0
2326B  371000|  1   2  97   0   0   0
4030B  763000|  2   3  96   0   0   0
3948B  934000|  2   2  96   0   0   0
6740B 1714000|  2   3  95   1   0   0
8854B 2289000|  2   2  96   0   0   0
  15000 4269000|  2   3  96   0   0   0
  20000 5498000|  2   3  95   0   0   0
  34000 9978000|  2   4  95   0   0   0
  42000   11000000|  2   3  95   0   0   0
  56000   15000000|  2   3  94   2   0   0
  55000   15000000|  1   4  95   0   0   0
  58000   15000000|  2   3  95   0   0   0
  66000   17000000|  1   4  94   0   0   0
  59000   15000000|  2   3  95   0   0   0
  70000   18000000|  2   3  95   0   0   1
  62000   16000000|  2   3  94   1   0   0
  73000   18000000|  1   4  95   0   0   0
  65000   16000000|  2   3  95   0   0   1
  73000   19000000|  2   3  95   0   0   0
  64000   16000000|  2   3  96   0   0   0
  73000   18000000| 10   3  87   0   0   1
  64000   16000000| 27   3  69   1   0   1
  74000   18000000| 26   3  70   0   0   1
  64000   12000000|  4   4  92   0   0   1
2185B 2255B|  1   3  96   0   0   0
1718B 1060B|  1   3  96   0   0   0
1102B 1562B|  2   2  96   0   0   0
1134B 2398B|  1   2  95   1   0   0
 956B   33000|  2   3  95   0   0   0
3900B  341000|  1   2  96   0   0   0
  13000 1162000|  1   3  96   0   0   0
  59000 5685000|  1   3  95   0   0   0
  40000   10000000|  2   3  95   0   0   0
  61000   16000000|  2   3  94   1   0   0
  62000   16000000|  1   3  96   0   0   0
  73000   19000000|  2   3  95   0   0   0
  62000   16000000|  2   3  95   0   0   0
  71000   19000000|  1   5  94   0   0   0
  63000   16000000|  2   3  94   0   0   0
  72000   19000000|  1   3  95   1   0   0
  67000   17000000|  2   3  95   0   0   1
  69000   18000000|  2   3  95   0   0   0
  71000   18000000|  2   3  94   0   0   0
  63000   16000000|  2   4  94   0   0   0
  71000   19000000|  2   3  95   0   0   0
  62000   16000000|  2   4  94   1   0   0
  72000   19000000|  2   3  95   0   0   0
  62000   16000000|  1   4  94   0   0   0
  72000   19000000|  2   3  95   0   0   1
  62000   16000000|  2   3  95   0   0   0
  72000   19000000|  2   4  94   0   0   1
  64000   16000000|  2   3  94   1   0   0
  73000   19000000|  2   3  95   0   0   0
  69000   16000000|  2   4  95   0   0   0
  72000   18000000|  1   3  95   0   0   1
  68000   17000000|  1   4  95   0   0   0
  69000   17000000|  2   3  95   0   0   0
  73000   18000000|  2   3  94   1   0   0
  63000   16000000|  1   3  95   0   0   1
  72000   18000000|  2   3  95   0   0   0
  63000   16000000|  2   4  95   0   0   0
  73000   19000000| 12   3  84   0   0   1
  63000   16000000| 26   3  71   0   0   1
  74000   19000000| 24   3  71   1   0   1
  47000 8546000|  1   4  94   0   0   0
2425B 1687B|  1   2  96   0   0   0
2174B  846B|  2   2  96   0   0   0
1490B 1626B|  1   2  96   0   0   0
 916B 2264B|  1   3  97   0   0   0
1548B   60000|  2   3  94   2   0   0
5506B  486000|  2   2  96   0   0   0
  18000 1580000|  2   3  96   0   0   0
  62000 7230000|  1   3  96   0   0   0
  40000   11000000|  1   3  95   0   0   0
  60000   17000000|  2   3  95   0   0   0
  62000   16000000|  2   3  94   1   0   0
  71000   19000000|  2   3  94   0   0   0
  61000   16000000|  2   3  95   0   0   0
  71000   19000000|  1   3  95   0   0   1
  62000   16000000|  2   3  96   0   0   0
  72000   18000000|  2   4  94   0   0   0
  66000   17000000|  2   3  94   1   0   0
  67000   17000000|  2   3  95   0   0   0
  72000   18000000|  2   3  95   0   0   0
  65000   16000000|  2   3  95   0   0   0
  73000   19000000|  2   2  96   0   0   0
  62000   16000000|  1   3  96   0   0   0
  74000   19000000|  2   3  94   1   0   0
  69000   16000000|  1   3  95   0   0   0
  72000   19000000|  2   3  95   0   0   0
  62000   16000000|  2   3  95   0   0   0
  72000   19000000|  1   3  95   0   0   0
  63000   16000000|  2   3  95   0   0   0
  73000   19000000|  2   3  94   1   0   1
  65000   17000000|  2   3  95   0   0   0
  70000   18000000|  1   2  96   0   0   1
  70000   18000000|  2   3  95   0   0   1
  66000   17000000|  1   4  95   0   0   0
  72000   19000000|  2   4  95   0   0   0
  61000   16000000|  1   3  94   1   0   0
  73000   19000000|  2   3  96   0   0   0
  62000   16000000|  2   3  95   0   0   0
  71000   19000000| 24   3  72   0   0   1
  64000   16000000| 26   3  71   0   0   0
  75000   19000000| 15   3  81   0   0   0
  23000 2306000|  1   2  96   1   0   0
2679B 1633B|  2   2  96   0   0   0
1326B 1610B|  1   2  97   0   0   0
1070B  942B|  1   2  97   0   0   0
2057B 2316B|  1   3  96   0   0   0
1682B  127000|  1   2  95   2   0   0
7968B  688000|  1   2  96   0   0   0
  24000 2256000|  1   2  97   0   0   0
  62000 9086000|  1   3  96   0   0   0
  43000   12000000|  1   3  96   0   0   0
  65000   18000000|  1   4  95   0   0   0
  60000   16000000|  1   3  95   1   0   0
  72000   19000000|  1   3  96   0   0   0
  61000   16000000|  2   3  95   0   0   0
  72000   19000000|  1   4  95   0   0   0
  62000   16000000|  1   3  95   0   0   0
  72000   19000000|  1   4  95   0   0   0
  61000   16000000|  1   3  95   1   0   0
  71000   19000000|  1   4  95   0   0   0
  65000   17000000|  1   3  96   0   0   0
  67000   18000000|  1   4  95   0   0   0
  70000   18000000|  1   3  95   0   0   0
  62000   16000000|  2   3  95   0   0   0
  72000   19000000|  2   3  94   1   0   0
  61000   16000000|  2   3  95   0   0   0
  73000   19000000|  1   3  96   0   0   0
  61000   16000000|  1   3  96   0   0   0
  74000   19000000|  1   3  96   0   0   0
  63000   16000000|  2   3  95   0   0   0
  73000   19000000|  2   3  94   1   0   0
  62000   16000000|  2   3  95   0   0   1
  72000   19000000|  2   4  95   0   0   0
  63000   16000000|  1   2  96   0   0   1
  68000   18000000|  2   3  95   0   0   1
  68000   17000000|  2   2  95   0   0   1
  65000   17000000|  2   3  94   2   0   0
  71000   19000000|  1   3  95   0   0   0
  61000   16000000|  2   3  94   0   0   1
  71000   19000000| 25   3  71   0   0   1
  63000   16000000| 25   3  71   0   0   1
  73000   18000000| 12   3  85   0   0   0
  12000 1447B|  1   3  95   2   0   0
2656B 1570B|  1   2  97   0   0   0
1634B 1760B|  1   2  97   0   0   0
1034B  824B|  2   1  97   0   0   0
4778B 8238B|  1   3  96   0   0   0
2564B  178000|  1   3  95   1   0   0
6626B  620000|  1   3  97   0   0   0
  31000 3021000|  1   2  96   0   0   0
  63000 9974000|  2   2  97   0   0   0
  46000   13000000|  1   3  96   0   0   0
  67000   18000000|  1   3  96   0   0   0
  62000   16000000|  2   3  95   1   0   0
  73000   19000000|  1   4  95   0   0   0
  60000   16000000|  2   2  96   0   0   0
  73000   19000000|  2   3  96   0   0   0
  61000   16000000|  1   3  95   0   0   0
  72000   19000000|  2   2  96   0   0   0
  61000   16000000|  2   3  94   2   0   1
  72000   19000000|  1   3  96   0   0   0
  61000   16000000|  1   3  96   0   0   0
  71000   19000000|  1   2  97   0   0   0
  66000   17000000|  1   3  95   0   0   1
  68000   18000000|  1   2  97   0   0   0
  70000   18000000|  2   3  95   1   0   0
  66000   17000000|  2   3  96   0   0   0
  73000   18000000|  1   3  96   0   0   0
  65000   16000000|  2   3  96   0   0   0
  74000   19000000|  2   2  96   0   0   1
  64000   16000000|  2   3  96   0   0   0
  73000   19000000|  1   3  95   1   0   1
  62000   16000000|  2   3  95   0   0   0
  74000   19000000|  1   3  96   0   0   0
  63000   16000000|  2   3  96   0   0   0
  73000   19000000|  2   3  95   0   0   0
  64000   16000000|  1   3  96   0   0   0
  70000   18000000|  1   4  93   2   0   0
  67000   17000000|  1   3  96   0   0   0
  68000   17000000|  7   3  90   0   0   1
  72000   18000000| 26   2  71   0   0   1
  63000   16000000| 26   2  72   0   0   1
  72000   15000000|  7   3  90   0   0   0
2637B 2459B|  0   1  96   2   0   0
1842B 1060B|  0   0 100   0   0   0
1170B 1562B|  0   0 100   0   0   0
1386B 2398B|  0   0 100   0   0   0
1179B   30000|  0   0  99   0   0   0
4042B  338000|  0   0  98   1   0   0
  13000 1174000|  0   0 100   0   0   0
  60000 5813000|  0   0  99   0   0   0
  39000   10000000|  0   0 100   0   0   0
  60000   16000000|  1   1  99   0   0   0
  59000   16000000|  1   1  98   0   0   0
  71000   19000000|  1   1  97   2   0   0
  61000   16000000|  1   1  99   0   0   0
  72000   19000000|  1   1  99   0   0   0
  63000   16000000|  1   1  99   0   0   0
  71000   18000000|  1   0  99   0   0   0
  68000   17000000|  1   1  99   0   0   0
  66000   17000000|  1   1  97   1   0   0
  73000   19000000|  1   0  99   0   0   0
  63000   16000000|  1   1  99   0   0   0
  70000   19000000|  0   0  99   0   0   0
  61000   16000000|  1   1  99   0   0   0
  73000   19000000|  1   0  99   0   0   0
  61000   16000000|  1   1  98   1   0   0
  73000   19000000|  0   1  99   0   0   0
  62000   16000000|  1   0  99   0   0   0
  78000   19000000|  0   1  99   0   0   0
  66000   16000000|  1   0  99   0   0   0
  72000   19000000|  0   1  99   0   0   0
  66000   17000000|  1   1  96   3   0   0
  69000   18000000|  0   1  99   0   0   0
  69000   18000000|  0   1  99   0   0   0
  68000   17000000|  1   1  99   0   0   0
  72000   19000000|  1   0  99   0   0   0
  61000   16000000|  1   0  99   0   0   0
  73000   19000000|  0   1  98   1   0   0
  63000   16000000|  0   1  99   0   0   0
  74000   19000000| 10   1  89   0   0   0
  65000   16000000| 24   1  75   0   0   0
  75000   19000000| 24   0  76   0   0   0
  47000 8324000|  0   1  99   0   0   0
 828B   70B|  0   0  99   2   0   0
1770B    0|  0   0 100   0   0   0
