   0     0|  2   1  91   6   0   0
1711B 1545B|  7   6  88   0   0   0
1920B  716B|  6   3  90   1   0   0
1412B 2000B|  5   5  90   0   0   0
1064B 2382B|  4   6  90   0   0   0
1318B   18000|  5   5  89   0   0   0
3354B  249000|  5   3  92   0   0   0
  11000  889000|  5   6  89   0   0   0
  44000 4305000|  5   4  90   1   0   0
  50000 9714000|  6   5  89   0   0   0
  46000 8671000|  6   5  89   0   0   0
6682B  934000|  6   6  88   0   0   0
  15000 1868000|  5   5  89   0   0   0
  11000 2602000|  6   6  88   0   0   0
  19000 4736000|  5   5  90   1   0   0
  27000 6804000|  7   3  89   0   0   1
  29000 3983000|  6   4  89   0   0   0
  20000 4603000|  5   5  90   0   0   0
  28000 6604000|  6   5  89   0   0   0
  30000 6604000|  5   4  90   0   0   1
  33000 7071000|  5   4  90   1   0   0
  31000 7004000|  5   5  90   0   0   0
  30000 3765000|  5   5  89   0   0   0
  20000 4470000|  6   6  88   0   0   0
  25000 5670000|  5   6  89   0   0   0
  25000 5470000|  7   6  87   0   0   0
  31000 5559000|  5   5  89   1   0   0
  19000 2732000|  7   5  88   0   0   0
  20000 4269000|  6   4  89   0   0   0
  21000 4603000|  5   4  91   0   0   0
  24000 4750000|  6   4  90   0   0   0
  24000 4990000|  5   5  90   0   0   0
  22000 4870000|  6   4  88   1   0   0
  29000 5270000|  5   6  89   0   0   0
  27000 5003000|  4   6  90   0   0   0
  31000 5337000|  6   4  89   0   0   0
  28000 4953000|  5   4  91   0   0   0
  29000 5387000|  5   5  90   0   0   0
  25000 5070000|  6   5  88   1   0   0
  25000 5470000|  7   4  89   0   0   0
  27000 5537000|  6   4  90   0   0   0
  30000 6168000|  5   5  89   0   0   0
  32000 6573000|  5   4  91   0   0   1
  33000 7138000|  7   4  89   0   0   0
  35000 8339000|  6   4  88   1   0   0
  43000 6448000|  6   6  88   0   0   0
  25000 5004000|  6   5  89   0   0   0
  33000 6406000|  7   4  89   0   0   0
  43000 7610000|  7   5  88   0   0   0
  36000 7605000|  6   5  89   0   0   0
  38000 5110000|  6   5  88   1   0   0
  24000 5137000|  6   5  89   0   0   0
  30000 6271000|  6   5  88   0   0   0
  30000 6271000|  6   5  89   0   0   0
  34000 6805000|  6   6  88   0   0   0
  29000 6547000|  5   5  88   1   0   0
  43000 6388000|  5   6  88   0   0   0
  26000 3819000|  5   4  91   0   0   0
  26000 4939000|  7   4  89   0   0   0
  27000 5493000|  6   4  91   0   0   0
  29000 5382000|  5   4  89   1   0   1
  30000 5937000|  6   5  89   0   0   0
  29000 3337000|  6   5  89   0   0   0
  21000 4270000|  5   6  89   0   0   0
  23000 4337000|  6   6  88   0   0   0
  23000 4803000|  7   5  88   0   0   0
  27000 4671000|  5   5  89   1   0   0
  24000 4871000|  4   5  91   0   0   0
  24000 4805000|  6   5  89   0   0   0
  31000 4786000|  6   6  88   0   0   0
  23000 4894000|  5   4  90   0   0   0
  23000 4804000|  5   6  89   0   0   0
  23000 4870000|  6   4  89   1   0   0
  27000 5204000|  6   5  89   0   0   0
  26000 5270000|  5   5  90   0   0   0
  28000 5537000|  5   5  90   0   0   0
  28000 5938000|  7   6  85   1   0   0
  32000 6538000|  6   6  88   0   0   0
  33000 7138000|  6   5  88   1   0   0
  37000 8205000|  5   6  88   0   0   0
  39000 9072000|  7   6  87   0   0   0
  45000   10000000|  6   5  89   0   0   0
  48000   12000000|  6   7  87   0   0   0
  58000   13000000|  5   5  90   0   0   0
  63000   15000000|  5   6  87   1   0   0
  34000 4339000|  6   7  88   0   0   0
2788B  415000|  4   4  91   0   0   0
5069B  827000|  6   5  90   0   0   0
5568B 1134000|  5   4  91   0   0   0
9962B 2201000|  5   4  90   0   0   0
  13000 3135000|  5   6  88   1   0   0
  23000 5937000|  4   5  90   0   0   0
  24000 3224000|  5   5  90   0   0   0
  15000 3602000|  7   5  88   0   0   0
  21000 4803000|  6   4  90   0   0   0
  22000 3033000|  5   5  90   0   0   0
  14000 3184000|  6   4  88   1   0   0
  18000 4154000|  5   4  90   0   0   0
  22000 4536000|  5   4  91   0   0   0
  20000 4336000|  6   4  89   0   0   0
  21000 4470000|  5   5  90   0   0   0
  21000 4536000|  5   4  91   0   0   0
  21000 4470000|  5   5  88   1   0   0
  20000 4403000|  6   6  87   0   0   0
  21000 4470000|  5   5  89   0   0   0
  24000 4670000|  6   5  89   0   0   0
  25000 4870000| 24   6  70   0   0   0
  26000 5137000| 32   5  63   0   0   0
  27000 5604000| 32   5  60   1   0   1
  29000 6204000| 32   6  62   0   0   1
  30000 6738000| 31   6  63   0   0   1
  35000 7872000| 33   4  62   0   0   1
  42000 6636000| 19   6  75   0   0   1
  28000 4927000|  5   5  91   0   0   0
  23000 3584000|  7   5  86   2   0   0
2357B 1887B|  5   4  90   0   0   0
3013B  846B|  5   4  91   0   0   0
1742B 1626B|  6   4  90   0   0   0
2458B 2264B|  6   5  89   0   0   0
1459B   51000|  5   4  91   0   0   0
3394B  243000|  5   4  89   1   0   0
  14000 1195000|  6   4  90   0   0   0
  51000 4618000|  5   4  90   0   0   0
  35000 6985000|  4   6  90   0   0   0
  36000 9673000|  5   5  90   0   0   0
  39000   10000000|  5   5  90   0   0   0
  56000   15000000|  5   5  88   1   0   1
  58000   16000000|  5   4  90   0   0   0
  76000   19000000|  5   6  88   0   0   0
  65000   16000000|  5   5  89   0   0   0
  37000 5015000|  5   3  91   0   0   0
1294B  190000|  5   5  90   0   0   0
2854B  384000|  6   5  89   1   0   0
3440B  537000|  5   4  90   0   0   0
5342B 1014000|  5   5  90   0   0   0
6140B 1334000|  5   5  90   0   0   0
  10000 2602000|  7   5  88   0   0   0
  24000 4269000|  6   4  90   0   0   0
  24000 5737000|  6   5  88   1   0   0
  38000 7584000|  6   4  90   0   0   0
  17000 3491000|  6   4  90   0   0   0
  25000 6248000|  6   5  89   0   0   0
  30000 5621000|  6   4  89   0   0   0
  20000 3402000|  5   6  89   0   0   0
  18000 4588000|  6   5  88   1   0   0
  25000 5752000|  5   6  89   0   0   0
  23000 5337000|  5   5  90   0   0   0
  26000 3423000|  6   4  90   0   0   0
  17000 3602000|  6   5  89   0   0   0
  22000 4403000|  5   4  90   0   0   0
  22000 4603000|  6   5  88   1   0   0
  21000 4736000|  5   5  89   0   0   0
  23000 4870000|  5   5  89   0   0   0
  21000 4736000|  5   5  89   0   0   0
  26000 4936000|  4   5  91   0   0   0
  21000 4603000|  5   4  91   0   0   0
  20000 5003000|  6   5  88   1   0   0
  18000 4670000|  5   5  90   0   0   0
  26000 5403000|  4   6  89   0   0   0
  28000 5003000|  6   5  89   0   0   0
  23000 5537000|  6   3  90   0   0   0
  25000 3751000|  5   6  89   0   0   0
  16000 3402000|  5   6  88   1   0   0
  21000 4336000|  5   5  90   0   0   0
  20000 4736000|  6   4  90   0   0   0
  24000 3587000|  5   4  91   0   0   0
  15000 3123000|  5   5  89   0   0   0
  19000 3788000|  4   5  91   0   0   0
  19000 4136000|  5   5  88   1   0   0
  18000 4003000|  6   6  88   0   0   0
  22000 4470000|  6   5  89   0   0   0
  23000 4336000|  6   4  90   0   0   1
  20000 4484000|  6   6  89   0   0   0
  19000 4455000|  6   6  88   0   0   0
  23000 4428000|  6   4  89   1   0   0
  24000 4481000|  7   5  88   0   0   1
  23000 4432000|  5   5  90   0   0   0
  23000 4670000|  7   6  88   0   0   0
  24000 4870000|  5   5  90   0   0   0
  28000 4584000|  6   4  90   0   0   0
  16000 2560000|  6   5  88   1   0   0
  19000 3802000|  6   4  90   0   0   0
  21000 4336000|  7   4  89   0   0   0
  21000 4670000|  5   5  89   0   0   1
  20000 5070000|  4   4  92   0   0   0
  24000 5137000|  6   5  89   0   0   0
  23000 5186000|  6   4  88   1   0   1
  22000 5355000|  5   4  91   0   0   0
  23000 5004000|  5   4  90   0   0   1
  24000 5337000|  5   4  90   0   0   0
  22000 5070000|  6   5  88   0   0   1
  23000 5270000|  5   5  90   0   0   0
  25000 5537000|  5   5  89   1   0   1
  26000 5577000|  6   4  90   0   0   0
  28000 5764000|  5   6  89   0   0   0
  30000 6271000|  5   5  90   0   0   0
  31000 6537000|  6   5  88   0   0   0
  33000 7338000|  6   4  90   0   0   0
  35000 8005000|  6   5  88   1   0   0
  39000 8939000|  5   5  90   0   0   1
  43000   10000000|  4   7  89   0   0   0
  47000   11000000|  7   4  90   0   0   0
  54000   13000000|  6   5  88   0   0   1
  60000   14000000|  6   5  89   0   0   1
  69000   17000000|  5   5  89   1   0   0
  70000   17000000|  6   4  90   0   0   1
  73000   18000000|  6   5  89   0   0   0
  68000   17000000| 23   5  71   0   0   1
  74000   18000000| 32   5  62   0   0   1
  70000   17000000| 15   6  78   0   0   1
  18000  708000|  6   5  87   2   0   0
2846B 1704B|  5   4  91   0   0   0
1298B 1626B|  6   4  91   0   0   0
2379B  824B|  5   5  90   0   0   0
1766B   20000|  5   5  90   0   0   0
3504B  175000|  6   4  89   2   0   0
  11000  946000|  5   4  90   0   0   0
  32000 3048000|  6   4  90   0   0   0
  60000 7787000|  5   5  90   0   0   0
  14000 2299000|  5   5  90   0   0   0
  15000 4269000|  5   6  89   0   0   0
  21000 5670000|  6   5  88   1   0   0
  22000 3030000|  4   5  90   0   0   0
  12000 3335000|  7   5  88   0   0   0
  19000 4936000|  7   4  89   0   0   0
  20000 5270000|  7   5  88   0   0   0
  24000 5470000|  7   5  88   0   0   0
  24000 3475000|  6   4  89   1   0   0
  15000 3208000|  5   5  90   0   0   0
  21000 4464000|  6   5  90   0   0   0
  22000 4670000|  6   5  89   0   0   0
  25000 5003000|  6   4  89   0   0   0
  24000 4603000|  5   5  90   0   0   0
  24000 4936000|  7   4  88   1   0   0
  23000 4670000|  5   5  90   0   0   0
  24000 4936000|  4   5  90   0   0   0
  22000 4670000|  5   5  90   0   0   0
  22000 4936000|  5   4  90   0   0   0
  26000 5137000|  4   4  91   0   0   0
  25000 5403000|  5   4  89   1   0   0
  28000 5737000|  5   5  90   0   0   0
  29000 6404000|  5   4  91   0   0   0
  30000 6738000|  6   5  89   0   0   0
  34000 7909000|  4   5  90   0   0   1
  39000 8969000|  5   5  89   0   0   1
  44000 9873000|  6   5  87   1   0   0
  50000   11000000|  5   5  89   0   0   1
  55000   13000000|  6   5  89   0   0   1
  63000   15000000|  6   5  88   0   0   0
  71000   17000000|  6   4  89   0   0   0
  76000   18000000|  7   6  87   0   0   1
  76000   17000000|  5   5  88   1   0   1
  76000   18000000|  7   4  89   0   0   0
  72000   17000000|  5   6  89   0   0   0
  77000   18000000|  6   6  88   0   0   0
  71000   17000000|  5   5  90   0   0   1
  75000   18000000|  6   5  89   0   0   0
  77000   17000000|  6   5  88   1   0   1
  74000   17000000|  7   4  88   0   0   1
  73000   17000000|  6   4  89   0   0   1
  73000   17000000|  4   5  91   0   0   0
  74000   17000000|  5   5  89   0   0   1
  76000   17000000|  7   4  88   0   0   1
  80000   18000000|  6   4  88   1   0   0
  73000   17000000|  5   5  89   0   0   1
  76000   18000000|  7   6  88   0   0   0
  55000 9533000|  5   4  90   0   0   0
1778B  199000|  6   4  90   0   0   0
1916B  292000|  5   4  91   0   0   0
2952B  535000|  4   4  90   1   0   0
4508B  821000|  6   5  89   0   0   0
7188B 1534000|  4   4  91   0   0   0
  10000 2068000|  5   5  90   0   0   0
  16000 3869000|  5   6  89   0   0   0
  24000 5959000|  5   5  89   0   0   0
  42000   10000000|  9   5  84   1   0   0
  44000 7219000| 32   6  61   0   0   1
  13000 3070000| 32   5  63   0   0   0
  18000 4470000| 32   5  63   0   0   0
  32000 7350000| 32   6  62   0   0   0
  30000 7528000| 31   5  63   0   0   1
   0     0| 19   6  73   1   0   1
   0     0|  5   5  90   0   0   0
   0     0|  5   5  90   0   0   0
   0     0|  4   4  92   0   0   0
   0     0|  4   5  91   0   0   0
   0     0|  5   5  89   2   0   0
   0     0|  5   6  90   0   0   0
   0     0|  4   5  91   0   0   0
   0     0|  3   5  91   0   0   0
   0     0|  5   5  90   0   0   0
   0     0|  4   5  90   0   0   0
   0     0|  5   5  89   1   0   0
   0     0|  5   4  90   0   0   0
   0     0|  5   5  90   0   0   0
   0     0|  6   5  88   0   0   1
   0     0|  4   4  92   0   0   0
   0     0|  5   4  91   0   0   0
   0     0|  6   5  89   1   0   0
   0     0|  5   4  91   0   0   0
   0     0|  5   5  90   0   0   0
   0     0|  4   5  90   0   0   1
   0     0|  6   4  89   0   0   0
   0     0|  4   6  90   0   0   0
   0     0|  6   4  89   1   0   0
   0     0|  4   4  92   0   0   0
   0     0|  5   4  90   0   0   0
   0     0|  5   5  89   0   0   0
   0     0|  6   5  90   0   0   0
   0     0|  4   4  91   0   0   1
   0     0|  5   5  89   1   0   0
   0     0|  5   5  90   0   0   0
   0     0|  5   5  89   0   0   0
   0     0|  6   4  90   0   0   0
   0     0|  6   3  91   0   0   0
   0     0|  5   5  90   0   0   0
   0     0|  7   5  88   1   0   0
   0     0|  4   5  91   0   0   0
   0     0|  5   4  91   0   0   0
   0     0|  5   4  91   0   0   0
   0     0|  5   4  91   0   0   0
   0     0|  5   4  91   0   0   0
   0     0|  5   5  88   1   0   0
   0     0|  6   5  89   0   0   0
   0     0|  5   5  89   0   0   0
   0     0|  4   4  91   0   0   0
   0     0|  5   4  91   0   0   0
   0     0|  5   5  90   0   0   1
   0     0|  5   4  89   1   0   0
   0     0|  5   5  90   0   0   0
   0     0|  5   4  91   0   0   0
   0     0|  5   5  90   0   0   0
   0     0|  5   5  90   0   0   0
   0     0|  5   5  89   0   0   0
   0     0|  5   5  89   1   0   0
   0     0|  5   4  91   0   0   0
   0     0|  4   5  91   0   0   0
   0     0|  5   5  90   0   0   0
   0     0|  4   5  91   0   0   0
   0     0|  5   4  91   0   0   0
   0     0|  5   4  89   1   0   0
   0     0|  6   3  90   0   0   0
   0     0|  5   5  90   0   0   0
   0     0|  5   6  89   0   0   0
   0     0|  4   4  92   0   0   0
   0     0|  4   5  90   0   0   0
   0     0|  5   5  89   1   0   0
   0     0|  5   4  90   0   0   0
   0     0|  5   5  90   0   0   0
   0     0|  5   4  91   0   0   0
   0     0|  5   4  91   0   0   0
   0     0|  6   5  89   0   0   0
   0     0|  6   4  88   1   0   1
   0     0|  5   4  91   0   0   0
   0     0|  5   6  89   0   0   0
   0     0|  5   4  91   0   0   0
   0     0|  5   4  90   0   0   0
   0     0|  6   4  90   0   0   0
   0     0|  5   5  88   1   0   0
   0     0|  5   5  90   0   0   0
   0     0|  6   4  90   0   0   0
   0     0|  5   5  89   0   0   1
   0     0|  5   4  90   0   0   0
   0     0|  5   4  91   0   0   0
   0     0|  6   4  89   1   0   0
   0     0|  5   5  90   0   0   0
   0     0|  6   4  89   0   0   1
   0     0|  6   5  89   0   0   0
   0     0|  5   4  90   0   0   0
   0     0|  6   5  89   0   0   1
   0     0|  6   4  89   1   0   0
   0     0|  4   5  90   0   0   0
   0     0|  5   6  88   0   0   1
   0     0|  6   5  88   0   0   0
   0     0|  5   6  89   0   0   1
   0     0|  8   4  88   0   0   0
   0     0| 16   4  78   1   0   1
   0     0| 32   6  62   0   0   1
   0     0| 31   5  64   0   0   1
2721000  577000000|  5   6  89   0   0   0
2567B 2255B|  4   5  91   0   0   0
1992B 1060B|  5   4  91   0   0   0
2476B 1696B|  4   6  88   2   0   0
1428B 2264B|  4   4  92   0   0   0
1694B   60000|  5   5  90   0   0   0
4032B  323000|  5   4  91   0   0   0
  18000 1634000|  5   4  91   0   0   0
  56000 5334000|  6   4  89   0   0   0
  53000   11000000|  5   4  90   1   0   0
  45000   12000000|  5   5  90   0   0   0
  65000   17000000|  6   4  89   0   0   1
  64000   16000000|  5   5  90   0   0   0
  74000   19000000|  6   6  89   0   0   0
  64000   16000000|  5   6  89   0   0   1
  73000   19000000|  7   4  87   2   0   0
  66000   16000000|  5   4  90   0   0   1
  72000   18000000|  5   5  91   0   0   0
  69000   17000000|  4   6  90   0   0   1
  69000   17000000|  4   4  91   0   0   0
  76000   18000000|  6   6  88   0   0   1
  63000   16000000|  6   6  87   1   0   1
  71000   19000000|  5   5  89   0   0   1
  62000   16000000|  6   5  89   0   0   0
  74000   19000000|  6   5  89   0   0   0
  64000   12000000|  5   5  89   0   0   1
2320B  368000|  4   5  91   0   0   0
3230B  467000|  5   4  89   1   0   0
6003B  934000|  4   4  92   0   0   0
6904B 1334000|  5   4  91   0   0   0
  12000 2602000|  4   5  91   0   0   0
  14000 3536000|  4   5  90   0   0   1
  23000 6537000|  5   6  90   0   0   0
  36000 9705000|  6   4  89   1   0   0
  47000   12000000|  5   4  90   0   0   1
  56000   14000000|  4   7  89   0   0   0
  57000   14000000|  4   6  89   0   0   0
  64000   16000000|  4   5  91   0   0   0
  62000   15000000|  5   5  90   0   0   1
  71000   17000000|  5   6  88   1   0   0
  67000   16000000|  5   4  90   0   0   1
  73000   18000000|  5   5  90   0   0   0
  68000   16000000|  5   6  89   0   0   1
  73000   18000000|  7   5  88   0   0   0
  65000   16000000|  3   6  91   0   0   0
  72000   18000000|  5   6  88   1   0   0
  69000   17000000| 10   6  84   0   0   1
  66000   16000000| 31   6  63   0   0   1
  73000   18000000| 31   5  63   0   0   1
  63000   11000000|  6   6  88   0   0   0
2313B 2255B|  4   5  92   0   0   0
1904B 1060B|  3   5  90   2   0   0
1358B 1562B|  3   4  93   0   0   0
1390B 2398B|  4   4  92   0   0   0
1206B   30000|  5   4  91   0   0   0
3870B  308000|  5   4  91   0   0   0
  12000 1055000|  4   4  92   0   0   0
  54000 5160000|  4   4  90   1   0   1
  45000   10000000|  5   5  90   0   0   0
  57000   15000000|  5   5  90   0   0   0
  61000   16000000|  5   4  90   0   0   0
  71000   18000000|  6   5  89   0   0   0
  64000   16000000|  5   5  89   0   0   1
  73000   19000000|  5   5  88   1   0   1
  63000   16000000|  5   5  90   0   0   0
  74000   19000000|  4   6  90   0   0   0
  65000   16000000|  4   5  91   0   0   0
  78000   19000000|  5   6  89   0   0   1
  57000   10000000|  5   4  90   0   0   1
2160B  283000|  4   4  91   1   0   0
2648B  528000|  4   5  91   0   0   0
6603B  806000|  4   5  91   0   0   0
6398B 1267000|  4   5  91   0   0   0
  11000 2468000|  5   4  90   0   0   0
  15000 3669000|  5   5  90   0   0   0
  24000 6204000|  4   5  90   1   0   0
  36000 9273000|  6   5  90   0   0   0
  51000   13000000|  5   4  91   0   0   1
  54000   14000000|  6   5  89   0   0   1
  61000   15000000|  6   5  88   0   0   1
  63000   16000000|  6   5  88   1   0   1
  62000   15000000|  4   4  92   0   0   0
  69000   17000000|  7   5  88   0   0   1
  66000   16000000|  4   5  90   0   0   1
  74000   18000000|  4   5  91   0   0   1
  65000   16000000|  4   4  91   0   0   1
  75000   18000000|  6   5  88   1   0   0
  69000   17000000|  6   6  88   0   0   1
  75000   18000000|  6   5  89   0   0   1
  69000   17000000|  6   5  89   0   0   1
  76000   18000000|  5   5  89   0   0   0
  74000   17000000|  4   5  91   0   0   1
  72000   17000000|  4   6  88   1   0   0
  73000   18000000|  6   5  89   0   0   0
  67000   17000000|  5   5  90   0   0   1
  75000   18000000| 17   5  77   0   0   0
  69000   17000000| 32   5  63   0   0   1
  74000   18000000| 27   5  67   0   0   0
  50000 8631000|  6   6  88   1   0   0
2553B 1687B|  5   4  91   0   0   0
1732B  846B|  4   4  92   0   0   0
1491B 1626B|  4   4  92   0   0   0
1164B 2264B|  5   4  92   0   0   0
1912B   60000|  4   5  89   2   0   0
5552B  463000|  4   4  92   0   0   0
  17000 1554000|  4   5  91   0   0   0
  63000 7147000|  5   4  90   0   0   0
  41000   11000000|  4   5  90   0   0   0
  35000 6232000|  5   5  90   0   0   0
  24000 6204000|  5   4  91   1   0   0
  40000   10000000|  4   5  90   0   0   0
  40000 7446000|  4   5  90   0   0   1
  35000 8405000|  5   4  91   0   0   0
  34000 7879000|  5   5  90   0   0   0
  39000 8798000|  6   4  90   0   0   0
  37000 8939000|  4   6  89   1   0   0
  39000 8539000|  5   5  90   0   0   0
  42000 9175000|  6   4  90   0   0   0
  39000 8485000|  5   4  90   0   0   1
  43000 9224000|  4   5  91   0   0   0
  39000 8539000|  4   5  90   0   0   0
  43000 9206000|  5   6  88   1   0   0
  37000 8405000|  5   5  90   0   0   0
  43000 9606000|  4   4  92   0   0   0
  41000 8939000|  6   5  90   0   0   0
  44000   10000000|  4   5  91   0   0   0
  43000 9873000|  6   6  89   0   0   0
  48000   11000000|  5   5  89   1   0   0
  50000   11000000|  5   4  90   0   0   0
  54000   10000000|  6   4  90   0   0   0
  34000 7697000|  4   4  91   0   0   0
  41000 9673000|  5   4  90   0   0   0
  44000   10000000|  5   5  90   0   0   0
  47000   11000000|  4   5  90   1   0   0
  55000   11000000|  6   4  90   0   0   0
  51000 8170000|  4   5  91   0   0   1
  39000 8806000|  5   4  91   0   0   0
  40000 8939000|  5   4  91   0   0   0
  43000 9806000|  4   5  91   0   0   1
  39000 9473000|  5   5  88   1   0   0
  47000   10000000|  6   5  89   0   0   0
  44000   10000000|  5   4  90   0   0   1
  43000 9940000|  5   4  91   0   0   0
  42000   10000000|  5   5  90   0   0   1
  43000 9806000|  5   5  90   0   0   0
  43000   10000000|  6   5  89   1   0   0
  41000 9740000|  5   4  90   0   0   0
  46000   10000000|  5   5  90   0   0   0
  45000   10000000|  4   5  91   0   0   0
  48000   11000000|  6   4  90   0   0   0
  49000   10000000|  6   5  89   0   0   0
  51000   11000000|  4   5  90   1   0   0
  53000   12000000|  5   6  89   0   0   1
  55000   13000000|  5   5  90   0   0   1
  59000   14000000|  5   5  91   0   0   0
  63000   14000000|  5   5  90   0   0   1
  68000   16000000|  6   5  89   0   0   1
  71000   17000000| 14   6  79   1   0   1
  76000   18000000| 31   5  64   0   0   1
  73000   17000000| 31   4  64   0   0   1
  73000   13000000|  8   5  88   0   0   0
2439B 2161B|  5   6  90   0   0   0
1720B 1154B|  4   3  93   0   0   0
1234B 1562B|  3   5  90   2   0   0
1668B 2398B|  4   5  92   0   0   0
1082B   30000|  4   5  91   0   0   0
7110B  216000|  4   4  92   0   0   0
  12000 1121000|  5   5  91   0   0   0
  41000 3611000|  4   4  91   0   0   0
  59000   11000000|  4   5  89   1   0   0
  50000   11000000|  4   5  91   0   0   0
  17000 3636000|  4   4  92   0   0   0
  18000 4886000|  5   4  91   0   0   0
  32000 8789000|  5   4  91   0   0   0
  38000   10000000|  6   5  89   0   0   0
  51000   13000000|  5   5  89   1   0   0
  46000   11000000|  5   5  89   0   0   1
  57000   14000000|  4   4  91   0   0   1
  53000   13000000|  6   5  89   0   0   0
  42000 7775000|  5   5  90   0   0   0
  21000 6004000|  4   5  92   0   0   0
  29000 6696000|  5   5  90   1   0   0
  31000 6913000|  5   4  91   0   0   0
  28000 6265000|  5   5  90   0   0   0
  33000 7522000|  5   5  91   0   0   0
  29000 6738000|  5   5  89   0   0   1
  34000 7805000|  5   5  91   0   0   0
  31000 6908000|  5   5  89   1   0   0
  35000 7835000|  3   5  91   0   0   0
  30000 6871000|  6   4  90   0   0   0
  36000 7872000|  3   6  91   0   0   0
  31000 7071000|  4   5  91   0   0   0
  33000 7672000|  5   4  90   0   0   0
  35000 8005000|  5   5  89   1   0   0
  33000 7417000|  5   3  92   0   0   0
  37000 8660000|  5   5  89   0   0   0
  35000 8205000|  4   5  91   0   0   0
  40000 9673000|  4   5  91   0   0   0
  40000 9482000|  4   5  91   0   0   0
  46000   11000000|  5   4  89   1   0   1
  46000   11000000|  5   5  90   0   0   0
  57000   14000000|  6   5  90   0   0   0
  57000   14000000|  5   5  90   0   0   1
  25000 2495000|  4   6  91   0   0   0
  16000 4203000|  4   5  91   0   0   0
  20000 5537000|  5   5  90   1   0   0
  36000 9873000|  5   4  91   0   0   0
  42000   11000000|  4   5  91   0   0   0
  50000   10000000|  5   4  91   0   0   0
  26000 7138000|  4   4  92   0   0   0
  38000 9468000|  5   4  90   0   0   0
  29000 6185000|  4   5  90   1   0   0
  31000 7738000|  4   6  91   0   0   0
  29000 6938000|  6   5  89   0   0   1
  34000 8205000|  5   5  90   0   0   0
  29000 7271000|  4   6  90   0   0   0
  32000 8205000|  5   5  90   0   0   0
  32000 7852000|  4   5  90   1   0   0
  31000 7624000|  4   4  92   0   0   0
  33000 8138000|  5   3  92   0   0   0
  31000 7471000|  4   5  91   0   0   0
  38000 8494000|  5   4  91   0   0   1
  34000 7649000|  5   5  90   0   0   1
  37000 8806000|  4   4  91   1   0   0
  35000 8072000|  5   5  90   0   0   1
  42000 9539000|  6   4  90   0   0   0
  37000 8895000|  4   5  91   0   0   0
  46000   11000000|  4   6  90   0   0   0
  48000   10000000|  5   6  89   0   0   0
  52000   12000000| 18   4  76   1   0   0
  54000   14000000| 31   6  63   0   0   0
  34000 5784000| 31   6  63   0   0   0
  25000 6843000| 30   5  65   0   0   0
  34000 8967000| 26   4  69   0   0   0
  39000 7783000|  5   4  90   0   0   0
2765B 2255B|  3   4  90   2   0   0
1906B 1060B|  4   4  92   0   0   0
1618B 1562B|  4   6  90   0   0   0
1450B 2398B|  3   5  92   0   0   0
1274B   30000|  5   4  91   0   0   0
4414B  332000|  3   4  92   0   0   0
  12000 1070000|  4   5  90   1   0   0
  52000 5085000|  4   4  91   0   0   0
  43000   10000000|  4   6  90   0   0   0
  45000 9516000|  4   5  91   0   0   0
  23000 5870000|  3   6  91   0   0   0
  34000 9406000|  5   4  91   0   0   0
  44000 9166000|  4   4  90   1   0   0
  29000 7338000|  5   3  92   0   0   0
  35000 8431000|  5   4  90   0   0   1
  34000 8113000|  5   5  91   0   0   0
  36000 9072000|  4   5  90   0   0   0
  36000 8272000|  4   5  91   0   0   0
  41000 9364000|  4   4  91   1   0   0
  38000 8368000|  4   5  91   0   0   0
  39000 9319000|  6   3  91   0   0   1
  39000 8438000|  3   5  91   0   0   0
  42000 9246000|  5   4  91   0   0   0
  38000 8565000|  6   5  89   0   0   0
  40000 9339000|  5   4  90   1   0   0
  51000 9473000|  5   4  91   0   0   1
  42000 9273000|  5   4  91   0   0   0
  48000   10000000|  4   5  91   0   0   0
  44000   10000000|  5   4  90   0   0   1
  52000   12000000|  4   5  91   0   0   0
  49000   11000000|  5   5  87   2   0   0
  61000   14000000|  5   6  89   0   0   0
  55000   13000000|  5   5  90   0   0   0
  65000   17000000|  5   4  90   0   0   1
  63000   16000000|  6   5  89   0   0   0
  73000   18000000|  4   5  91   0   0   0
  66000   16000000|  5   5  89   1   0   1
  71000   18000000|  4   7  89   0   0   0
  68000   18000000|  4   5  90   0   0   1
  67000   17000000|  5   4  90   0   0   0
  69000   18000000|  4   5  90   0   0   0
  66000   17000000|  6   5  89   0   0   1
  68000   18000000|  4   5  90   1   0   0
  65000   17000000|  5   5  90   0   0   1
  71000   18000000|  5   5  90   0   0   0
  63000   16000000|  4   5  91   0   0   0
  73000   18000000|  5   5  90   0   0   1
  64000   16000000|  4   5  91   0   0   0
  70000   18000000|  7   5  86   1   0   1
  64000   16000000| 31   4  64   0   0   1
  72000   18000000| 31   4  65   0   0   1
  60000   12000000|  7   5  88   0   0   0
2701B 2255B|  4   4  92   0   0   0
2348B 1060B|  3   5  92   0   0   0
1650B 1562B|  4   4  90   2   0   0
1386B 2398B|  3   4  93   0   0   0
1556B   30000|  3   4  92   0   0   0
6431B  317000|  4   4  92   0   0   0
  12000 1076000|  3   4  93   0   0   0
  53000 5180000|  3   5  92   0   0   0
  44000   10000000|  5   4  90   1   0   0
  60000   16000000|  3   4  92   0   0   1
  67000   17000000|  6   4  90   0   0   0
  21000 1348000|  5   4  91   0   0   0
3438B  483000|  4   4  92   0   0   0
4492B  734000|  5   4  92   0   0   0
6098B 1267000|  4   5  90   1   0   0
8918B 2068000|  5   5  90   0   0   0
  16000 3536000|  4   4  92   0   0   0
  23000 5870000|  4   5  91   0   0   0
  37000 9539000|  4   5  91   0   0   0
  50000   12000000|  5   4  91   0   0   0
  55000   14000000|  5   5  89   1   0   1
  59000   14000000|  4   5  91   0   0   0
  42000 6873000|  5   3  92   0   0   0
  18000 4357000|  5   4  91   0   0   0
  25000 6489000|  5   4  91   0   0   1
  37000 9940000|  4   4  92   0   0   0
  45000   11000000|  4   6  89   1   0   0
  47000   12000000|  4   4  92   0   0   0
  51000   12000000|  5   4  91   0   0   0
  49000   12000000|  5   5  91   0   0   0
  56000   13000000|  4   4  91   0   0   1
  51000   12000000|  5   5  90   0   0   0
  53000   13000000|  5   5  90   1   0   0
  54000   12000000|  4   5  91   0   0   1
  59000   14000000|  4   4  92   0   0   0
  54000   12000000|  4   5  91   0   0   1
  59000   14000000|  4   5  90   0   0   1
  55000   13000000|  4   4  91   0   0   0
  54000   13000000|  5   4  90   1   0   0
  55000   13000000|  4   5  91   0   0   0
  56000   13000000|  4   5  91   0   0   0
  58000   14000000|  4   4  92   0   0   0
  56000   14000000|  5   4  90   0   0   1
  66000   16000000|  5   5  91   0   0   0
  61000   15000000|  5   5  89   1   0   1
  72000   18000000|  4   5  90   0   0   0
  68000   16000000|  4   5  90   0   0   0
  74000   18000000|  5   6  89   0   0   0
  69000   16000000|  5   4  90   0   0   0
  76000   18000000|  4   5  91   0   0   0
  70000   17000000|  5   5  89   1   0   0
  73000   18000000|  4   4  92   0   0   0
  74000   18000000| 27   5  67   0   0   1
  72000   17000000| 30   4  64   0   0   1
  75000   16000000| 11   5  84   0   0   0
7195B 2435B|  5   5  90   0   0   0
2574B  716B|  5   4  90   1   0   0
1230B 1626B|  4   5  91   0   0   0
1611B 2772B|  3   3  93   0   0   0
 944B   15000|  3   4  92   0   0   0
3310B  246000|  4   4  92   0   0   0
9426B  863000|  4   5  92   0   0   0
  43000 4166000|  4   4  90   1   0   1
  50000 9517000|  4   4  92   0   0   0
  56000   15000000|  3   6  91   0   0   1
  58000   15000000|  4   6  91   0   0   0
  71000   18000000|  4   4  92   0   0   0
  66000   17000000|  4   6  90   0   0   1
  68000   17000000|  4   5  90   1   0   0
  71000   18000000|  3   5  92   0   0   0
  62000   16000000|  5   4  91   0   0   0
  70000   18000000|  5   4  90   0   0   1
  62000   16000000|  4   4  91   0   0   0
  73000   18000000|  4   5  91   0   0   0
  64000   16000000|  4   4  91   1   0   0
  71000   18000000|  4   6  90   0   0   0
  63000   16000000|  5   3  91   0   0   0
  73000   18000000|  5   5  89   0   0   0
  66000   17000000|  3   5  91   0   0   1
  66000   17000000|  4   4  92   0   0   0
  71000   18000000|  4   5  90   1   0   1
  63000   16000000|  4   5  91   0   0   0
  72000   18000000|  5   4  90   0   0   1
  63000   16000000|  4   4  91   0   0   1
  72000   18000000|  4   5  90   0   0   1
  64000   16000000|  5   5  90   0   0   1
  71000   18000000|  4   5  90   1   0   0
  61000   16000000|  3   5  91   0   0   1
  71000   18000000|  4   5  90   0   0   0
  67000   17000000|  5   5  90   0   0   1
  67000   17000000|  5   5  90   0   0   1
  72000   18000000|  5   4  91   0   0   0
  64000   16000000|  5   6  88   1   0   0
  71000   18000000| 31   4  65   0   0   1
  63000   16000000| 29   5  66   0   0   1
  72000   18000000| 17   6  76   0   0   1
  25000 2899000|  5   5  90   0   0   0
2609B 1633B|  4   3  93   0   0   0
7096B 1700B|  3   5  90   2   0   0
4696B  942B|  4   5  91   0   0   0
1420B 2246B|  4   4  92   0   0   0
2702B  193000|  3   4  93   0   0   0
  10000  738000|  4   5  92   0   0   0
  39000 3745000|  3   4  92   0   0   0
  52000 8949000|  5   4  90   1   0   0
  53000   15000000|  4   5  91   0   0   1
  57000   15000000|  5   6  90   0   0   0
  71000   19000000|  4   5  91   0   0   0
  64000   16000000|  5   5  90   0   0   0
  73000   19000000|  4   5  90   0   0   0
  67000   17000000|  4   5  90   1   0   0
  70000   18000000|  5   4  91   0   0   1
  69000   18000000|  4   5  91   0   0   1
  67000   16000000|  4   4  91   0   0   1
  72000   19000000|  4   4  91   0   0   0
  65000   16000000|  4   4  92   0   0   0
  73000   19000000|  4   4  90   1   0   0
  62000   16000000|  4   4  92   0   0   0
  73000   19000000|  5   4  91   0   0   0
  64000   16000000|  4   4  92   0   0   0
  74000   19000000|  4   5  91   0   0   0
  64000   16000000|  4   6  90   0   0   0
  74000   19000000|  5   4  90   1   0   0
  64000   16000000|  4   5  91   0   0   0
  72000   18000000|  4   6  90   0   0   0
  69000   17000000|  5   5  90   0   0   1
  70000   17000000|  4   4  92   0   0   0
  71000   18000000|  4   6  90   0   0   1
  67000   16000000|  5   4  90   1   0   1
  76000   19000000|  4   6  90   0   0   1
  64000   16000000|  4   5  90   0   0   1
  75000   19000000|  4   5  90   0   0   1
  64000   16000000|  4   5  91   0   0   0
  73000   19000000|  5   4  91   0   0   0
  64000   16000000| 22   5  71   1   0   1
  75000   19000000| 30   6  64   0   0   0
  65000   16000000| 19   6  74   0   0   1
  36000 5204000|  5   4  91   0   0   0
2747B 1633B|  3   4  93   0   0   0
1642B 1540B|  3   3  93   0   0   0
1234B 1012B|  3   4  91   2   0   0
1288B 2246B|  3   4  93   0   0   0
2448B  131000|  4   4  93   0   0   0
7202B  560000|  3   5  91   0   0   0
  31000 2944000|  3   4  92   0   0   0
  62000 9923000|  4   5  90   0   0   1
  47000   13000000|  3   4  91   1   0   1
  64000   18000000|  4   4  91   0   0   1
  61000   16000000|  4   4  91   0   0   1
  72000   19000000|  4   5  90   0   0   1
  62000   16000000|  4   5  91   0   0   1
  74000   19000000|  3   5  92   0   0   0
  63000   16000000|  4   5  90   1   0   1
  73000   19000000|  4   5  91   0   0   0
  62000   16000000|  4   4  91   0   0   1
  72000   19000000|  3   6  90   0   0   0
  63000   16000000|  3   6  91   0   0   0
  72000   19000000|  4   5  91   0   0   1
  65000   17000000|  5   4  90   1   0   0
  69000   18000000|  4   4  92   0   0   0
  70000   18000000|  5   5  90   0   0   1
  65000   17000000|  4   5  91   0   0   1
  73000   19000000|  4   4  91   0   0   1
  64000   16000000|  4   4  91   0   0   0
  73000   19000000|  4   4  90   1   0   0
  63000   16000000|  3   5  91   0   0   1
  75000   19000000|  4   5  91   0   0   1
  63000   16000000|  3   6  90   0   0   0
  73000   19000000|  4   4  91   0   0   0
  64000   16000000|  5   5  90   0   0   0
  74000   19000000|  4   4  90   1   0   1
  68000   16000000|  3   5  92   0   0   0
  75000   18000000|  4   5  91   0   0   0
  68000   17000000|  3   4  93   0   0   1
  71000   17000000|  4   4  91   0   0   0
  71000   18000000| 25   4  70   0   0   1
  67000   16000000| 29   4  65   1   0   1
  75000   17000000| 14   6  80   0   0   0
  12000 2435B|  3   6  91   0   0   0
1722B  716B|  3   3  94   0   0   0
1961B 1626B|  3   5  92   0   0   0
1626B 2772B|  3   4  93   0   0   0
 884B   15000|  4   4  90   2   0   0
3026B  205000|  3   4  92   0   0   0
  13000 1162000|  3   4  93   0   0   0
  51000 4765000|  4   5  91   0   0   0
  49000   11000000|  4   5  91   0   0   0
  56000   15000000|  3   5  92   0   0   1
  60000   16000000|  4   5  90   1   0   0
  70000   19000000|  4   4  91   0   0   0
  60000   16000000|  4   5  91   0   0   0
  70000   18000000|  4   4  92   0   0   0
  60000   16000000|  5   5  91   0   0   0
  70000   19000000|  3   5  92   0   0   0
  60000   16000000|  3   4  91   1   0   0
  70000   19000000|  4   5  92   0   0   0
  63000   16000000|  3   4  92   0   0   0
  71000   19000000|  3   5  91   0   0   0
  61000   16000000|  4   5  91   0   0   1
  72000   19000000|  4   4  92   0   0   0
  63000   16000000|  4   4  90   1   0   0
  70000   18000000|  4   4  92   0   0   0
  70000   17000000|  4   5  91   0   0   1
  69000   17000000|  4   5  91   0   0   1
  74000   18000000|  3   5  92   0   0   0
  67000   16000000|  3   5  92   0   0   0
  74000   18000000|  3   5  91   1   0   0
  61000   16000000|  4   5  91   0   0   0
  71000   18000000|  4   5  91   0   0   1
  61000   16000000|  3   4  93   0   0   0
  70000   18000000|  4   4  92   0   0   0
  61000   16000000|  4   4  92   0   0   0
  71000   18000000|  4   6  89   1   0   1
  62000   16000000|  4   5  91   0   0   0
  72000   19000000|  4   4  92   0   0   0
  61000   16000000|  4   4  92   0   0   0
  71000   18000000| 29   5  65   0   0   1
  68000   17000000| 29   4  67   0   0   0
  60000   12000000|  6   4  89   1   0   0
2441B 2255B|  4   4  92   0   0   0
1712B 1060B|  3   4  94   0   0   0
2300B 1562B|  3   4  93   0   0   0
1326B 2398B|  2   4  94   0   0   0
2311B   30000|  3   5  91   2   0   0
  11000  294000|  4   3  93   0   0   0
  11000  987000|  3   4  93   0   0   0
  51000 4797000|  3   5  93   0   0   0
  47000 9986000|  3   4  93   0   0   0
  58000   15000000|  4   4  91   0   0   0
  64000   17000000|  4   4  91   1   0   0
  67000   17000000|  4   4  91   0   0   1
  72000   18000000|  4   5  92   0   0   0
  62000   16000000|  3   4  93   0   0   1
  73000   18000000|  4   4  91   0   0   1
  63000   16000000|  4   4  92   0   0   0
  74000   18000000|  4   4  90   1   0   1
  62000   16000000|  3   6  92   0   0   0
  72000   18000000|  3   4  93   0   0   0
  64000   16000000|  4   5  91   0   0   0
  76000   18000000|  4   5  91   0   0   1
  64000   16000000|  4   5  91   0   0   0
  74000   18000000|  3   5  90   1   0   1
  68000   16000000|  4   5  91   0   0   1
  71000   17000000|  5   5  91   0   0   0
  73000   18000000|  4   5  91   0   0   0
  67000   16000000|  3   5  92   0   0   0
  75000   18000000|  3   6  92   0   0   0
  65000   16000000|  3   4  91   1   0   0
  75000   18000000|  3   4  92   0   0   0
  65000   16000000|  3   6  91   0   0   0
  75000   18000000|  4   4  92   0   0   0
  65000   16000000|  4   6  90   0   0   1
  81000   18000000|  2   6  92   0   0   0
  69000   16000000|  4   5  90   1   0   0
  86000   18000000|  4   4  92   0   0   0
  71000   16000000|  4   5  91   0   0   0
 118000   17000000|  4   4  92   0   0   0
  81000   17000000| 22   5  72   0   0   1
  91000   17000000| 29   5  66   0   0   1
  81000   18000000| 18   5  75   1   0   1
  29000 3490000|  3   5  92   0   0   0
2763B 1633B|  3   4  93   0   0   0
1582B 1540B|  3   4  93   0   0   0
1326B 1012B|  2   4  94   0   0   0
1698B 2246B|  2   4  93   2   0   0
3151B  193000|  4   4  92   0   0   0
  12000  993000|  4   4  93   0   0   0
  33000 3190000|  3   4  92   0   0   0
  81000   11000000|  4   4  92   0   0   0
  53000   13000000|  4   4  91   0   0   1
 103000   18000000|  3   4  91   1   0   0
  70000   16000000|  4   4  92   0   0   0
 110000   19000000|  4   4  92   0   0   0
  78000   16000000|  4   5  91   0   0   1
 101000   19000000|  4   5  92   0   0   0
 102000   16000000|  3   5  92   0   0   0
  99000   19000000|  4   4  91   1   0   0
  69000   16000000|  3   4  92   0   0   0
  84000   19000000|  4   4  92   0   0   0
  70000   16000000|  4   4  92   0   0   0
 104000   19000000|  4   4  92   0   0   1
  70000   16000000|  3   4  93   0   0   0
  94000   18000000|  3   5  91   1   0   0
  71000   17000000|  4   4  92   0   0   0
  80000   17000000|  3   5  92   0   0   1
  84000   18000000|  3   5  92   0   0   1
  77000   16000000|  3   5  92   0   0   0
  91000   19000000|  3   4  93   0   0   0
  69000   16000000|  4   4  91   1   0   0
  94000   19000000|  4   5  91   0   0   1
  68000   16000000|  4   5  92   0   0   0
  88000   19000000|  2   5  92   0   0   1
  67000   16000000|  4   4  92   0   0   0
  85000   19000000|  4   3  93   0   0   0
  81000   16000000|  4   6  89   1   0   1
  80000   18000000|  4   4  91   0   0   1
  88000   17000000|  3   5  92   0   0   0
  81000   18000000|  8   5  87   0   0   0
 109000   17000000| 28   5  66   0   0   1
  70000   17000000| 28   5  66   0   0   1
  95000   14000000|  9   4  86   1   0   1
2377B 2435B|  4   5  91   0   0   0
1926B  716B|  3   4  93   0   0   0
1166B 1626B|  2   5  93   0   0   0
1310B 2772B|  2   4  94   0   0   0
1200B   15000|  3   5  90   3   0   0
4332B  255000|  4   3  93   0   0   0
  16000 1420000|  3   4  93   0   0   0
  59000 4708000|  4   4  92   0   0   0
  60000   12000000|  3   5  92   0   0   0
  83000   13000000|  3   5  92   0   0   1
  93000   18000000|  4   4  91   1   0   0
  78000   16000000|  4   4  92   0   0   0
 111000   19000000|  3   4  93   0   0   0
  75000   16000000|  4   4  92   0   0   0
 122000   19000000|  4   4  92   0   0   1
  64000   16000000|  4   4  92   0   0   1
 125000   19000000|  4   4  91   1   0   0
  78000   16000000|  3   4  92   0   0   0
 118000   19000000|  2   5  93   0   0   1
  81000   16000000|  3   5  92   0   0   1
  78000   18000000|  4   4  92   0   0   0
  85000   17000000|  3   4  92   0   0   1
  81000   18000000|  5   4  90   1   0   1
  91000   18000000|  4   4  92   0   0   0
  86000   17000000|  3   4  92   0   0   1
  95000   18000000|  4   4  92   0   0   0
  79000   16000000|  3   5  92   0   0   0
  92000   19000000|  4   4  92   0   0   0
  77000   16000000|  4   4  90   2   0   1
  96000   19000000|  3   4  92   0   0   0
  71000   16000000|  3   5  92   0   0   0
 104000   19000000|  3   4  93   0   0   0
  71000   16000000|  4   5  91   0   0   0
  96000   18000000|  4   4  92   0   0   1
  77000   16000000|  4   5  91   1   0   0
  99000   18000000|  4   4  92   0   0   0
  91000   17000000|  3   4  92   0   0   0
  91000   17000000| 15   5  81   0   0   0
 112000   18000000| 28   6  66   0   0   1
  80000   17000000| 26   3  70   0   0   1
  56000 9485000|  3   5  91   1   0   0
2681B 1687B|  3   4  94   0   0   0
1572B  846B|  2   5  93   0   0   0
1768B 1792B|  3   4  94   0   0   0
1662B 2098B|  3   3  94   0   0   0
3314B  134000|  3   5  91   1   0   0
7356B  593000|  4   3  93   0   0   0
  49000 3021000|  3   4  93   0   0   0
  63000 8488000|  3   5  93   0   0   0
  75000   15000000|  3   5  92   0   0   0
  66000   15000000|  3   5  92   0   0   0
  92000   19000000|  3   5  91   1   0   0
  72000   17000000|  4   4  91   0   0   0
  87000   18000000|  3   5  92   0   0   0
  93000   17000000|  3   5  92   0   0   1
  89000   17000000|  2   5  93   0   0   0
 110000   18000000|  3   5  92   0   0   0
  75000   16000000|  4   4  91   1   0   0
 123000   19000000|  3   5  91   0   0   1
  68000   16000000|  3   4  93   0   0   0
  86000   19000000|  3   5  91   0   0   1
  76000   16000000|  4   5  91   0   0   0
  98000   19000000|  3   5  91   0   0   0
  95000   16000000|  3   4  91   1   0   1
  86000   19000000|  4   4  92   0   0   0
 101000   16000000|  3   4  93   0   0   1
  76000   18000000|  4   4  92   0   0   0
 109000   17000000|  4   4  92   0   0   0
  84000   18000000|  3   4  92   0   0   0
 104000   17000000|  3   4  91   1   0   1
  88000   17000000|  3   5  92   0   0   0
 108000   18000000|  3   5  92   0   0   0
  70000   16000000|  3   5  92   0   0   0
  82000   19000000|  4   4  92   0   0   1
  67000   16000000|  3   5  91   0   0   1
  85000   19000000|  3   4  92   1   0   0
  66000   16000000|  4   3  92   0   0   1
  85000   19000000|  5   5  90   0   0   0
  68000   16000000| 28   5  66   0   0   1
  86000   18000000| 29   4  66   0   0   1
  73000   16000000|  9   5  86   0   0   0
  14000 2435B|  3   4  91   2   0   0
3587B  716B|  2   4  94   0   0   0
1768B 1626B|  2   5  93   0   0   0
1906B 2772B|  3   4  94   0   0   0
1567B   15000|  2   5  93   0   0   0
3020B  222000|  2   4  93   1   0   0
8661B  750000|  3   4  93   0   0   0
  41000 3813000|  2   4  94   0   0   0
  73000 9292000|  3   4  93   0   0   0
  62000   15000000|  3   5  92   0   0   0
  88000   16000000|  3   4  92   0   0   0
 104000   18000000|  4   4  91   1   0   0
  99000   17000000|  2   4  93   0   0   1
  93000   18000000|  4   4  92   0   0   0
  81000   18000000|  4   3  93   0   0   1
  77000   17000000|  3   5  92   0   0   0
 100000   18000000|  3   5  93   0   0   0
  71000   16000000|  2   5  92   1   0   0
  91000   19000000|  3   4  92   0   0   1
  70000   16000000|  4   4  92   0   0   0
  92000   19000000|  3   4  92   0   0   1
  79000   16000000|  3   4  93   0   0   0
  79000   19000000|  3   5  92   0   0   0
  84000   16000000|  3   4  91   1   0   1
  82000   19000000|  3   5  92   0   0   1
  93000   16000000|  4   5  92   0   0   0
  81000   18000000|  3   4  93   0   0   1
  91000   17000000|  4   4  92   0   0   0
  88000   17000000|  2   5  92   0   0   0
  93000   18000000|  3   5  90   1   0   1
  91000   17000000|  3   5  92   0   0   1
  85000   18000000|  3   5  93   0   0   0
 118000   16000000|  3   5  92   0   0   1
  86000   19000000|  3   5  92   0   0   0
  79000   16000000|  3   4  92   0   0   1
  80000   19000000|  2   4  93   1   0   0
  93000   16000000|  3   4  93   0   0   0
  88000   18000000|  5   5  90   0   0   1
  85000   16000000| 28   4  67   0   0   1
  97000   18000000| 27   4  68   0   0   0
  87000   14000000|  7   5  88   0   0   0
3549B 2435B|  3   5  91   2   0   0
3067B 1154B|  3   4  93   0   0   0
1742B 1562B|  3   3  94   0   0   0
1454B 2398B|  2   4  93   0   0   0
1422B   45000|  2   4  94   0   0   0
4662B  302000|  3   3  93   1   0   0
  16000 1562000|  3   4  93   0   0   0
  75000 5148000|  2   5  93   0   0   0
  55000   13000000|  3   4  93   0   0   0
  85000   14000000|  3   5  92   0   0   0
  90000   19000000|  3   4  92   0   0   0
  72000   16000000|  3   5  91   1   0   0
 107000   19000000|  2   5  93   0   0   1
  69000   16000000|  4   5  91   0   0   1
 105000   18000000|  4   4  92   0   0   0
  78000   17000000|  4   4  92   0   0   0
  90000   18000000|  3   4  93   0   0   0
  87000   18000000|  3   4  91   1   0   1
  90000   17000000|  4   4  92   0   0   1
 103000   18000000|  3   4  93   0   0   0
  86000   16000000|  4   4  92   0   0   1
 100000   19000000|  3   4  93   0   0   0
  84000   16000000|  3   3  93   0   0   1
  90000   19000000|  4   4  91   1   0   0
  92000   16000000|  3   4  93   0   0   0
  82000   19000000|  3   5  93   0   0   0
  98000   16000000|  3   4  93   0   0   0
  80000   19000000|  3   4  93   0   0   1
  85000   16000000|  3   4  92   0   0   0
  91000   18000000|  2   4  90   3   0   0
  85000   17000000|  4   4  92   0   0   0
  96000   18000000|  4   3  93   0   0   1
  79000   17000000|  3   4  93   0   0   0
 106000   17000000|  3   3  94   0   0   0
  77000   18000000|  3   5  92   1   0   0
  98000   16000000|  3   4  93   0   0   1
  87000   19000000|  3   4  92   0   0   1
  92000   16000000| 18   5  77   0   0   1
  98000   19000000| 27   5  67   0   0   1
  79000   16000000| 20   5  75   0   0   0
  53000 6940000|  2   5  92   1   0   0
2221B 1617B|  2   3  95   0   0   0
1764B  846B|  3   4  93   0   0   0
5023B 1792B|  2   4  93   0   0   0
 990B 2098B|  2   4  94   0   0   0
2566B  131000|  3   5  91   2   0   0
7790B  551000|  3   3  95   0   0   0
  42000 2834000|  3   3  94   0   0   1
  58000 8081000|  3   4  94   0   0   0
  73000   14000000|  3   4  93   0   0   0
  62000   15000000|  3   4  93   0   0   0
 109000   18000000|  2   5  92   1   0   0
  76000   17000000|  4   4  92   0   0   0
  97000   18000000|  3   5  92   0   0   0
  78000   17000000|  3   5  92   0   0   1
 102000   17000000|  4   5  91   0   0   0
  89000   18000000|  3   4  93   0   0   1
  83000   16000000|  3   4  92   1   0   0
  92000   19000000|  3   5  92   0   0   1
  73000   16000000|  3   4  93   0   0   0
 108000   19000000|  3   5  92   0   0   0
  69000   16000000|  3   4  92   0   0   1
 106000   19000000|  3   5  92   0   0   0
  76000   16000000|  3   4  92   1   0   1
 116000   19000000|  3   4  93   0   0   1
  93000   16000000|  4   4  92   0   0   0
 100000   18000000|  3   4  93   0   0   0
  73000   17000000|  2   5  93   0   0   1
  82000   18000000|  3   5  92   0   0   0
  75000   18000000|  2   5  90   3   0   0
  99000   17000000|  3   4  93   0   0   1
  79000   18000000|  3   4  93   0   0   0
  94000   16000000|  3   4  93   0   0   0
  81000   19000000|  2   6  92   0   0   0
  88000   16000000|  3   3  94   0   0   0
  95000   19000000|  2   5  92   1   0   1
  81000   16000000|  3   4  93   0   0   0
  98000   19000000|  3   4  93   0   0   1
  70000   16000000| 20   4  75   0   0   1
 107000   18000000| 28   5  66   0   0   2
  71000   16000000| 12   6  82   0   0   0
  17000  657000|  3   3  92   2   0   0
2050B  786B|  2   3  94   0   0   0
1600B 1626B|  2   2  95   0   0   0
1972B 2772B|  3   3  94   0   0   0
1274B   18000|  2   3  95   0   0   0
2950B  196000|  2   4  92   1   0   0
  16000 1050000|  3   4  93   0   0   0
  36000 3454000|  3   4  94   0   0   0
  84000   11000000|  3   4  93   0   0   0
  50000   13000000|  3   3  94   0   0   0
 106000   18000000|  3   3  94   0   0   1
  66000   16000000|  3   3  93   1   0   0
 108000   18000000|  3   4  92   0   0   1
  81000   17000000|  4   4  92   0   0   0
  90000   17000000|  3   4  93   0   0   0
  94000   18000000|  2   5  93   0   0   0
  75000   16000000|  3   5  92   0   0   0
 111000   18000000|  3   4  92   1   0   0
  69000   16000000|  3   4  93   0   0   0
 101000   18000000|  2   5  93   0   0   0
  80000   16000000|  3   5  92   0   0   1
  93000   18000000|  3   4  93   0   0   0
  97000   16000000|  3   4  93   0   0   1
 108000   18000000|  3   4  90   3   0   0
  82000   17000000|  2   5  93   0   0   0
  75000   17000000|  4   4  92   0   0   0
  76000   18000000|  3   4  93   0   0   1
 103000   16000000|  3   4  93   0   0   0
  74000   18000000|  4   4  92   0   0   0
  67000   16000000|  3   4  91   1   0   1
  71000   18000000|  3   4  93   0   0   0
  66000   16000000|  3   5  93   0   0   0
  75000   18000000|  3   4  93   0   0   0
  62000   16000000|  3   4  93   0   0   1
  78000   18000000|  3   3  93   1   0   0
  65000   17000000|  3   4  93   0   0   0
  75000   17000000|  2   4  94   0   0   0
  72000   18000000|  3   4  92   0   0   1
  70000   16000000| 20   5  74   0   0   1
  82000   18000000| 27   4  68   0   0   1
  65000   16000000| 20   4  75   1   0   1
  45000 6057000|  3   4  93   0   0   0
2619B 1633B|  2   3  96   0   0   0
1364B 1540B|  2   2  96   0   0   0
1218B 1012B|  3   4  93   0   0   0
1268B 2246B|  2   4  94   0   0   0
2204B  148000|  2   3  94   1   0   0
7556B  560000|  2   5  93   0   0   0
  28000 2731000|  2   4  94   0   0   0
  61000 7694000|  3   4  93   0   0   0
  50000   14000000|  3   4  92   0   0   1
  63000   15000000|  3   3  94   0   0   0
  76000   19000000|  2   4  93   1   0   0
  68000   16000000|  3   4  93   0   0   1
  83000   19000000|  4   4  92   0   0   0
  63000   16000000|  3   4  93   0   0   0
  87000   19000000|  4   3  94   0   0   0
  65000   17000000|  3   3  94   0   0   1
  71000   18000000|  3   4  91   3   0   0
  69000   18000000|  3   3  94   0   0   1
  68000   17000000|  4   3  93   0   0   0
  73000   18000000|  3   4  92   0   0   1
  63000   16000000|  2   4  93   0   0   0
  76000   19000000|  2   5  93   0   0   0
  64000   16000000|  3   3  93   1   0   1
  74000   19000000|  4   4  91   0   0   1
  64000   16000000|  3   4  93   0   0   0
  73000   19000000|  3   4  94   0   0   0
  65000   16000000|  3   5  92   0   0   1
  74000   19000000|  3   4  93   0   0   1
  63000   16000000|  3   4  92   1   0   0
  74000   18000000|  3   4  93   0   0   1
  68000   17000000|  3   4  93   0   0   0
  69000   17000000|  2   6  92   0   0   1
  72000   18000000|  3   5  92   0   0   0
  66000   16000000|  2   3  95   0   0   0
  74000   19000000|  3   5  91   1   0   1
  64000   16000000|  3   3  94   0   0   0
  75000   19000000|  2   4  94   0   0   0
  65000   16000000| 11   3  85   0   0   0
  75000   19000000| 28   4  67   0   0   1
  69000   16000000| 24   4  71   0   0   1
  54000 9258000|  3   5  91   1   0   0
2386B 1687B|  2   4  94   0   0   0
1896B  846B|  2   3  96   0   0   0
1518B 1626B|  2   4  95   0   0   0
1368B 2264B|  2   4  94   0   0   0
1486B   60000|  2   3  93   2   0   0
5464B  418000|  2   4  93   0   0   0
  14000 1343000|  2   3  95   0   0   0
  62000 6334000|  3   4  94   0   0   0
  37000   10000000|  3   3  94   0   0   0
  60000   16000000|  2   4  94   0   0   0
  60000   16000000|  4   3  91   3   0   0
  72000   19000000|  3   3  94   0   0   0
  63000   16000000|  3   4  93   0   0   0
  80000   19000000|  2   4  94   0   0   0
  68000   16000000|  2   4  94   0   0   0
  73000   18000000|  3   4  93   0   0   0
  71000   17000000|  4   5  90   1   0   0
  69000   17000000|  3   4  93   0   0   0
  74000   19000000|  2   4  93   0   0   0
  64000   16000000|  3   4  93   0   0   1
  74000   19000000|  3   3  93   0   0   1
  64000   16000000|  3   4  93   0   0   1
  75000   19000000|  2   4  92   1   0   0
  64000   16000000|  3   4  93   0   0   1
  76000   19000000|  3   6  91   0   0   0
  66000   16000000|  2   4  94   0   0   0
  76000   19000000|  3   4  92   0   0   1
  65000   16000000|  3   4  92   0   0   0
  76000   19000000|  3   4  92   1   0   0
  67000   16000000|  3   4  93   0   0   1
  77000   18000000|  2   4  94   0   0   1
  73000   17000000|  2   3  95   0   0   0
  70000   17000000|  3   4  94   0   0   0
  74000   19000000|  3   3  94   0   0   0
  65000   16000000|  2   4  92   1   0   0
  76000   19000000|  3   3  94   0   0   1
  66000   16000000|  3   3  94   0   0   0
  77000   19000000| 19   5  75   0   0   1
  67000   16000000| 27   4  68   0   0   0
  77000   18000000| 20   5  74   0   0   1
  41000 5784000|  2   5  92   1   0   0
2843B 1633B|  2   4  95   0   0   0
1556B 1540B|  2   3  95   0   0   0
1570B 1012B|  2   3  95   0   0   0
1492B 2176B|  3   3  94   0   0   0
2010B   86000|  2   4  94   1   0   0
6882B  569000|  2   3  95   0   0   0
  20000 1900000|  2   4  94   0   0   0
  64000 8267000|  2   4  94   0   0   0
  42000   11000000|  2   4  94   0   0   0
  65000   17000000|  3   4  94   0   0   0
  64000   16000000|  3   4  92   1   0   1
  75000   19000000|  3   3  94   0   0   0
  68000   17000000|  3   3  94   0   0   0
  71000   18000000|  2   5  93   0   0   0
  74000   18000000|  2   3  94   0   0   0
  68000   17000000|  3   5  92   0   0   0
  76000   19000000|  3   4  92   1   0   1
  64000   16000000|  2   5  93   0   0   0
  74000   19000000|  4   4  92   0   0   1
  65000   16000000|  2   4  94   0   0   0
  74000   19000000|  2   4  94   0   0   1
  64000   16000000|  3   5  92   0   0   0
  76000   19000000|  2   4  93   1   0   1
  66000   16000000|  2   4  94   0   0   0
  76000   19000000|  2   4  93   0   0   0
  66000   16000000|  2   3  94   0   0   0
  75000   18000000|  2   5  93   0   0   0
  70000   17000000|  2   4  95   0   0   0
  76000   17000000|  3   4  91   1   0   0
  73000   18000000|  2   3  95   0   0   0
  67000   16000000|  3   4  93   0   0   0
  73000   18000000|  3   4  93   0   0   0
  66000   16000000|  3   4  93   0   0   0
  78000   19000000|  3   2  94   0   0   0
  66000   16000000|  3   4  91   1   0   0
  75000   19000000|  3   4  93   0   0   0
  65000   16000000|  3   3  93   0   0   1
  77000   19000000| 22   4  73   0   0   1
  66000   16000000| 27   4  69   0   0   0
  76000   19000000| 16   4  79   0   0   1
  22000 1514000|  3   3  92   2   0   0
2740B 1570B|  1   4  95   0   0   0
1384B 1492B|  2   4  95   0   0   0
 916B 1092B|  3   3  94   0   0   0
1242B 8238B|  2   4  94   0   0   0
2046B  125000|  2   3  94   1   0   0
8490B  753000|  2   4  95   0   0   0
  25000 2373000|  2   3  94   0   0   0
  63000 9434000|  2   4  95   0   0   0
  46000   13000000|  1   5  94   0   0   1
  62000   17000000|  3   4  93   0   0   0
  70000   18000000|  2   5  93   1   0   0
  66000   17000000|  3   4  93   0   0   0
  75000   19000000|  3   4  94   0   0   0
  64000   16000000|  2   4  94   0   0   0
  76000   19000000|  2   4  93   0   0   1
  66000   16000000|  3   5  92   0   0   0
  74000   19000000|  2   5  93   1   0   0
  64000   16000000|  2   4  94   0   0   1
  76000   19000000|  2   4  94   0   0   0
  64000   16000000|  3   4  93   0   0   1
  74000   19000000|  2   3  94   0   0   1
  66000   16000000|  4   4  93   0   0   0
  73000   19000000|  2   4  93   1   0   0
  68000   17000000|  2   4  93   0   0   0
  73000   18000000|  3   4  94   0   0   0
  72000   18000000|  3   4  93   0   0   0
  68000   17000000|  3   3  93   0   0   1
  77000   19000000|  2   5  93   0   0   1
  65000   16000000|  3   3  92   1   0   1
  77000   19000000|  2   4  93   0   0   0
  65000   16000000|  2   4  94   0   0   0
  74000   19000000|  2   5  93   0   0   0
  66000   16000000|  3   4  93   0   0   1
  76000   19000000|  2   4  94   0   0   0
  65000   16000000|  2   4  92   1   0   0
  78000   19000000|  2   4  93   0   0   1
  67000   16000000|  2   4  94   0   0   0
  74000   18000000| 25   3  71   0   0   1
  72000   17000000| 27   4  68   0   0   1
  72000   17000000| 12   4  84   0   0   1
  15000 2365B|  2   4  93   1   0   0
1989B  786B|  1   3  95   0   0   0
2749B 1626B|  2   4  94   0   0   0
1438B 2772B|  2   3  95   0   0   0
2056B   18000|  2   4  94   0   0   0
2698B  205000|  2   3  93   1   0   0
  12000 1017000|  2   4  94   0   0   0
  36000 3356000|  3   3  94   0   0   0
  60000   11000000|  2   4  94   0   0   0
  47000   13000000|  3   4  94   0   0   0
  69000   18000000|  3   3  94   0   0   0
  64000   16000000|  2   4  92   1   0   1
  75000   19000000|  3   4  93   0   0   0
  63000   16000000|  3   3  94   0   0   1
  75000   19000000|  2   4  94   0   0   0
  65000   16000000|  2   3  94   0   0   0
  78000   18000000|  3   4  93   0   0   0
  75000   17000000|  3   3  93   1   0   0
  70000   17000000|  2   4  94   0   0   1
  75000   18000000|  2   4  93   0   0   1
  66000   16000000|  3   3  93   0   0   1
  76000   19000000|  2   4  94   0   0   0
  66000   16000000|  3   3  94   0   0   1
  75000   19000000|  2   5  92   1   0   0
  64000   16000000|  3   4  93   0   0   1
  77000   19000000|  2   4  94   0   0   0
  65000   16000000|  3   4  93   0   0   0
  78000   19000000|  2   4  94   0   0   0
  66000   16000000|  3   3  93   0   0   1
  77000   19000000|  2   4  93   1   0   0
  67000   16000000|  2   4  94   0   0   0
  74000   18000000|  3   3  94   0   0   0
  72000   17000000|  3   4  93   0   0   1
  71000   17000000|  3   4  93   0   0   1
  75000   18000000|  2   4  94   0   0   0
  66000   16000000|  2   4  93   1   0   1
  77000   19000000|  3   5  93   0   0   1
  65000   16000000|  9   4  87   0   0   0
  76000   19000000| 27   4  68   0   0   1
  65000   16000000| 28   2  69   0   0   1
  66000   12000000|  3   5  92   0   0   0
2207B 1887B|  1   3  94   2   0   0
2084B  846B|  2   3  95   0   0   0
1298B 1626B|  2   4  95   0   0   0
5102B 2264B|  2   3  95   0   0   0
1708B   54000|  2   3  95   0   0   0
5128B  311000|  2   3  95   0   0   0
  18000 1660000|  2   3  94   1   0   0
  60000 6394000|  2   4  94   0   0   0
  45000   11000000|  2   3  95   0   0   0
  62000   16000000|  2   4  94   0   0   0
  66000   16000000|  2   4  93   0   0   1
  75000   19000000|  3   4  93   0   0   1
  66000   16000000|  1   4  94   1   0   0
  75000   19000000|  2   5  93   0   0   0
  64000   16000000|  2   4  93   0   0   0
  75000   19000000|  2   3  95   0   0   0
  64000   16000000|  2   4  93   0   0   1
  76000   19000000|  2   4  93   0   0   0
  67000   16000000|  2   5  93   1   0   0
  75000   19000000|  1   4  95   0   0   0
  66000   16000000|  2   3  95   0   0   0
  78000   19000000|  2   4  94   0   0   1
  71000   17000000|  2   4  94   0   0   0
  74000   17000000|  3   4  93   0   0   0
  74000   18000000|  2   3  94   1   0   0
  68000   16000000|  2   4  94   0   0   1
  77000   19000000|  2   4  94   0   0   0
  65000   16000000|  2   4  94   0   0   0
  77000   19000000|  2   4  94   0   0   0
  67000   16000000|  2   4  94   0   0   0
  77000   19000000|  3   4  92   1   0   0
  67000   16000000|  2   4  94   0   0   0
  73000   19000000|  3   4  93   0   0   0
  67000   16000000|  2   4  94   0   0   0
  77000   19000000|  2   4  94   0   0   0
  68000   16000000|  2   4  94   0   0   1
  78000   18000000|  2   4  93   1   0   0
  70000   17000000| 13   5  82   0   0   0
  72000   17000000| 27   4  69   0   0   1
  76000   18000000| 22   3  74   0   0   1
  42000 6610000|  3   4  93   0   0   0
2245B 1617B|  1   3  96   0   0   0
2158B 1626B|  3   3  93   2   0   0
1150B 1012B|  1   4  95   0   0   0
1062B 2098B|  2   3  95   0   0   0
2101B   86000|  2   3  94   0   0   0
5177B  380000|  2   3  95   0   0   0
  19000 1785000|  2   3  95   0   0   0
  56000 5627000|  2   4  93   1   0   0
  48000   13000000|  2   3  95   0   0   0
  53000   14000000|  2   4  94   0   0   0
  74000   19000000|  2   4  94   0   0   1
  64000   16000000|  2   4  93   0   0   1
  76000   19000000|  2   4  94   0   0   0
  69000   17000000|  3   4  92   1   0   0
  72000   18000000|  3   3  94   0   0   0
  73000   18000000|  2   4  93   0   0   1
  67000   16000000|  3   3  94   0   0   0
  77000   19000000|  3   4  93   0   0   0
  67000   16000000|  3   3  94   0   0   0
  77000   19000000|  2   3  94   1   0   0
  66000   16000000|  3   3  94   0   0   0
  79000   19000000|  3   3  94   0   0   0
  66000   16000000|  2   4  95   0   0   0
  76000   19000000|  2   4  94   0   0   1
  68000   16000000|  3   4  93   0   0   0
  75000   19000000|  2   4  93   1   0   0
  69000   16000000|  2   3  94   0   0   0
  75000   18000000|  2   3  94   0   0   1
  73000   17000000|  2   4  94   0   0   0
  72000   17000000|  2   4  94   0   0   1
  76000   18000000|  2   4  94   0   0   0
  67000   16000000|  2   4  92   1   0   1
  77000   19000000|  2   4  93   0   0   0
  68000   16000000|  2   3  94   0   0   0
  77000   19000000|  2   4  94   0   0   0
  69000   16000000|  2   4  94   0   0   0
  78000   19000000|  2   4  94   0   0   1
  68000   16000000| 13   3  83   1   0   1
  78000   19000000| 27   3  70   0   0   0
  68000   16000000| 22   4  74   0   0   1
  49000 8045000|  1   4  95   0   0   0
3131B 1633B|  1   3  96   0   0   0
1454B 1540B|  2   3  95   0   0   0
1026B 1012B|  2   3  94   1   0   0
1940B 2176B|  1   3  96   0   0   0
1550B   83000|  2   3  95   0   0   0
5876B  507000|  1   3  95   0   0   0
  18000 1643000|  1   3  95   0   0   0
  61000 7323000|  1   4  95   0   0   0
  43000 9535000|  2   3  94   1   0   0
  30000 7252000|  2   3  95   0   0   0
  38000 8672000|  2   3  95   0   0   0
  44000 7683000|  2   3  95   0   0   0
  32000 6889000|  1   3  95   0   0   0
  38000 8285000|  2   3  95   0   0   0
  36000 7774000|  2   3  94   1   0   1
  41000 6419000|  2   3  95   0   0   0
  31000 6337000|  2   3  95   0   0   0
  31000 6271000|  2   3  95   0   0   0
  36000 6871000|  1   4  95   0   0   0
  45000 6404000|  2   3  94   0   0   0
  37000 6938000|  1   4  93   2   0   0
  36000 5316000|  2   3  95   0   0   0
  31000 5604000|  2   4  95   0   0   0
  29000 4080000|  2   3  95   0   0   0
  25000 3519000|  2   3  95   0   0   0
  19000 3069000|  2   4  94   0   0   0
  21000 3335000|  2   3  93   1   0   0
  19000 3335000|  2   3  96   0   0   0
  17000 3335000|  2   3  95   0   0   0
  15000 3402000|  1   4  95   0   0   0
  14000 3202000|  2   3  95   0   0   0
  16000 3536000|  2   3  95   0   0   0
  18000 3622000|  2   3  94   1   0   0
  19000 3650000|  2   3  95   0   0   0
  19000 3802000|  2   4  95   0   0   0
  19000 4003000|  2   3  95   0   0   0
  20000 4269000|  2   3  95   0   0   0
  22000 4670000|  2   3  95   0   0   0
  25000 5270000|  2   4  93   1   0   0
  28000 6204000|  2   3  95   0   0   0
  31000 7071000|  2   3  95   0   0   0
  37000 8005000|  2   3  95   0   0   0
  43000 9673000|  2   3  95   0   0   0
  47000   11000000|  2   4  94   0   0   0
  57000   13000000|  2   3  94   1   0   0
  60000   14000000|  2   4  94   0   0   0
  73000   17000000|  2   4  94   0   0   1
  73000   17000000|  1   4  94   0   0   0
  76000   18000000|  2   3  94   0   0   0
  71000   17000000|  2   4  95   0   0   0
  76000   18000000|  2   3  93   1   0   1
  72000   17000000|  2   4  94   0   0   0
  75000   18000000|  3   2  95   0   0   0
  73000   17000000|  2   4  94   0   0   0
  75000   18000000|  3   3  95   0   0   0
  72000   17000000|  2   3  94   0   0   0
  74000   18000000|  2   4  93   1   0   1
  72000   17000000|  2   3  95   0   0   0
  72000   17000000|  2   3  94   0   0   0
  74000   18000000|  3   3  94   0   0   1
  69000   17000000|  3   3  94   0   0   0
  73000   18000000|  7   3  90   0   0   0
  69000   17000000| 25   5  68   1   0   1
  73000   18000000| 26   3  70   0   0   1
  57000   10000000|  1   5  94   0   0   0
2313B 2255B|  2   3  95   0   0   0
1798B 1060B|  2   3  96   0   0   0
1704B 1696B|  2   3  95   0   0   0
1304B 2264B|  1   3  95   2   0   0
1238B   30000|  2   4  95   0   0   0
4424B  332000|  1   3  96   0   0   0
  12000 1144000|  1   3  96   0   0   0
  59000 5776000|  2   3  95   0   0   0
  41000   10000000|  2   4  94   0   0   0
  59000   16000000|  2   3  93   1   0   1
  65000   16000000|  2   4  94   0   0   0
  72000   18000000|  2   3  94   0   0   0
  70000   18000000|  2   4  94   0   0   0
  67000   17000000|  3   2  95   0   0   0
  75000   18000000|  2   3  95   0   0   0
  65000   16000000|  1   4  93   1   0   0
  75000   18000000|  2   4  94   0   0   1
  64000   16000000|  2   3  95   0   0   0
  74000   19000000|  2   4  94   0   0   0
  65000   16000000|  3   4  94   0   0   0
  75000   19000000|  2   4  94   0   0   1
  65000   16000000|  2   4  93   1   0   0
  76000   19000000|  2   4  94   0   0   0
  64000   16000000|  2   3  95   0   0   0
  76000   19000000|  2   3  95   0   0   0
  67000   16000000|  2   3  95   0   0   0
  74000   18000000|  2   3  94   0   0   1
  72000   17000000|  3   2  94   1   0   0
  69000   17000000|  2   4  94   0   0   0
  73000   18000000|  2   3  95   0   0   0
  65000   16000000|  2   3  94   0   0   0
  75000   18000000|  2   4  94   0   0   0
  63000   16000000|  2   4  94   0   0   0
  76000   19000000|  2   3  93   2   0   0
  64000   16000000|  2   3  95   0   0   0
  76000   19000000|  1   5  94   0   0   0
  64000   16000000|  2   4  94   0   0   0
  75000   19000000| 19   3  77   0   0   1
  65000   16000000| 26   4  70   0   0   0
  76000   19000000| 24   4  70   1   0   1
  47000 8009000|  3   3  94   0   0   1
2527B 1687B|  2   3  96   0   0   0
2698B 1626B|  2   2  96   0   0   0
2604B 1012B|  2   3  95   0   0   0
1274B 2098B|  2   3  95   0   0   0
2066B   89000|  2   4  93   2   0   0
6144B  385000|  2   3  95   0   0   0
  22000 1948000|  2   3  96   0   0   0
  58000 6103000|  2   3  94   0   0   0
  50000   13000000|  2   4  95   0   0   0
  59000   16000000|  1   4  95   0   0   0
  74000   17000000|  3   3  93   1   0   0
  72000   18000000|  2   3  95   0   0   0
  65000   16000000|  2   4  94   0   0   0
  75000   19000000|  2   3  94   0   0   1
  64000   16000000|  2   3  95   0   0   0
  74000   19000000|  2   3  95   0   0   0
  63000   16000000|  2   3  94   1   0   0
  76000   19000000|  2   3  94   0   0   1
  62000   16000000|  2   3  95   0   0   0
  76000   19000000|  2   3  95   0   0   0
  63000   16000000|  2   4  94   0   0   0
  73000   19000000|  2   3  95   0   0   1
  67000   16000000|  2   4  94   1   0   0
  71000   18000000|  2   3  95   0   0   0
  71000   17000000|  2   4  94   0   0   0
  69000   17000000|  2   4  94   0   0   0
  73000   18000000|  2   3  94   0   0   0
  66000   16000000|  2   4  94   0   0   0
  73000   19000000|  2   4  93   1   0   0
  64000   16000000|  2   4  94   0   0   0
  74000   19000000|  2   3  95   0   0   1
  64000   16000000|  2   3  95   0   0   0
  76000   19000000|  2   3  94   0   0   0
  65000   16000000|  2   4  94   0   0   1
  74000   19000000|  2   4  93   1   0   0
  65000   16000000|  2   3  95   0   0   0
  75000   18000000|  2   3  94   0   0   1
  71000   17000000| 18   4  78   0   0   0
  80000   18000000| 27   3  70   0   0   1
  79000   18000000| 18   3  79   0   0   1
  31000 3470000|  2   3  93   1   0   1
2673B 1633B|  2   3  96   0   0   0
2120B 1540B|  1   3  96   0   0   0
1006B 1012B|  2   2  96   0   0   0
1298B 2246B|  1   3  95   0   0   0
2176B  128000|  1   3  95   1   0   0
6468B  513000|  2   3  95   0   0   0
  27000 2608000|  1   3  95   0   0   0
  57000 7465000|  2   3  96   0   0   0
  47000 9648000|  2   3  96   0   0   0
  21000 5937000|  3   3  95   0   0   0
  38000 9873000|  2   3  94   1   0   0
  39000 9003000|  2   3  95   0   0   0
  38000 8248000|  2   3  95   0   0   0
  34000 8339000|  1   3  96   0   0   0
  33000 8042000|  2   3  95   0   0   0
  36000 8969000|  2   3  94   0   0   0
  36000 8472000|  2   3  95   1   0   0
  39000 9206000|  2   3  95   0   0   0
  35000 8405000|  2   3  95   0   0   0
  39000 9339000|  2   2  96   0   0   0
  35000 8303000|  2   3  95   0   0   0
  40000 9375000|  2   3  95   0   0   0
  35000 8339000|  2   4  94   1   0   0
  39000 9473000|  2   3  95   0   0   0
  38000 8739000|  2   3  95   0   0   0
  41000 9978000|  2   3  95   0   0   0
  44000   10000000|  2   3  95   0   0   1
  43000   10000000|  2   3  95   0   0   0
  49000   11000000|  2   3  94   1   0   0
  46000   11000000|  2   3  95   0   0   0
  57000   13000000|  2   3  95   0   0   0
  54000   13000000|  2   4  94   0   0   0
  67000   16000000|  2   3  95   0   0   0
  64000   16000000|  2   3  95   0   0   0
  73000   18000000|  2   5  93   1   0   0
  66000   16000000|  1   4  95   0   0   0
  71000   18000000|  2   4  94   0   0   1
  67000   17000000|  1   4  95   0   0   0
  71000   17000000|  2   3  95   0   0   1
  73000   18000000|  2   4  94   0   0   0
  65000   16000000|  2   3  94   1   0   0
  72000   18000000|  2   4  94   0   0   1
  65000   16000000|  2   2  96   0   0   0
  72000   18000000|  1   4  95   0   0   0
  65000   16000000|  2   3  95   0   0   0
  72000   18000000|  2   3  95   0   0   0
  64000   16000000|  2   4  93   1   0   0
  72000   18000000|  3   3  94   0   0   0
  68000   17000000| 10   4  86   0   0   0
  68000   17000000| 26   4  70   0   0   1
  73000   18000000| 23   3  74   0   0   1
  39000 6024000|  2   4  94   0   0   0
2423B 1633B|  2   2  95   2   0   0
1688B 1540B|  2   3  96   0   0   0
1580B 1012B|  2   2  96   0   0   0
1874B 2176B|  1   2  97   0   0   0
1296B   83000|  2   2  96   0   0   0
5434B  486000|  2   3  95   0   0   0
  17000 1574000|  2   2  95   1   0   0
  63000 7279000|  2   3  95   0   0   0
  41000   11000000|  2   4  95   0   0   0
  62000   15000000|  2   3  95   0   0   0
  10000  941000|  2   3  95   0   0   0
7608B 1801000|  1   2  97   0   0   0
9752B 2396000|  1   2  96   1   0   0
  17000 4609000|  1   3  96   0   0   0
  24000 6404000|  2   2  96   0   0   0
  37000 7781000|  2   3  95   0   0   0
  30000 6604000|  1   4  95   0   0   0
  32000 7738000|  2   3  95   0   0   0
  32000 7587000|  1   3  95   1   0   0
  33000 7792000|  2   3  95   0   0   0
  34000 6198000|  2   2  96   0   0   0
  29000 5937000|  1   4  95   0   0   0
  28000 6204000|  1   3  96   0   0   0
  27000 6471000|  2   3  95   0   0   0
  32000 6671000|  1   3  94   1   0   0
  30000 6604000|  2   2  97   0   0   0
  29000 6804000|  2   2  97   0   0   0
  29000 6537000|  1   3  96   0   0   0
  31000 6738000|  2   3  95   0   0   0
  29000 6671000|  2   3  96   0   0   0
  28000 6671000|  2   3  94   1   0   0
  30000 6738000|  3   3  95   0   0   0
  32000 7138000|  2   3  95   0   0   0
  33000 7338000|  2   2  96   0   0   0
  35000 7872000|  2   3  95   0   0   0
  39000 8272000|  2   3  96   0   0   0
  39000 9006000|  1   3  95   1   0   0
  43000 9940000|  2   3  96   0   0   0
  46000   11000000|  2   3  95   0   0   1
  51000   12000000|  2   3  95   0   0   0
  55000   13000000|  2   3  95   0   0   0
  61000   15000000|  2   3  95   0   0   0
  69000   17000000|  2   4  93   1   0   1
  74000   18000000|  2   3  95   0   0   0
  69000   17000000|  2   3  95   0   0   1
  73000   18000000|  1   3  96   0   0   0
  70000   17000000|  2   2  96   0   0   0
  72000   18000000|  2   3  95   0   0   0
  69000   17000000|  2   3  94   1   0   0
  71000   18000000|  2   2  95   0   0   1
  69000   17000000|  2   3  95   0   0   0
  70000   17000000|  1   4  94   0   0   1
  70000   17000000|  2   4  94   0   0   0
  71000   17000000|  2   3  95   0   0   1
  69000   17000000|  2   3  94   1   0   1
  70000   17000000|  4   3  92   0   0   0
  72000   18000000| 27   3  69   0   0   1
  68000   17000000| 26   2  71   0   0   1
  72000   18000000| 15   4  80   0   0   1
  24000 2047000|  2   3  95   0   0   0
2717B 1570B|  1   3  95   2   0   0
1480B 1492B|  1   3  96   0   0   0
1300B 1092B|  1   2  97   0   0   0
1164B 2096B|  2   2  96   0   0   0
2029B  131000|  1   3  96   0   0   0
9440B  759000|  2   3  96   0   0   0
  25000 2440000|  1   3  95   1   0   0
  62000 9495000|  1   2  96   0   0   0
  45000   12000000|  3   3  95   0   0   0
  64000   17000000|  2   2  95   0   0   0
  60000   16000000|  2   3  95   0   0   0
  81000   19000000|  2   4  94   0   0   1
  62000   16000000|  2   2  94   1   0   1
  72000   19000000|  1   4  95   0   0   0
  61000   16000000|  1   4  94   0   0   1
  74000   19000000|  2   3  95   0   0   0
  59000   16000000|  1   3  95   0   0   1
  74000   19000000|  2   3  95   0   0   0
  67000   16000000|  2   3  94   1   0   0
  74000   18000000|  2   3  96   0   0   0
  69000   17000000|  2   3  95   0   0   0
  68000   17000000|  2   4  95   0   0   0
  72000   18000000|  1   4  95   0   0   0
  64000   16000000|  2   3  96   0   0   0
  72000   19000000|  2   3  94   1   0   0
  63000   16000000|  1   3  95   0   0   0
  72000   19000000|  1   4  95   0   0   0
  63000   16000000|  1   4  94   0   0   1
  73000   19000000|  2   3  95   0   0   0
  62000   16000000|  2   4  95   0   0   0
  71000   19000000|  2   3  94   1   0   1
  63000   16000000|  2   3  96   0   0   0
  72000   19000000|  2   4  94   0   0   1
  63000   16000000|  2   3  95   0   0   1
  69000   18000000|  2   3  95   0   0   0
  70000   18000000|  2   4  95   0   0   0
  68000   17000000|  5   3  91   1   0   0
  73000   19000000| 26   3  71   0   0   0
  65000   16000000| 25   4  70   0   0   1
  74000   17000000| 12   4  84   0   0   1
9765B 1447B|  1   3  96   0   0   0
3230B 1704B|  1   3  97   0   0   0
1422B 1626B|  1   3  95   2   0   0
2058B 2772B|  1   2  96   0   0   0
 682B 6290B|  2   2  96   0   0   0
2476B  181000|  1   2  96   0   0   0
9964B  884000|  2   2  96   0   0   0
  29000 2823000|  2   3  96   0   0   0
  63000   10000000|  2   3  95   1   0   0
  45000   12000000|  2   2  95   0   0   0
  65000   18000000|  2   3  95   0   0   0
  62000   16000000|  2   3  95   0   0   0
  73000   19000000|  2   3  95   0   0   0
  64000   16000000|  1   4  94   0   0   1
  74000   19000000|  2   3  94   1   0   0
  63000   16000000|  2   3  95   0   0   0
  72000   19000000|  1   3  96   0   0   0
  65000   16000000|  2   4  95   0   0   0
  74000   19000000|  1   4  95   0   0   0
  67000   16000000|  2   3  95   0   0   0
  71000   18000000|  1   4  94   1   0   0
  67000   17000000|  2   4  95   0   0   0
  69000   17000000|  2   4  95   0   0   0
  72000   18000000|  1   4  95   0   0   0
  64000   16000000|  1   3  96   0   0   0
  73000   19000000|  2   4  95   0   0   0
  64000   16000000|  3   3  94   1   0   0
  74000   19000000|  2   3  95   0   0   1
  64000   16000000|  2   3  95   0   0   0
  73000   19000000|  1   4  95   0   0   0
  66000   16000000|  2   2  96   0   0   0
  73000   19000000|  2   3  95   0   0   1
  65000   16000000|  1   3  94   1   0   0
  74000   19000000|  2   4  95   0   0   0
  65000   16000000|  2   2  96   0   0   0
  72000   18000000|  1   3  95   0   0   0
  70000   17000000|  1   3  95   0   0   0
  68000   17000000|  2   3  95   0   0   1
  72000   18000000| 26   3  70   1   0   1
  68000   16000000| 26   3  71   0   0   1
  78000   16000000|  8   3  88   0   0   1
7193B 2365B|  1   3  96   0   0   0
1911B  786B|  1   3  96   0   0   0
1975B 1626B|  1   3  96   0   0   0
1772B 2772B|  1   2  95   2   0   0
1550B 6290B|  1   3  96   0   0   0
3447B  237000|  1   2  97   0   0   0
  10000  836000|  2   3  96   0   0   0
  41000 4074000|  2   2  96   0   0   0
  56000   10000000|  1   3  96   0   0   0
  51000   14000000|  2   3  94   1   0   0
  67000   18000000|  2   3  95   0   0   0
  64000   16000000|  1   3  95   0   0   0
  71000   18000000|  2   3  95   0   0   0
  63000   16000000|  2   4  95   0   0   0
  73000   19000000|  1   4  96   0   0   0
  66000   16000000|  1   3  94   1   0   0
  75000   19000000|  2   3  95   0   0   1
  65000   16000000|  1   4  95   0   0   0
  74000   19000000|  2   3  95   0   0   0
  63000   16000000|  1   3  96   0   0   0
  73000   19000000|  2   3  95   0   0   0
  66000   16000000|  1   4  94   1   0   1
  73000   18000000|  2   3  95   0   0   1
  70000   17000000|  2   3  95   0   0   0
  72000   17000000|  2   3  95   0   0   1
  73000   18000000|  2   3  95   0   0   0
  66000   16000000|  1   4  95   0   0   0
  75000   18000000|  1   3  94   1   0   1
  67000   16000000|  2   3  96   0   0   0
  75000   19000000|  2   3  96   0   0   0
  66000   16000000|  1   4  95   0   0   0
  76000   19000000|  2   3  95   0   0   0
  65000   16000000|  1   4  94   0   0   0
  74000   19000000|  2   3  95   1   0   0
  65000   16000000|  1   3  96   0   0   0
  74000   18000000|  1   3  95   0   0   0
  68000   16000000|  2   3  95   0   0   0
  73000   18000000|  2   3  94   0   0   0
  71000   17000000| 26   3  71   0   0   1
  69000   17000000| 26   3  70   1   0   0
  69000   13000000|  4   3  92   0   0   0
2525B 2161B|  2   3  96   0   0   0
1846B 1154B|  1   2  97   0   0   0
1294B 1562B|  1   2  97   0   0   0
1390B 2398B|  1   3  97   0   0   0
1078B   30000|  2   2  95   2   0   0
3606B  246000|  1   3  96   0   0   0
  14000 1302000|  1   2  96   0   0   0
  43000 4206000|  1   2  96   0   0   1
  56000   12000000|  2   2  96   0   0   0
  48000   13000000|  1   3  96   0   0   0
  70000   18000000|  2   2  95   1   0   0
  61000   16000000|  1   3  95   0   0   0
  72000   19000000|  2   3  96   0   0   0
  61000   16000000|  2   2  96   0   0   1
  78000   19000000|  2   3  95   0   0   1
  68000   16000000|  2   3  95   0   0   0
  74000   19000000|  2   3  94   2   0   1
  66000   17000000|  2   2  96   0   0   0
  69000   18000000|  2   3  95   0   0   1
  69000   18000000|  1   3  95   0   0   1
  67000   17000000|  1   3  96   0   0   0
  75000   19000000|  2   2  96   0   0   0
  62000   16000000|  1   3  94   1   0   0
  75000   19000000|  2   3  96   0   0   0
  65000   16000000|  1   3  96   0   0   0
  74000   19000000|  2   3  96   0   0   0
  64000   16000000|  1   3  95   0   0   1
  73000   19000000|  2   3  96   0   0   0
  65000   16000000|  1   3  95   1   0   0
  77000   18000000|  2   2  95   0   0   1
  66000   16000000|  1   3  96   0   0   0
  72000   18000000|  1   3  95   0   0   1
  70000   17000000|  2   2  96   0   0   1
  70000   17000000|  2   3  95   0   0   0
  76000   18000000|  1   3  95   1   0   0
  66000   16000000|  1   3  96   0   0   0
  96000   19000000|  2   3  71  23   0   0
 127000   12000000|  9   3  52  35   0   1
 113000   14000000| 26   3  55  16   0   0
  48000   12000000| 26   2  72   0   0   0
  60000   16000000| 25   3  70   2   0   1
  44000 8268000|  2   3  90   6   0   0
3545B   57000|  1   2  73  25   0   0
3068B   14000|  1   2  73  24   0   0
2676B   48000|  1   3  74  23   0   0
1328B 2168B|  1   2  97   0   0   0
 880B   18000|  1   2  95   2   0   0
4884B  338000|  2   2  96   0   0   0
  17000 1607000|  1   3  97   0   0   0
  52000 5166000|  1   2  97   0   0   0
  50000   12000000|  1   3  96   0   0   0
  50000   14000000|  2   2  96   0   0   0
  70000   19000000|  2   2  95   1   0   0
  62000   16000000|  2   3  95   0   0   0
  75000   19000000|  1   2  96   0   0   0
  61000   16000000|  1   3  96   0   0   0
  73000   19000000|  1   2  97   0   0   0
  64000   16000000|  1   4  95   0   0   0
  74000   19000000|  2   3  95   1   0   0
  61000   16000000|  1   3  97   0   0   0
  74000   19000000|  2   3  95   0   0   0
  64000   16000000|  1   3  95   0   0   0
  71000   18000000|  1   4  95   0   0   0
  69000   17000000|  1   3  96   0   0   0
  67000   17000000|  2   2  94   1   0   0
  73000   18000000|  2   3  95   0   0   0
  62000   16000000|  2   3  95   0   0   0
  73000   19000000|  1   3  95   0   0   0
  63000   16000000|  1   3  96   0   0   0
  74000   19000000|  1   3  95   0   0   1
  63000   16000000|  2   3  95   1   0   0
  72000   19000000|  1   3  95   0   0   0
  63000   16000000|  1   3  96   0   0   0
  74000   19000000|  2   3  96   0   0   0
  64000   16000000|  1   3  96   0   0   0
  75000   18000000|  2   3  85  10   0   0
  69000   17000000|  1   3  59  37   0   1
  71000   18000000|  1   3  64  32   0   0
  69000   18000000|  1   3  94   2   0   1
  65000   17000000| 13   2  84   0   0   1
  72000   18000000| 26   2  71   0   0   1
  62000   16000000| 23   3  73   0   0   1
  45000 8337000|  1   3  95   1   0   0
3043B 1703B|  0   0 100   0   0   0
2542B 1540B|  0   0 100   0   0   0
2455B 1012B|  0   0 100   0   0   0
1666B 2098B|  0   0 100   0   0   0
2304B   86000|  1   0  98   1   0   0
5136B  380000|  1   0 100   0   0   0
  20000 1900000|  1   0  99   0   0   0
  56000 5885000|  1   0  99   0   0   0
  47000   13000000|  0   0 100   0   0   0
  57000   15000000|  1   1  99   0   0   0
  65000   17000000|  0   1  98   1   0   0
  72000   18000000|  1   1  99   0   0   0
  64000   16000000|  1   1  99   0   0   0
  73000   19000000|  1   1  99   0   0   0
  64000   16000000|  1   1  99   0   0   0
  74000   19000000|  1   1  99   0   0   0
  64000   16000000|  0   0  97   3   0   0
  72000   19000000|  1   1  98   0   0   0
  63000   16000000|  0   1  99   0   0   0
  72000   19000000|  1   1  99   0   0   0
  63000   16000000|  1   1  99   0   0   0
  73000   19000000|  1   1  99   0   0   0
  66000   16000000|  0   1  98   1   0   0
  72000   18000000|  1   1  99   0   0   0
  67000   17000000|  1   1  99   0   0   0
  67000   17000000|  1   1  99   0   0   0
  73000   18000000|  1   1  99   0   0   0
  66000   16000000|  1   1  99   0   0   0
  73000   19000000|  1   1  98   1   0   0
  64000   16000000|  0   1  99   0   0   0
  75000   19000000|  1   1  99   0   0   0
  64000   16000000|  0   0 100   0   0   0
  74000   19000000|  1   1  99   0   0   0
  63000   16000000|  1   1  99   0   0   0
  73000   19000000|  0   1  98   1   0   0
  65000   16000000|  0   1  99   0   0   0
  74000   18000000|  1   0  99   0   0   0
  66000   17000000| 20   1  79   0   0   0
  70000   18000000| 25   1  75   0   0   0
  71000   18000000| 16   1  83   0   0   0
  29000 3466000|  0   0  98   1   0   0
 320B    0|  0   0 100   0   0   0
 670B    0|  0   0 100   0   0   0
