   0     0|  2   1  92   5   0   0
1225B  902B|  8   6  86   0   0   0
4568B 3140B|  4   4  92   0   0   0
2412B 2984B|  6   4  90   0   0   0
1423B 1884B|  5   5  90   0   0   0
1140B 4180B|  7   5  89   0   0   0
2182B   60000|  7   6  87   1   0   0
6249B  528000|  7   4  89   0   0   0
  21000 1895000|  6   5  88   0   0   1
 105000 9492000|  6   6  88   0   0   1
  58000 4899000|  5   4  91   0   0   0
  28000 6389000|  6   6  88   0   0   0
  36000 8444000|  6   6  87   1   0   0
  47000   11000000|  7   5  88   0   0   1
  59000   13000000|  6   5  88   0   0   0
  53000 9038000|  6   5  88   0   0   0
  54000   11000000|  7   7  86   0   0   1
  50000   11000000|  7   4  89   0   0   0
  57000   12000000|  7   7  85   1   0   0
  53000   12000000|  6   5  89   0   0   0
  60000   13000000|  6   5  89   0   0   1
  57000   12000000|  6   7  87   0   0   0
  56000   13000000|  8   5  86   0   0   1
  52000   12000000|  7   5  88   0   0   1
  58000   13000000|  7   5  86   1   0   1
  57000   13000000|  5   5  89   0   0   0
  56000   13000000|  6   5  88   0   0   1
  59000   14000000|  7   4  89   0   0   1
  66000   15000000|  6   6  88   0   0   0
  71000   16000000|  6   5  87   0   0   1
  74000   17000000|  5   5  87   1   0   1
  68000   13000000|  7   4  89   0   0   0
  61000   14000000|  6   5  89   0   0   0
  74000   18000000|  7   5  88   0   0   1
  82000   18000000|  7   5  88   0   0   1
  88000   21000000|  7   6  87   0   0   0
  93000   22000000|  6   6  87   1   0   0
 106000   25000000|  7   6  86   0   0   1
 113000   27000000|  6   7  87   0   0   0
 112000   27000000|  7   6  86   0   0   1
 119000   28000000|  6   7  87   0   0   0
 116000   27000000|  6   5  88   0   0   1
 116000   28000000|  7   6  86   1   0   1
 116000   25000000|  7   5  88   0   0   0
  97000   22000000|  7   7  86   0   0   1
  99000   23000000|  6   5  88   0   0   0
 106000   26000000|  6   5  88   0   0   0
 108000   25000000|  7   5  87   0   0   1
 117000   27000000|  6   6  86   1   0   1
 111000   26000000|  8   4  88   0   0   0
 118000   28000000|  6   7  86   0   0   1
 118000   27000000|  7   5  87   0   0   1
 120000   28000000|  6   6  87   0   0   1
 121000   27000000|  6   6  88   0   0   1
 115000   27000000|  8   6  85   1   0   1
 118000   28000000| 16   5  77   0   0   1
 116000   27000000| 34   6  60   0   0   1
 114000   28000000| 32   6  60   0   0   1
 114000   25000000|  8   7  84   0   0   1
  56000   10000000|  5   5  89   0   0   1
  48000   11000000|  7   5  86   2   0   0
  50000   11000000|  5   5  89   0   0   0
  51000   11000000|  5   5  89   0   0   0
  53000   12000000|  7   5  88   0   0   0
  57000   12000000|  6   6  88   0   0   0
  75000   15000000|  6   6  88   0   0   1
 113000   19000000|  7   5  86   1   0   0
 117000   28000000|  7   4  88   0   0   1
  41000 2590000|  7   5  88   0   0   0
  18000 4235000|  6   4  90   0   0   0
  23000 5937000|  7   5  88   0   0   0
  43000   11000000|  5   5  89   0   0   1
  52000   12000000|  6   5  88   1   0   1
  67000   16000000|  5   6  88   0   0   0
  72000   14000000|  6   6  88   0   0   0
  63000   16000000| 26   7  67   0   0   1
  70000   18000000| 31   6  62   0   0   1
  91000   23000000| 32   7  61   0   0   1
  94000   23000000|  6   7  84   2   0   1
  51000 9475000|  6   5  89   0   0   1
  43000 9607000|  6   6  88   0   0   0
  44000 9808000|  6   7  87   0   0   0
  44000   10000000|  6   6  88   0   0   0
  45000 9955000|  6   5  87   2   0   0
  48000   10000000|  6   5  89   0   0   1
  53000   10000000|  6   6  88   0   0   1
  82000   13000000|  6   5  88   0   0   1
  97000   18000000|  5   5  90   0   0   0
  98000   24000000|  6   6  87   0   0   0
  96000   18000000|  6   5  87   1   0   1
  49000   10000000|  5   4  90   0   0   0
  52000   11000000|  5   4  91   0   0   0
  62000   12000000|  5   5  90   0   0   0
  61000   13000000|  5   5  89   0   0   1
  64000   14000000|  7   4  89   0   0   1
  68000   16000000|  6   5  88   1   0   0
  80000   20000000|  5   7  88   0   0   0
  94000   24000000|  7   5  87   0   0   1
 116000   30000000|  6   6  87   0   0   1
 118000   30000000|  6   6  87   0   0   1
 128000   32000000|  7   5  87   0   0   1
 129000   32000000|  6   4  87   1   0   1
 130000   33000000|  6   5  88   0   0   1
 136000   30000000|  6   5  88   0   0   1
  75000   18000000|  5   5  89   0   0   1
  76000   18000000|  6   4  89   0   0   1
  78000   19000000|  7   5  88   0   0   0
  81000   20000000|  6   5  88   1   0   0
  85000   21000000|  6   5  89   0   0   0
  98000   24000000|  7   5  88   0   0   0
 107000   27000000| 32   5  61   0   0   1
 122000   29000000| 31   7  60   0   0   2
   0     0| 11   5  83   0   0   1
   0     0|  5   5  88   2   0   0
   0     0|  6   5  89   0   0   0
   0     0|  6   4  89   0   0   1
   0     0|  6   5  90   0   0   0
   0     0|  7   5  88   0   0   0
   0     0|  5   6  88   1   0   0
   0     0|  6   5  88   0   0   1
   0     0|  6   5  89   0   0   0
   0     0|  6   4  90   0   0   0
   0     0|  5   5  89   0   0   0
   0     0|  6   5  89   0   0   0
   0     0|  5   5  88   1   0   1
   0     0|  6   5  88   0   0   1
   0     0|  5   5  89   0   0   1
   0     0|  6   5  89   0   0   0
   0     0|  5   4  90   0   0   1
   0     0|  6   5  88   0   0   1
   0     0|  5   6  87   1   0   1
   0     0|  7   5  87   0   0   0
   0     0|  6   5  89   0   0   1
   0     0|  6   6  87   0   0   0
   0     0|  6   5  88   0   0   1
   0     0|  6   5  89   0   0   0
   0     0|  6   6  87   1   0   0
   0     0|  7   4  88   0   0   0
   0     0|  7   5  87   0   0   1
   0     0|  6   5  88   0   0   1
   0     0|  7   6  87   0   0   0
   0     0|  6   5  88   0   0   0
   0     0|  5   4  90   1   0   1
   0     0|  6   4  90   0   0   0
   0     0|  7   5  88   0   0   1
   0     0|  6   6  87   0   0   1
   0     0|  7   5  87   0   0   1
   0     0|  5   4  90   0   0   0
   0     0|  6   6  86   2   0   0
   0     0|  6   5  89   0   0   0
   0     0|  7   4  89   0   0   1
   0     0|  6   6  88   0   0   0
   0     0| 22   5  72   0   0   1
   0     0| 33   7  59   0   0   1
   0     0| 33   6  59   1   0   1
   0     0| 32   7  59   0   0   1
   0     0| 32   6  61   0   0   1
3276000  702000000|  8   6  86   0   0   0
  86000   17000000|  7   5  87   0   0   0
  55000   12000000|  5   4  90   0   0   0
  59000   13000000|  6   4  87   2   0   0
  57000   13000000|  5   6  89   0   0   0
  55000   12000000|  6   6  88   0   0   1
  58000   13000000|  5   6  89   0   0   0
  59000   13000000|  6   5  89   0   0   1
  56000 5839000|  5   5  90   0   0   0
  91000   10000000|  5   6  87   1   0   0
  25000 4013000|  5   5  90   0   0   0
  30000 6462000|  6   5  89   0   0   0
  36000 8548000|  5   4  91   0   0   0
  49000   11000000|  5   7  88   0   0   0
  52000   11000000|  6   5  89   0   0   0
  53000   11000000|  4   6  88   1   0   1
  49000   11000000|  6   5  89   0   0   0
  59000   13000000|  4   5  91   0   0   0
  58000   11000000|  5   6  89   0   0   1
  44000 8219000|  6   6  88   0   0   0
  41000 9873000|  6   5  89   0   0   1
  47000   10000000|  5   5  87   2   0   0
  47000 9316000|  5   4  90   0   0   0
  44000   10000000|  6   5  88   0   0   1
  50000   11000000|  5   5  90   0   0   0
  48000   11000000|  6   5  89   0   0   0
  53000   11000000|  6   5  88   0   0   1
  50000   11000000|  6   4  88   1   0   0
  51000   11000000|  6   5  89   0   0   0
  49000   11000000|  4   7  89   0   0   0
  48000   11000000|  5   4  90   0   0   1
  51000   11000000|  5   6  88   0   0   1
  53000   12000000|  5   5  90   0   0   0
  57000   12000000|  6   5  87   1   0   0
  58000   13000000|  5   7  88   0   0   0
  61000   13000000|  6   5  88   0   0   1
  63000   14000000|  5   6  88   0   0   1
  68000   16000000|  7   6  87   0   0   0
  72000   17000000|  6   6  87   0   0   1
  81000   19000000|  5   6  88   1   0   0
  89000   21000000|  5   6  88   0   0   1
  91000   15000000|  6   5  89   0   0   1
  25000 5028000| 20   6  74   0   0   0
  32000 7179000| 32   5  63   0   0   1
  38000 8872000| 32   5  62   0   0   0
  45000   10000000| 31   5  62   1   0   1
  58000   13000000| 33   5  62   0   0   0
  58000 8475000| 31   6  62   0   0   1
  37000 8171000| 27   5  68   0   0   0
  46000   10000000|  5   5  89   0   0   1
  47000 9188000|  6   6  88   0   0   1
  26000 5205000|  6   5  88   2   0   0
  29000 5671000|  4   5  91   0   0   0
  26000 5405000|  5   5  90   0   0   0
  26000 5739000|  6   4  89   0   0   0
  26000 5444000|  5   4  91   0   0   0
  32000 6090000|  5   5  89   0   0   0
  43000 7187000|  5   5  89   1   0   0
  92000   13000000|  6   4  90   0   0   1
  74000   17000000|  5   5  89   0   0   1
 102000   20000000|  5   5  89   0   0   1
  40000 6637000|  4   6  90   0   0   0
  33000 7049000|  6   5  89   0   0   0
  34000 7749000|  6   4  89   1   0   0
  40000 9062000|  5   4  90   0   0   0
  45000   10000000|  5   5  89   0   0   1
  51000 8638000|  5   5  89   0   0   0
  45000   10000000|  5   5  89   0   0   0
  63000   16000000|  4   5  91   0   0   0
  78000   18000000|  6   5  87   1   0   0
  57000   10000000|  6   5  89   0   0   0
  51000   12000000|  5   6  88   0   0   0
  69000   15000000|  4   6  90   0   0   0
  71000   17000000|  6   5  88   0   0   1
  75000   18000000|  6   5  88   1   0   0
  82000   11000000|  5   4  90   0   0   1
  48000   11000000|  5   5  90   0   0   0
  61000   14000000|  4   7  88   0   0   0
  63000   14000000|  6   5  89   0   0   1
  66000   15000000|  5   5  90   0   0   1
  69000   15000000|  6   5  88   1   0   0
  72000   16000000|  5   5  90   0   0   1
  72000   16000000|  6   5  89   0   0   1
  68000   16000000| 19   7  74   0   0   1
  69000   16000000| 31   7  61   0   0   1
  73000   16000000| 32   5  62   0   0   1
  68000   12000000| 30   6  62   1   0   1
  58000   12000000| 32   5  62   0   0   1
  60000   14000000| 15   6  79   0   0   1
  69000   14000000|  4   5  90   0   0   0
  36000 7152000|  4   5  90   0   0   0
  37000 8128000|  4   5  90   0   0   0
  40000 7806000|  5   4  88   2   0   0
  38000 8474000|  5   4  91   0   0   0
  40000 8238000|  5   5  89   0   0   1
  45000 9000000|  5   5  90   0   0   1
  56000 9676000|  6   5  89   0   0   0
  86000   13000000|  5   5  89   0   0   1
  95000   17000000|  5   4  89   1   0   0
  54000   11000000|  5   5  89   0   0   0
  62000   14000000|  3   5  91   0   0   1
  68000   16000000|  5   5  89   0   0   0
  79000   18000000|  6   5  89   0   0   1
  76000   18000000|  6   4  90   0   0   0
  86000   21000000|  5   5  88   1   0   1
  84000   20000000|  6   6  88   0   0   1
  87000   17000000|  4   5  90   0   0   1
  71000   17000000|  6   4  90   0   0   0
  87000   21000000|  6   5  89   0   0   1
  93000   22000000|  7   5  88   0   0   0
 101000   25000000|  5   6  88   1   0   0
 107000   26000000|  6   5  89   0   0   1
  58000 9800000|  4   6  90   0   0   0
  43000 9842000|  6   5  88   0   0   1
  44000 9473000|  5   4  90   0   0   1
  47000   10000000|  5   5  90   0   0   0
  45000 9806000|  5   5  89   1   0   0
  48000   11000000|  5   5  90   0   0   0
  47000   10000000|  5   4  90   0   0   1
  53000   12000000|  6   5  89   0   0   0
  54000   12000000|  6   4  89   0   0   1
  53000   11000000|  6   5  90   0   0   0
  52000   12000000|  6   4  88   1   0   0
  59000   13000000|  5   6  89   0   0   1
  61000   14000000|  6   5  89   0   0   0
  63000   10000000|  5   4  90   0   0   1
  40000 6179000|  6   3  90   0   0   0
  30000 5830000|  5   5  90   0   0   0
  34000 6775000|  6   4  89   1   0   0
  36000 7034000|  5   6  89   0   0   1
  39000 6970000|  5   6  89   0   0   0
  38000 7172000|  6   5  90   0   0   0
  37000 7163000|  6   5  90   0   0   0
  39000 7513000|  6   6  89   0   0   0
  38000 7672000|  5   5  89   1   0   1
  40000 8222000|  5   4  90   0   0   0
  40000 9056000|  6   5  90   0   0   0
  51000   10000000|  5   5  90   0   0   0
  52000   11000000|  6   5  89   0   0   1
  59000   12000000|  6   5  89   0   0   0
  66000   14000000|  6   5  88   1   0   0
  75000   16000000| 25   5  69   0   0   1
  86000   19000000| 32   6  62   0   0   1
  94000   22000000| 31   6  61   0   0   1
 108000   26000000| 13   6  80   0   0   1
  76000   14000000|  5   6  89   0   0   0
  58000   13000000|  4   4  89   2   0   1
  61000   14000000|  7   5  88   0   0   0
  71000   17000000|  5   5  90   0   0   1
  71000   17000000|  5   4  90   0   0   1
  81000   18000000|  4   5  90   0   0   0
  24000  845000|  5   5  90   0   0   0
  26000 2691000|  5   4  89   1   0   0
  68000 9909000|  5   4  90   0   0   0
  55000   14000000|  5   5  89   0   0   1
  77000   20000000|  5   6  89   0   0   1
  82000   20000000|  5   5  90   0   0   0
 103000   25000000|  6   4  89   0   0   1
  70000   13000000|  4   5  90   1   0   0
  54000   12000000|  5   5  90   0   0   0
  23000 2550000|  6   5  89   0   0   0
  20000 4397000|  5   4  91   0   0   0
  31000 7716000|  4   5  91   0   0   0
  46000   10000000|  5   5  90   0   0   0
  36000 5985000|  5   5  89   1   0   0
  39000 9430000|  6   4  90   0   0   1
  51000   12000000|  5   5  90   0   0   0
  69000   16000000| 26   5  68   0   0   1
  65000 9722000| 32   5  62   0   0   1
  37000 8493000| 32   5  62   0   0   1
  47000   11000000| 32   5  62   1   0   0
  58000   14000000| 32   5  63   0   0   0
  68000   15000000| 32   6  61   0   0   1
  71000   16000000| 32   4  63   0   0   1
  77000   17000000| 32   5  63   0   0   0
  75000   16000000|  5   6  89   0   0   0
  84000   17000000|  6   5  87   2   0   1
  48000 9809000|  5   4  91   0   0   0
  51000   11000000|  5   4  91   0   0   0
  45000   10000000|  4   6  90   0   0   0
  49000   10000000|  5   5  90   0   0   0
  49000   11000000|  5   6  90   0   0   0
  44000   10000000|  6   5  87   1   0   1
  56000 7246000|  5   4  91   0   0   0
  58000 8943000|  5   5  90   0   0   0
  81000   12000000|  5   4  90   0   0   1
  50000 9673000|  5   5  90   0   0   0
  52000   11000000|  5   5  90   0   0   0
  54000   13000000|  6   5  88   1   0   0
  67000   16000000|  5   6  89   0   0   0
  70000   14000000|  6   5  89   0   0   1
  58000   14000000|  4   5  91   0   0   1
  62000   15000000|  5   5  90   0   0   0
  67000   16000000|  4   5  90   0   0   1
  71000   16000000|  5   6  88   1   0   0
  69000   16000000|  6   5  89   0   0   0
  74000   17000000|  5   6  89   0   0   0
  69000   16000000|  5   5  89   0   0   1
  74000   17000000|  5   5  89   0   0   1
  68000   16000000|  5   4  90   0   0   0
  74000   17000000|  5   5  88   1   0   0
  74000   17000000|  4   4  91   0   0   0
  71000   12000000|  4   5  91   0   0   0
  52000   12000000|  6   6  88   0   0   0
  64000   15000000|  5   5  90   0   0   0
  69000   13000000|  4   5  91   0   0   0
  60000   14000000|  5   4  89   2   0   1
  64000   15000000|  5   5  90   0   0   1
  68000   17000000|  5   6  89   0   0   1
  72000   16000000|  5   5  90   0   0   0
  66000   14000000|  6   5  89   0   0   0
  66000   15000000| 16   5  78   0   0   0
  69000   16000000| 30   6  62   1   0   1
  70000   16000000| 30   5  64   0   0   1
  71000   16000000| 32   5  62   0   0   1
  73000   17000000| 12   6  82   0   0   1
  61000   11000000|  6   5  89   0   0   0
  30000 5313000|  4   5  91   0   0   0
  28000 4955000|  4   5  88   3   0   0
  29000 5387000|  5   5  90   0   0   1
  26000 5005000|  4   4  91   0   0   1
  27000 5393000|  4   5  91   0   0   0
  29000 5697000|  5   4  91   0   0   0
  42000 7338000|  6   5  89   0   0   0
  90000   12000000|  4   5  89   1   0   1
  74000   18000000|  5   7  88   0   0   0
  85000   16000000|  3   6  90   0   0   0
  40000 9139000|  4   4  92   0   0   0
  48000   11000000|  5   5  90   0   0   0
  59000   10000000|  4   4  91   0   0   0
  43000   10000000|  5   4  89   1   0   0
  56000   11000000|  5   5  90   0   0   0
  49000   12000000|  5   5  90   0   0   0
  60000   12000000|  5   5  90   0   0   0
  50000   11000000|  5   4  90   0   0   0
  59000   13000000|  5   5  90   0   0   0
  61000   13000000|  5   5  88   1   0   1
  67000   12000000|  5   6  90   0   0   0
  43000 8499000|  4   5  91   0   0   0
  51000   10000000|  5   4  90   0   0   1
  44000 9439000|  6   5  90   0   0   0
  51000   11000000|  4   4  91   0   0   1
  53000   11000000|  5   4  89   1   0   1
  54000   11000000|  5   5  90   0   0   0
  50000   11000000|  5   6  89   0   0   0
  54000   12000000|  4   4  91   0   0   0
  53000   12000000|  4   5  90   0   0   1
  54000   12000000|  5   5  89   0   0   1
  56000   12000000|  5   4  90   1   0   0
  59000   12000000|  3   4  92   0   0   0
  57000   12000000|  4   5  90   0   0   0
  53000   12000000|  4   4  92   0   0   0
  58000   13000000|  5   6  89   0   0   0
  62000   13000000|  5   5  89   1   0   1
  56000   12000000|  4   5  91   0   0   0
  57000   13000000|  5   4  91   0   0   0
  70000   13000000|  5   5  90   0   0   1
  38000 5903000|  5   5  90   0   0   0
  45000 9873000|  5   4  90   0   0   0
  49000   11000000|  6   4  89   1   0   0
  56000   13000000|  5   5  90   0   0   0
  59000   13000000|  5   5  90   0   0   0
  65000   14000000|  5   5  90   0   0   0
  64000   14000000| 12   7  81   0   0   0
  69000   14000000| 32   5  63   0   0   1
  63000   14000000| 31   6  62   1   0   1
  74000   13000000| 31   5  63   0   0   1
  49000 6336000| 31   5  63   0   0   1
  33000 6822000| 29   5  65   0   0   1
  32000 5860000| 21   6  73   0   0   0
  34000 7006000|  3   5  92   0   0   0
  37000 7805000|  5   5  89   1   0   0
  41000 9026000|  4   5  90   0   0   1
  46000 9193000|  5   6  89   0   0   0
  43000 8874000|  4   4  92   0   0   0
  46000   10000000|  4   5  91   0   0   1
  43000 5362000|  4   4  92   0   0   0
  26000 6062000|  5   5  89   1   0   0
  37000 8400000|  3   5  92   0   0   0
  45000 9728000|  6   4  89   0   0   1
  66000   11000000|  3   5  91   0   0   0
 107000   14000000|  5   4  91   0   0   0
  72000   19000000|  6   6  88   0   0   0
  87000   17000000|  5   5  89   1   0   0
  40000 8571000|  5   4  91   0   0   0
  43000 9873000|  4   4  92   0   0   1
  46000   10000000|  5   5  90   0   0   1
  52000   12000000|  5   4  91   0   0   0
  63000   14000000|  4   6  89   0   0   1
  72000   14000000|  4   4  90   1   0   1
  62000   12000000|  6   5  90   0   0   0
  62000   13000000|  5   6  88   0   0   1
  65000   12000000|  5   4  91   0   0   0
  56000   12000000|  6   4  90   0   0   1
  59000   11000000|  4   5  90   0   0   0
  53000   11000000|  4   5  89   1   0   0
  58000   13000000|  4   4  91   0   0   1
  59000   13000000|  5   6  89   0   0   0
  58000   12000000|  4   5  90   0   0   1
  57000   13000000|  4   6  90   0   0   0
  65000   14000000|  6   4  90   0   0   1
  67000   15000000|  4   6  88   2   0   0
  51000 6910000|  5   5  90   0   0   0
  37000 7774000|  4   5  90   0   0   0
  41000 6449000|  3   5  92   0   0   0
  33000 7004000|  4   5  90   0   0   0
  38000 7872000|  4   5  90   0   0   0
  39000 8005000|  5   4  90   1   0   0
  38000 8272000|  5   5  90   0   0   0
  41000 7892000|  5   5  90   0   0   0
  35000 7307000|  4   5  90   0   0   1
  46000 8294000|  4   5  90   0   0   0
  46000 7938000|  5   5  90   0   0   1
  49000 8806000|  4   5  90   1   0   0
  41000 8272000|  4   5  91   0   0   0
  43000 8939000|  4   5  91   0   0   0
  44000 8954000| 14   5  81   0   0   0
  47000 9391000| 31   5  64   0   0   1
  46000 9264000| 32   5  63   0   0   0
  38000 4877000| 32   4  63   1   0   0
  32000 6843000| 30   5  64   0   0   0
  35000 7633000| 31   4  64   0   0   1
  41000 8739000| 30   5  65   0   0   0
  41000 8672000| 30   5  64   0   0   1
  41000 7838000| 26   4  70   0   0   0
  39000 8006000|  4   5  90   1   0   0
  34000 6190000|  4   5  90   0   0   1
  16000 2603000|  4   4  92   0   0   0
  15000 2602000|  4   5  91   0   0   0
  13000 2603000|  3   5  92   0   0   0
  14000 2671000|  6   5  88   2   0   0
  13000 2639000|  4   5  91   0   0   0
  18000 3103000|  5   4  92   0   0   0
  28000 4097000|  5   5  91   0   0   0
  43000 4683000|  4   5  92   0   0   0
  44000 5230000|  4   4  91   0   0   1
  31000 6363000|  4   5  89   2   0   0
  31000 6769000|  5   5  90   0   0   0
  35000 7471000|  4   5  91   0   0   0
  35000 4579000|  5   4  91   0   0   0
  21000 4603000|  5   5  90   0   0   0
  27000 5870000|  5   5  90   0   0   1
  32000 6385000|  5   4  90   1   0   0
  23000 4195000|  4   4  92   0   0   0
  23000 5203000|  5   5  90   0   0   0
  26000 5670000|  4   4  91   0   0   0
  25000 5804000|  4   4  91   0   0   0
  30000 6145000|  4   4  92   0   0   0
  34000 6487000|  4   5  90   1   0   0
  31000 5421000|  5   5  90   0   0   1
  26000 5108000|  5   5  91   0   0   0
  27000 5403000|  4   5  91   0   0   0
  30000 6204000|  3   6  91   0   0   0
  28000 5838000|  4   5  91   0   0   0
  34000 6704000|  4   4  91   1   0   0
  33000 6671000|  4   6  90   0   0   0
  36000 7138000|  5   5  90   0   0   0
  37000 7642000|  5   5  90   0   0   0
  40000 8171000|  5   5  90   0   0   0
  42000 9003000|  5   4  91   0   0   0
  45000   10000000|  5   6  88   1   0   0
  48000   11000000|  5   4  90   0   0   1
  59000   13000000|  5   5  89   0   0   1
  63000   14000000|  5   4  90   0   0   0
  77000   16000000|  5   5  90   0   0   0
  74000   17000000|  4   6  90   0   0   1
  87000   16000000|  4   6  89   1   0   0
  19000 3670000|  4   5  90   0   0   0
  18000 3835000|  4   5  92   0   0   0
  20000 4177000|  4   5  91   0   0   0
  22000 4438000|  5   4  91   0   0   0
  23000 4968000|  4   5  91   0   0   0
  26000 5280000|  4   5  91   1   0   0
  28000 5927000|  5   4  90   0   0   1
  33000 7411000|  4   4  91   0   0   0
  39000 9066000|  5   4  91   0   0   0
  57000   12000000|  3   5  91   0   0   0
  51000 4329000|  5   4  91   0   0   0
  24000 4960000|  4   4  91   1   0   0
  27000 5937000|  5   5  91   0   0   0
  31000 6204000|  4   5  91   0   0   0
  32000 6738000|  4   4  91   0   0   0
  32000 6471000|  4   4  92   0   0   0
  33000 6871000|  4   5  91   0   0   0
  31000 6604000|  4   5  90   1   0   0
  31000 6782000|  4   5  91   0   0   0
  31000 6693000|  4   5  92   0   0   0
  34000 7205000|  5   5  90   0   0   1
  34000 7605000|  3   5  91   0   0   0
  40000 8005000|  6   5  89   0   0   0
  38000 8539000|  4   3  91   1   0   1
  43000 7273000|  4   4  91   0   0   1
  38000 7036000|  5   4  92   0   0   0
  34000 7047000|  4   5  91   0   0   1
  37000 8205000|  4   3  92   0   0   0
  42000 9167000|  5   4  91   0   0   0
  48000   10000000|  6   4  89   1   0   0
  50000   11000000|  3   6  91   0   0   0
  55000   13000000|  5   5  90   0   0   1
  62000   14000000|  5   5  90   0   0   1
  67000   16000000|  5   4  90   0   0   0
  76000   18000000|  6   4  91   0   0   0
  79000   20000000|  4   5  90   1   0   1
  82000   20000000|  5   4  90   0   0   1
  81000   20000000|  5   4  91   0   0   1
  34000 3734000|  4   3  93   0   0   0
  18000 3759000|  4   4  92   0   0   0
  21000 4760000|  4   4  91   0   0   0
  26000 5670000|  4   5  90   1   0   0
  34000 7271000|  4   5  91   0   0   0
  38000 7978000|  4   4  91   0   0   0
  37000 5633000|  4   4  91   0   0   1
  25000 5804000|  4   5  91   0   0   0
  35000 7405000|  4   4  92   0   0   0
  37000 7872000|  5   4  89   1   0   0
  39000 8605000|  3   5  92   0   0   0
  40000 6050000|  4   4  91   0   0   0
  28000 5832000|  4   4  92   0   0   1
  32000 6911000|  4   4  92   0   0   0
  33000 7270000|  4   4  91   0   0   1
  38000 7938000|  4   4  90   1   0   0
  35000 7605000|  5   4  91   0   0   0
  37000 8539000| 12   5  83   0   0   0
  36000 4505000| 30   6  64   0   0   0
  25000 5704000| 30   5  65   0   0   0
  32000 6760000| 30   5  65   0   0   0
  32000 5945000| 32   5  64   0   0   0
  30000 6604000| 31   6  63   0   0   0
  32000 7004000| 31   4  65   0   0   0
  32000 6938000| 31   5  64   0   0   1
  33000 7138000| 31   5  64   0   0   1
  33000 6819000| 18   5  77   0   0   0
  31000 6072000|  4   5  90   1   0   0
  32000 6197000|  4   5  91   0   0   0
  15000 1912000|  4   4  92   0   0   0
  12000 1869000|  4   5  91   0   0   0
  12000 1964000|  4   4  92   0   0   0
  19000 1976000|  4   3  92   1   0   0
  15000 1833000|  4   5  53  38   0   0
 127000 2313000|  5   5  17  73   0   0
 426000 2768000|  8   8   0  84   0   0
1313000 6715000|  7   9  11  72   0   1
 856000   12000000|  5   6  53  37   0   0
 925000 6642000|  5   5  45  45   0   0
 326000 6726000|  4   6   8  82   0   0
 117000   10000000|  6   4   0  90   0   0
  61000   13000000|  4   5   0  90   0   1
  72000   15000000|  5   5  22  67   0   0
  74000   17000000|  5   5  89   1   0   0
  74000   18000000|  5   4  90   0   0   0
  87000   21000000|  6   5  69  21   0   0
  91000   22000000|  4   5  81  10   0   1
 105000   22000000|  5   5  90   0   0   1
  68000   15000000|  5   4  91   0   0   0
  77000   18000000|  4   4  87   3   0   1
  86000   21000000|  4   5  90   0   0   0
  95000   22000000|  5   4  90   0   0   1
  95000   23000000|  5   4  91   0   0   0
 101000   24000000|  5   5  89   0   0   1
 100000   24000000|  5   4  90   0   0   1
 102000   25000000| 21   5  72   1   0   1
 112000   24000000| 31   5  63   0   0   1
  73000   15000000| 29   5  65   0   0   1
  68000   16000000| 19   5  76   0   0   1
  74000   15000000|  5   5  90   0   0   1
  43000   10000000|  4   4  92   0   0   0
  46000   10000000|  4   4  90   2   0   0
  51000   11000000|  4   4  92   0   0   1
  52000   11000000|  4   5  90   0   0   0
  57000   12000000|  5   4  91   0   0   0
  57000   13000000|  5   4  91   0   0   0
  70000   14000000|  5   5  90   0   0   0
 110000   18000000|  5   4  89   1   0   1
 104000   21000000|  4   5  91   0   0   1
  71000   16000000|  5   5  90   0   0   0
  73000   17000000|  6   5  89   0   0   0
  83000   20000000|  3   5  72  19   0   0
  94000   22000000|  5   5  49  41   0   1
  96000   22000000|  4   6  23  66   0   1
 109000   21000000|  4   5  11  80   0   0
  82000   18000000|  4   6   4  86   0   0
  87000   20000000|  4   5   5  85   0   1
  98000   22000000|  5   5   0  90   0   0
  96000   22000000|  5   5  15  75   0   1
  85000   15000000|  5   4  24  66   0   0
  47000 9273000|  4   4  85   7   0   1
  33000 6555000|  5   5  90   0   0   0
  43000   10000000|  4   5  91   0   0   0
  46000 9587000|  4   4  92   0   0   0
  61000   13000000|  4   4  92   0   0   0
  42000 8227000|  4   4  91   1   0   0
  40000 7428000|  4   5  91   0   0   0
  36000 7928000|  8   4  87   0   0   1
  38000 8616000| 30   5  65   0   0   1
  39000 8872000| 30   5  65   0   0   0
  39000 9072000| 29   5  65   0   0   1
  38000 8672000| 31   4  65   0   0   1
  38000 9072000| 30   4  65   0   0   0
  39000 9072000| 30   5  65   0   0   1
  42000 9406000| 30   6  64   0   0   0
  42000 9673000| 29   6  65   0   0   1
  46000   10000000| 31   5  63   0   0   1
  47000   10000000| 30   5  63   1   0   1
  48000   11000000| 22   5  73   0   0   0
  54000   12000000|  4   4  91   0   0   1
  58000   12000000|  5   5  90   0   0   0
  45000 9168000|  4   4  92   0   0   0
  43000 5244000|  4   4  92   0   0   0
  31000 6539000|  4   4  90   2   0   0
  34000 7274000|  4   4  92   0   0   0
  39000 8575000|  4   4  92   0   0   0
  42000 8672000|  4   5  91   0   0   1
  58000   11000000|  4   6  90   0   0   0
  77000   11000000|  4   5  91   0   0   0
  75000   12000000|  5   4  91   1   0   0
  60000   11000000|  4   5  91   0   0   0
  38000 6219000|  4   5  91   0   0   1
  41000 9206000|  5   5  91   0   0   0
  49000   10000000|  4   5  92   0   0   0
  46000   10000000|  3   4  92   0   0   0
  48000   11000000|  5   5  90   1   0   0
  51000   11000000|  4   5  91   0   0   0
  51000   11000000|  5   5  90   0   0   0
  48000   11000000|  5   4  91   0   0   1
  51000   11000000|  4   5  91   0   0   0
  52000   11000000|  4   4  91   0   0   1
  51000   11000000|  4   4  90   2   0   0
  52000   12000000|  5   4  91   0   0   1
  56000   12000000|  4   5  91   0   0   1
  61000   13000000|  3   6  91   0   0   0
  63000   14000000|  4   5  91   0   0   0
  69000   15000000|  5   5  91   0   0   0
  72000   17000000|  4   4  90   1   0   1
  83000   19000000|  4   5  90   0   0   1
  92000   21000000|  5   4  90   0   0   0
 101000   24000000|  4   6  90   0   0   1
  88000   16000000|  4   5  91   0   0   1
  71000   17000000|  4   5  91   0   0   0
  38000 4487000|  4   4  91   1   0   0
  22000 4865000|  4   4  92   0   0   1
  32000 6082000|  4   4  92   0   0   0
  25000 4751000|  3   4  93   0   0   0
  27000 5604000|  4   4  92   0   0   0
  29000 6071000|  4   4  92   0   0   0
  27000 5703000|  3   6  90   1   0   0
  29000 6171000|  3   5  93   0   0   0
  26000 5804000|  3   4  93   0   0   0
  29000 6337000|  3   6  92   0   0   0
  31000 6671000|  4   4  93   0   0   0
  34000 7228000|  4   4  92   0   0   0
  36000 7581000|  3   5  90   1   0   1
  38000 8806000|  5   4  91   0   0   0
  44000 9673000| 25   6  69   0   0   1
  48000   11000000| 29   5  65   0   0   1
  58000   13000000| 30   5  64   0   0   1
  63000   15000000| 30   5  63   0   0   1
  78000   18000000| 30   6  63   1   0   1
  92000   18000000| 30   6  64   0   0   1
  37000 5353000| 29   4  66   0   0   0
  34000 8272000| 30   5  65   0   0   0
  47000   11000000| 16   5  78   0   0   1
  61000   15000000|  5   4  91   0   0   1
  58000 8114000|  4   5  89   2   0   1
  26000 4671000|  3   4  93   0   0   0
  34000 5522000|  3   4  93   0   0   1
  19000 3660000|  4   4  93   0   0   0
  23000 5211000|  4   4  93   0   0   0
  30000 6426000|  4   4  90   1   0   1
  35000 6575000|  4   5  92   0   0   0
  70000   10000000|  5   4  91   0   0   1
  58000 4609000|  3   5  92   0   0   0
  37000 7821000|  4   4  92   0   0   0
  40000 8691000|  4   4  92   0   0   0
  45000   10000000|  3   5  91   1   0   1
  45000   10000000|  4   4  92   0   0   0
  51000   11000000|  4   5  91   0   0   1
  51000 8774000|  3   5  91   0   0   0
  35000 5448000|  4   5  91   0   0   0
  36000 8119000|  5   4  91   0   0   0
  38000 8806000|  3   6  91   1   0   0
  44000 7452000|  5   3  92   0   0   0
  36000 7538000|  3   6  92   0   0   0
  39000 8368000|  4   4  91   0   0   0
  43000 8442000|  4   4  92   0   0   0
  43000 8739000|  4   5  91   0   0   0
  41000 8272000|  3   5  91   1   0   0
  43000 7506000|  5   4  92   0   0   0
  34000 7216000|  4   4  91   0   0   1
  41000 8514000|  4   4  92   0   0   0
  41000 8605000|  4   4  92   0   0   0
  44000 9634000|  3   5  92   0   0   0
  47000   10000000|  4   5  90   1   0   0
  53000   11000000|  5   4  91   0   0   1
  54000   12000000|  4   4  92   0   0   0
  62000   13000000|  4   4  92   0   0   0
  59000 9913000|  4   4  92   0   0   0
  43000 9339000|  4   5  92   0   0   0
  49000   11000000|  4   5  89   1   0   1
  54000   12000000|  4   4  91   0   0   0
  60000   13000000|  4   4  92   0   0   1
  61000   14000000|  4   5  91   0   0   1
  63000   11000000|  3   4  92   0   0   0
  40000 7144000|  4   4  91   0   0   1
  47000   10000000|  4   4  91   1   0   0
  50000   11000000|  3   4  93   0   0   0
  54000   12000000|  4   5  91   0   0   0
  58000   12000000|  4   5  91   0   0   1
  58000   13000000|  4   4  91   0   0   1
  60000   13000000|  4   5  92   0   0   0
  60000   13000000|  3   5  91   1   0   1
  57000   13000000|  5   5  90   0   0   0
  59000   13000000|  3   5  91   0   0   0
  58000   13000000|  5   5  90   0   0   0
  58000   13000000|  3   4  93   0   0   0
  60000   13000000|  5   5  90   0   0   0
  62000   14000000|  5   4  90   1   0   0
  62000   14000000|  4   4  92   0   0   0
  67000   15000000|  4   4  92   0   0   0
  73000   14000000|  4   5  91   0   0   0
  61000   14000000|  4   4  91   0   0   0
  70000   15000000|  4   5  90   0   0   1
  68000   12000000|  4   4  90   1   0   1
  47000   10000000|  5   5  90   0   0   0
  59000   14000000|  4   4  91   0   0   0
  65000   15000000|  4   5  90   0   0   1
  71000   16000000|  5   5  90   0   0   1
  69000   16000000|  3   5  91   0   0   1
  73000   17000000|  4   4  91   1   0   1
  74000   15000000| 14   5  81   0   0   1
  65000   15000000| 29   5  65   0   0   1
  70000   16000000| 29   5  65   0   0   1
  71000   17000000| 31   5  64   0   0   1
  72000   17000000| 30   5  64   0   0   1
  73000   17000000| 30   4  65   1   0   1
  76000   18000000| 30   5  64   0   0   1
  74000   17000000| 24   5  70   0   0   1
  73000   13000000|  3   5  92   0   0   1
  32000 6225000|  4   5  92   0   0   0
  31000 7107000|  8   5  87   0   0   1
  36000 8585000| 29   4  66   1   0   0
  43000   10000000| 29   4  67   0   0   0
  43000   10000000| 29   5  66   0   0   1
  49000   11000000| 29   4  67   0   0   1
  47000 6473000|  5   5  89   0   0   1
  40000 5635000|  4   6  90   0   0   0
  67000 8009000|  3   4  91   2   0   1
  47000   11000000|  3   4  93   0   0   0
  17000 1640000|  3   4  93   0   0   0
  10000 2337000|  3   5  92   0   0   0
  17000 4102000|  3   4  93   0   0   0
  31000 7178000|  4   4  92   0   0   0
  52000   11000000|  3   5  91   1   0   0
 106000   13000000|  4   3  92   0   0   1
  59000   15000000|  3   5  92   0   0   0
  97000   22000000|  3   6  91   0   0   1
  47000 8287000|  5   3  91   0   0   1
  39000 8948000|  3   3  94   0   0   0
  41000 9597000|  4   4  91   1   0   0
  45000   10000000|  3   5  92   0   0   0
  45000   11000000|  3   5  91   0   0   0
  53000   12000000|  3   4  93   0   0   0
  62000   14000000|  4   5  91   0   0   1
  70000   17000000|  4   5  91   0   0   1
  91000   21000000|  3   5  90   1   0   1
  88000   21000000|  4   5  90   0   0   1
  94000   18000000|  4   5  91   0   0   1
  52000   11000000|  3   5  92   0   0   0
  57000   13000000|  4   4  91   0   0   1
  65000   15000000|  4   5  91   0   0   0
  82000   19000000|  3   5  91   1   0   0
  87000   21000000|  3   6  91   0   0   0
  92000   22000000|  3   6  91   0   0   0
 101000   24000000|  4   5  91   0   0   0
 100000   24000000|  4   5  91   0   0   0
 109000   26000000|  4   5  91   0   0   1
 118000   26000000|  4   5  90   1   0   0
  92000   20000000|  3   5  91   0   0   1
  96000   24000000|  3   5  91   0   0   1
 103000   25000000|  4   5  91   0   0   1
 107000   26000000|  4   5  91   0   0   1
 106000   22000000|  4   4  91   0   0   1
  91000   22000000|  4   5  90   1   0   0
  95000   23000000|  5   5  90   0   0   1
 102000   25000000|  4   4  91   0   0   1
 101000   24000000|  4   6  90   0   0   0
 102000   25000000|  4   5  91   0   0   0
 103000   25000000|  4   5  90   0   0   1
 101000   24000000|  4   5  90   1   0   0
 111000   25000000|  4   4  91   0   0   1
 100000   24000000| 18   5  77   0   0   1
 104000   26000000| 29   5  66   0   0   1
  97000   24000000| 20   5  74   0   0   1
  81000   16000000|  4   5  91   0   0   0
  37000 7873000|  4   5  90   1   0   0
  39000 8407000|  3   4  93   0   0   0
  38000 8273000|  3   4  93   0   0   0
  39000 9074000|  4   4  92   0   0   0
  42000 9345000|  3   5  92   0   0   0
  48000   10000000|  4   5  91   0   0   0
  65000   13000000|  4   5  90   1   0   0
 104000   17000000|  4   5  91   0   0   1
 106000   26000000|  5   4  91   0   0   0
 108000   28000000|  4   5  91   0   0   0
 138000   35000000|  4   5  91   0   0   0
 131000   33000000|  4   6  90   0   0   1
 149000   35000000|  5   5  89   1   0   0
  72000   16000000|  3   5  92   0   0   0
  76000   19000000|  3   5  91   0   0   0
  70000   16000000|  4   4  92   0   0   0
  77000   19000000|  3   5  91   0   0   0
  72000   18000000|  5   4  91   0   0   0
  75000   19000000|  4   4  90   1   0   0
  81000   20000000|  3   5  91   0   0   0
  82000   20000000|  3   5  91   0   0   0
  98000   24000000|  4   5  90   0   0   1
  81000   18000000|  3   4  92   0   0   0
  88000   22000000|  4   4  92   0   0   0
  84000   20000000|  4   5  89   2   0   1
  98000   24000000|  3   5  92   0   0   1
  87000   21000000|  5   4  91   0   0   0
  98000   24000000|  5   5  90   0   0   0
  92000   21000000|  4   4  91   0   0   0
 104000   24000000|  4   4  91   0   0   1
  96000   22000000|  4   4  91   1   0   0
  97000   23000000|  3   4  92   0   0   1
  73000   13000000|  3   5  92   0   0   0
  28000 5801000| 24   4  71   0   0   0
  25000 5755000| 28   5  67   0   0   0
  29000 6437000| 29   5  66   0   0   1
  32000 6938000| 29   4  66   1   0   0
  33000 7538000| 29   5  66   0   0   0
  40000 9406000| 28   4  67   0   0   1
  47000   10000000| 29   5  66   0   0   1
  39000 5047000|  5   4  92   0   0   0
  32000 7335000|  3   4  93   0   0   0
  30000 5647000|  4   4  91   1   0   0
  17000 3070000|  3   4  93   0   0   0
  14000 2865000|  3   3  94   0   0   0
  16000 3275000|  3   4  92   0   0   0
  18000 3271000|  4   5  92   0   0   0
  19000 3453000|  3   4  92   1   0   0
  21000 3590000|  3   4  94   0   0   0
  32000 4770000|  3   4  93   0   0   0
  79000 9507000|  3   4  92   0   0   0
  63000   15000000|  3   5  92   0   0   1
  62000   12000000|  4   5  92   0   0   0
  24000 4936000|  2   4  92   1   0   0
  27000 5870000|  3   5  93   0   0   0
  32000 7605000|  3   4  94   0   0   0
  47000   10000000|  3   5  91   0   0   1
  56000   13000000|  2   5  93   0   0   0
  54000   10000000|  4   4  92   0   0   0
  57000   13000000| 11   5  83   1   0   1
  67000   16000000| 28   5  66   0   0   1
  74000   18000000| 29   5  65   0   0   1
  64000   11000000| 29   5  66   0   0   1
  43000   10000000| 30   3  67   0   0   1
  51000   11000000| 29   5  64   1   0   1
  64000   15000000| 16   5  79   0   0   1
  67000   14000000|  4   4  91   0   0   0
  33000 6703000|  3   4  94   0   0   0
  32000 6564000|  3   4  92   0   0   0
  33000 6714000|  3   3  93   0   0   0
  34000 6673000|  3   3  92   2   0   0
  34000 6968000|  3   4  93   0   0   0
  34000 7514000|  4   4  93   0   0   0
  46000 8497000|  3   5  92   0   0   0
  76000   12000000|  4   4  92   0   0   0
  95000   20000000|  3   5  92   0   0   0
  94000   20000000|  5   5  90   1   0   0
  56000   12000000|  3   4  92   0   0   1
  61000   15000000|  5   3  92   0   0   0
  70000   17000000|  5   4  91   0   0   0
  89000   23000000|  4   5  91   0   0   1
 105000   26000000|  4   5  90   0   0   1
 118000   29000000|  4   5  89   1   0   1
 118000   29000000|  4   6  90   0   0   0
 128000   30000000|  3   5  92   0   0   0
  87000   19000000|  3   5  92   0   0   0
  84000   21000000|  3   6  90   0   0   1
  81000   16000000|  4   4  92   0   0   1
  32000 8060000|  3   4  91   1   0   1
  36000 5231000|  4   4  92   0   0   0
  22000 5386000|  2   4  93   0   0   0
  34000 8138000|  2   5  93   0   0   0
  33000 7756000|  3   5  93   0   0   0
  41000 9818000|  3   5  92   0   0   0
  40000 9630000|  3   4  93   1   0   0
  52000   12000000|  3   4  92   0   0   0
  55000   13000000|  3   5  92   0   0   1
  72000   18000000|  4   5  92   0   0   0
  73000   11000000|  3   5  92   0   0   0
  39000 9127000|  3   4  92   0   0   0
  58000   13000000|  4   4  91   1   0   1
  62000   11000000|  4   4  91   0   0   1
  53000   12000000|  3   5  92   0   0   0
  60000   14000000|  3   4  92   0   0   0
  64000   15000000|  3   5  91   0   0   1
  70000   15000000|  3   4  92   0   0   1
  66000   15000000|  3   5  91   1   0   0
  68000   15000000|  3   4  93   0   0   1
  60000   11000000|  2   5  93   0   0   0
  61000   13000000|  3   5  92   0   0   1
  63000   14000000|  3   5  92   0   0   0
  68000   15000000|  3   5  91   0   0   1
  66000   15000000|  2   5  92   1   0   0
  68000   15000000|  4   4  92   0   0   0
  67000   15000000|  3   5  92   0   0   0
  73000   16000000|  3   4  92   0   0   1
  71000   16000000|  3   5  92   0   0   1
  72000   17000000|  4   5  91   0   0   1
  75000   17000000|  4   5  91   1   0   1
  76000   18000000| 16   5  79   0   0   0
  83000   19000000| 29   4  65   0   0   1
  86000   20000000| 28   6  66   0   0   1
  86000   16000000| 28   4  67   0   0   0
  48000   11000000| 28   4  67   0   0   1
  61000   12000000| 16   5  77   1   0   1
  50000   11000000|  3   4  93   0   0   0
  60000   13000000|  3   5  92   0   0   0
  61000   13000000|  3   4  93   0   0   0
  55000 7945000|  4   5  92   0   0   0
  24000 5307000|  2   4  92   2   0   0
  35000 8140000|  3   4  93   0   0   0
  39000 8807000|  3   4  93   0   0   0
  42000 9675000|  3   4  93   0   0   0
  46000   10000000|  3   5  92   0   0   0
  52000   11000000|  3   5  92   0   0   0
  77000   14000000|  3   5  90   1   0   1
 107000   20000000|  3   5  92   0   0   1
  63000   13000000|  3   4  92   0   0   0
  53000   13000000|  4   4  91   0   0   0
  58000   15000000|  2   5  92   0   0   0
  72000   17000000| 23   5  72   0   0   1
  61000   13000000| 29   3  67   1   0   0
  59000   14000000| 28   4  67   0   0   1
  66000   16000000| 27   4  68   0   0   1
  73000   16000000|  3   5  92   0   0   0
  32000 5406000|  3   5  92   0   0   0
  29000 6271000|  3   4  94   0   0   0
  24000 5805000|  3   3  92   2   0   0
  32000 6540000|  2   4  94   0   0   0
  30000 6352000|  2   4  94   0   0   0
  32000 6346000|  2   4  95   0   0   0
  39000 7224000|  3   4  93   0   0   0
  56000 6561000|  3   4  93   0   0   0
  80000   13000000|  3   4  91   1   0   0
  69000   17000000|  3   4  92   0   0   1
  49000 6832000|  3   4  93   0   0   0
  32000 7262000|  3   4  93   0   0   0
  39000 8939000|  3   4  93   0   0   0
  43000   10000000|  3   4  93   0   0   0
  57000   14000000|  2   4  92   1   0   1
  69000   16000000|  3   4  93   0   0   1
  82000   15000000|  2   5  93   0   0   0
  47000 9960000|  2   4  94   0   0   0
  55000   12000000|  4   4  92   0   0   0
  59000 7311000|  3   4  93   0   0   0
  42000 9548000|  2   4  93   1   0   0
  51000   10000000|  3   4  94   0   0   0
  47000 8757000|  3   4  93   0   0   1
  43000 9373000|  3   4  93   0   0   0
  46000   10000000|  2   4  93   0   0   0
  49000   10000000|  3   4  94   0   0   0
  53000   11000000|  3   4  91   1   0   0
  53000   11000000|  3   3  93   0   0   0
  52000   11000000|  3   4  94   0   0   0
  50000   11000000|  3   5  92   0   0   0
  53000   11000000|  3   4  92   0   0   0
  48000   11000000|  3   4  93   0   0   0
  50000   11000000|  3   5  91   1   0   0
  53000   12000000|  3   5  92   0   0   0
  57000   12000000|  2   4  93   0   0   1
  58000   13000000|  3   3  94   0   0   0
  62000   14000000|  3   4  93   0   0   1
  67000   15000000|  3   4  93   0   0   0
  72000   16000000|  2   5  92   1   0   0
  84000   19000000|  4   3  93   0   0   0
  93000   18000000|  3   4  93   0   0   1
  56000   12000000|  4   4  92   0   0   1
  65000   15000000|  3   4  93   0   0   0
  79000   19000000|  3   4  92   0   0   1
  93000   19000000|  3   4  92   1   0   0
  91000   22000000|  4   4  91   0   0   0
 100000   24000000|  3   4  93   0   0   1
 106000   25000000|  4   5  91   0   0   0
 100000   18000000|  2   4  94   0   0   1
  36000 7801000|  3   4  93   0   0   0
  37000 8453000|  3   4  92   1   0   0
  39000 8511000|  3   4  93   0   0   0
  44000 9516000|  4   4  92   0   0   0
  46000 9871000|  3   4  93   0   0   0
  50000   12000000|  4   4  93   0   0   0
  59000   13000000|  2   5  93   0   0   0
  76000   17000000|  3   5  92   1   0   0
  87000   20000000|  4   4  93   0   0   0
  98000   23000000|  4   4  92   0   0   1
  99000   21000000|  3   4  92   0   0   1
  92000   20000000|  4   4  92   0   0   1
  90000   21000000|  3   5  91   0   0   1
 102000   24000000|  4   4  91   1   0   1
 100000   24000000|  4   4  92   0   0   1
  79000   14000000|  3   4  93   0   0   0
  37000 8767000|  3   4  93   0   0   0
  38000 8637000|  3   4  93   0   0   0
  41000 9539000|  2   4  94   0   0   0
  39000 9273000|  3   4  92   1   0   1
  46000 7277000|  2   5  93   0   0   0
  32000 7471000|  3   4  93   0   0   0
  47000   11000000|  2   4  93   0   0   1
  57000   13000000|  3   4  93   0   0   1
  74000   19000000| 22   5  73   0   0   1
  86000   20000000| 28   5  65   1   0   1
  93000   17000000| 28   4  67   0   0   1
  35000 6825000| 29   4  68   0   0   0
  42000   10000000| 28   5  67   0   0   0
  56000   14000000| 22   5  73   0   0   0
  67000   15000000|  3   4  93   0   0   1
  47000 8546000|  3   5  91   1   0   1
  33000 7006000| 14   4  82   0   0   0
  39000 7606000| 28   3  68   0   0   0
  36000 7206000| 28   4  68   0   0   1
  36000 7546000| 28   4  67   0   0   1
  37000 7445000| 28   4  67   1   0   0
  42000 8088000| 28   3  69   0   0   1
  59000 9580000| 16   4  80   0   0   0
  95000   15000000|  2   4  93   0   0   1
  50000   12000000|  3   4  93   0   0   0
  67000   17000000|  2   4  94   0   0   0
  68000   17000000|  3   5  91   2   0   1
  72000   17000000|  3   3  93   0   0   0
  22000 1208000|  2   4  94   0   0   0
3072B  415000|  2   5  93   0   0   0
  10000 1288000|  3   4  94   0   0   0
  28000 3097000|  3   3  94   0   0   0
  71000 9164000|  3   3  92   1   0   1
  18000 3466000|  3   3  94   0   0   0
  23000 5596000|  2   4  95   0   0   0
  40000   10000000|  3   3  94   0   0   1
  58000   13000000|  3   3  93   0   0   1
  65000   16000000|  2   4  93   0   0   1
  65000   16000000|  4   4  92   1   0   0
  82000   20000000|  4   4  91   0   0   1
  79000   19000000|  3   4  93   0   0   0
  91000   22000000|  3   3  94   0   0   0
  44000 6186000|  2   3  94   0   0   1
  24000 5630000|  3   4  93   0   0   0
  23000 5481000|  3   4  92   1   0   0
  26000 6207000|  2   3  95   0   0   0
  29000 7071000|  3   3  94   0   0   1
  34000 8005000|  3   4  94   0   0   0
  46000   11000000|  3   4  94   0   0   0
  49000   12000000|  4   4  91   0   0   1
  67000   13000000|  3   3  93   1   0   0
  37000 8539000|  3   5  92   0   0   0
  48000   11000000|  3   3  94   0   0   0
  57000   13000000|  3   4  93   0   0   0
  69000   17000000|  3   5  92   0   0   1
  68000   13000000|  2   3  94   0   0   0
  65000   13000000|  3   4  92   1   0   0
  49000 9977000|  3   4  93   0   0   0
  55000   13000000|  3   4  93   0   0   1
  60000   14000000|  3   4  93   0   0   1
  61000   14000000|  4   4  92   0   0   1
  64000   12000000|  2   5  93   0   0   0
  49000   12000000|  3   5  91   1   0   1
  61000   14000000|  3   4  93   0   0   0
  57000   13000000|  3   3  94   0   0   0
  63000   14000000|  4   4  92   0   0   0
  62000   14000000|  3   3  94   0   0   0
  64000   14000000|  3   4  93   0   0   0
  58000   14000000|  3   4  92   1   0   0
  59000   14000000|  3   6  92   0   0   0
  62000   14000000|  3   4  92   0   0   1
  63000   15000000|  3   5  92   0   0   0
  66000   15000000|  2   4  93   0   0   1
  66000   15000000|  3   4  93   0   0   0
  73000   17000000|  4   4  91   1   0   1
  71000   17000000|  3   4  94   0   0   0
  78000   19000000|  3   4  93   0   0   0
  79000   20000000|  4   3  93   0   0   0
  91000   23000000|  3   4  92   0   0   0
  96000   24000000|  4   4  92   0   0   0
 109000   27000000|  3   3  92   1   0   1
 113000   28000000|  4   4  92   0   0   0
 118000   27000000|  4   4  92   0   0   0
  84000   20000000| 18   5  77   0   0   1
  83000   21000000| 27   4  68   0   0   1
  96000   24000000| 18   5  77   0   0   1
  77000   15000000|  3   4  92   1   0   0
  46000   10000000|  2   3  95   0   0   0
  44000   10000000|  2   4  93   0   0   0
  51000   12000000|  2   5  92   0   0   0
  49000   11000000|  3   4  93   0   0   0
  56000   13000000|  3   4  92   1   0   0
  58000   12000000|  3   4  92   0   0   0
  77000   15000000|  3   5  92   0   0   0
 110000   19000000|  4   5  91   0   0   1
  88000   18000000|  3   4  92   0   0   0
  66000   15000000|  2   4  93   0   0   1
  75000   18000000|  3   4  92   1   0   0
  85000   20000000|  3   5  92   0   0   0
  95000   20000000|  3   4  92   0   0   1
  77000   17000000|  3   4  93   0   0   0
  75000   18000000|  3   4  93   0   0   1
  86000   20000000|  4   3  93   0   0   0
  84000   20000000| 12   6  80   1   0   1
  93000   22000000| 28   4  67   0   0   1
  93000   22000000| 24   5  71   0   0   0
  92000   18000000|  3   5  92   0   0   0
  38000 7874000|  3   3  94   0   0   0
  37000 7873000|  2   4  93   0   0   1
  36000 7606000|  2   4  93   2   0   0
  36000 7874000|  2   3  94   0   0   0
  34000 7722000|  4   4  92   0   0   0
  37000 8112000|  2   3  95   0   0   0
  52000 9502000|  2   4  94   0   0   1
  80000   12000000|  3   4  93   0   0   1
  92000   20000000|  2   5  92   2   0   0
  58000   11000000|  2   5  92   0   0   0
  55000   12000000|  2   4  93   0   0   0
  63000   14000000|  3   4  93   0   0   0
  77000   19000000|  3   4  93   0   0   0
  87000   21000000|  3   4  93   0   0   1
 100000   24000000|  2   4  91   2   0   1
 107000   26000000|  3   3  93   0   0   0
 118000   28000000|  3   4  93   0   0   0
 122000   29000000|  2   5  92   0   0   1
 122000   29000000|  4   5  91   0   0   1
 130000   25000000|  3   5  92   0   0   1
  24000 3318000|  2   3  94   1   0   0
  22000 5172000|  3   4  94   0   0   0
  37000 9172000|  3   4  94   0   0   0
  41000 9406000|  3   4  93   0   0   0
  50000   11000000|  2   4  94   0   0   1
  50000   11000000|  4   4  92   0   0   0
  56000   13000000|  2   4  93   1   0   0
  64000   15000000|  2   4  93   0   0   0
  72000   18000000|  3   3  93   0   0   1
  85000   21000000|  2   4  93   0   0   1
  95000   23000000|  2   5  92   0   0   1
 103000   25000000|  3   5  91   0   0   0
 111000   25000000|  3   4  91   1   0   1
  66000   12000000|  3   5  92   0   0   0
  50000   12000000|  3   3  94   0   0   0
  61000   14000000|  3   5  92   0   0   0
  64000   16000000|  3   5  92   0   0   0
  77000   19000000|  3   4  93   0   0   1
  95000   23000000|  2   3  94   1   0   0
  97000   23000000|  3   5  92   0   0   1
 111000   26000000|  1   5  93   0   0   0
 109000   23000000|  2   4  93   0   0   0
  81000   19000000|  3   4  93   0   0   0
  83000   16000000|  3   4  93   0   0   0
  34000 8094000|  2   4  93   1   0   0
  42000 9387000|  2   5  93   0   0   0
  44000   10000000|  2   4  94   0   0   0
  49000   11000000|  2   4  94   0   0   0
  51000   11000000|  3   4  93   0   0   1
  43000 7277000|  3   4  94   0   0   0
  45000   11000000|  3   4  91   1   0   0
  64000   15000000|  3   3  94   0   0   1
  80000   20000000| 13   5  82   0   0   0
  90000   21000000| 28   4  68   0   0   1
 103000   23000000| 27   5  68   0   0   1
  80000   15000000| 27   5  68   0   0   1
  43000   10000000| 28   4  67   1   0   0
  50000   12000000| 16   5  79   0   0   0
  62000   13000000|  3   3  94   0   0   0
  29000 3160000|  2   4  94   0   0   0
  19000 4003000|  3   3  95   0   0   0
  22000 4738000|  2   4  94   0   0   1
  25000 5273000|  3   3  92   2   0   0
  25000 5485000|  2   4  94   0   0   1
  30000 5853000|  2   3  95   0   0   0
  33000 6226000|  2   3  95   0   0   0
  64000 9614000|  2   4  93   0   0   0
  67000 8973000|  2   3  94   0   0   0
  33000 7271000|  2   4  93   1   0   0
  35000 5887000|  2   4  94   0   0   0
  34000 8272000|  3   3  94   0   0   0
  44000   10000000|  2   3  94   0   0   0
  53000   12000000|  3   4  93   0   0   0
  53000   12000000|  2   3  95   0   0   0
  55000   10000000|  3   4  92   1   0   0
  45000 8697000| 28   4  68   0   0   1
  35000 7915000| 28   3  68   0   0   0
  38000 8896000| 27   4  69   0   0   1
  43000 7964000| 28   3  69   0   0   0
  32000 6649000| 28   3  69   0   0   0
  38000 8339000| 28   3  68   1   0   0
  43000 9539000| 27   4  68   0   0   1
  44000 9319000| 28   3  69   0   0   0
  48000 9828000| 10   4  86   0   0   0
  44000 9473000|  2   3  95   0   0   0
  36000 6107000|  2   4  94   0   0   0
  22000 4023000|  3   3  93   2   0   0
  21000 4318000|  2   4  95   0   0   0
  25000 4404000|  2   3  94   0   0   0
  24000 4872000|  2   4  95   0   0   0
  26000 5217000|  2   3  94   0   0   0
  31000 6250000|  2   4  94   0   0   0
  47000 8184000|  2   4  93   1   0   0
  96000   15000000|  2   4  93   0   0   1
  79000   20000000|  3   3  94   0   0   0
  76000   15000000|  2   4  93   0   0   0
  54000   12000000|  2   4  94   0   0   0
  67000   16000000|  3   3  93   0   0   0
  77000   19000000|  3   4  92   1   0   0
  93000   23000000|  3   4  93   0   0   0
 108000   27000000|  2   5  93   0   0   0
 117000   26000000|  2   4  93   0   0   0
  95000   21000000|  3   3  93   0   0   1
  95000   23000000|  2   4  94   0   0   0
 108000   25000000|  3   4  92   1   0   1
 110000   25000000|  2   4  94   0   0   0
 112000   27000000|  3   4  93   0   0   1
 113000   26000000|  2   4  93   0   0   0
 115000   26000000|  4   4  92   0   0   0
  94000   21000000|  2   4  94   0   0   0
  96000   23000000|  3   3  92   1   0   0
 105000   25000000|  2   4  94   0   0   1
  77000   11000000|  2   4  94   0   0   0
  18000 4145000|  3   3  94   0   0   0
  25000 5559000|  3   3  94   0   0   0
  27000 5778000|  2   3  95   0   0   0
  30000 6511000|  2   4  93   1   0   0
  29000 6537000|  2   4  94   0   0   0
  35000 7778000|  3   4  93   0   0   0
  39000 8232000|  2   4  93   0   0   0
  43000 9673000|  3   3  95   0   0   0
  54000 9313000|  3   3  94   0   0   0
  30000 5670000|  1   4  93   1   0   0
  36000 8272000|  2   3  94   0   0   1
  44000 9783000|  1   4  94   0   0   1
  47000 8453000|  3   3  94   0   0   0
  37000 8184000|  3   3  93   0   0   0
  44000 8005000|  3   4  93   0   0   0
  34000 6776000|  2   4  93   1   0   0
  40000 7946000|  2   4  94   0   0   0
  39000 8465000|  3   3  94   0   0   0
  42000 8632000|  2   4  94   0   0   0
  43000 8779000|  2   3  94   0   0   0
  44000 8927000|  3   4  93   0   0   0
  44000 8751000|  3   4  92   1   0   0
  45000 8939000|  2   5  93   0   0   1
  43000 8939000|  2   4  94   0   0   0
  45000 8130000|  3   4  93   0   0   0
  38000 7710000|  2   4  94   0   0   0
  39000 8560000|  2   3  94   0   0   0
  44000 9699000|  3   3  93   1   0   0
  47000   10000000|  2   4  94   0   0   0
  54000   11000000|  3   4  93   0   0   0
  55000   12000000|  3   4  93   0   0   0
  65000   13000000|  2   4  93   0   0   0
  56000   12000000|  3   3  94   0   0   0
  67000   15000000|  2   3  93   1   0   1
  72000   17000000| 17   5  77   0   0   1
  87000   17000000| 27   5  67   0   0   1
  17000 3539000| 27   3  70   0   0   1
  19000 4166000| 28   4  68   0   0   0
  19000 4172000| 28   4  68   0   0   0
  23000 4971000| 27   5  67   1   0   0
  26000 5737000| 28   3  69   0   0   0
  32000 7672000| 27   2  70   0   0   0
  35000 6299000| 27   3  69   0   0   0
  29000 6475000| 27   3  69   0   0   1
  34000 7717000| 27   3  70   0   0   0
  38000 8539000| 13   5  81   1   0   0
  41000 9140000|  2   4  95   0   0   0
  43000 8470000|  3   4  94   0   0   0
  22000 4538000|  1   4  94   0   0   0
  21000 4270000|  2   3  95   0   0   0
  21000 4671000|  2   4  93   2   0   0
  18000 2296000|  2   3  95   0   0   0
  13000 2682000|  3   3  94   0   0   0
  18000 3568000|  2   4  94   0   0   0
  29000 4932000|  2   3  95   0   0   0
  66000 6930000|  3   4  94   0   0   0
  59000   12000000|  2   4  93   1   0   0
  59000   10000000|  2   3  94   0   0   0
  24000 5403000|  3   4  94   0   0   0
  30000 6738000|  2   4  94   0   0   0
  36000 8631000|  2   4  94   0   0   1
  50000   12000000|  2   4  95   0   0   0
  58000   13000000|  2   3  93   1   0   1
  67000   15000000|  3   4  93   0   0   1
  61000   14000000|  2   3  94   0   0   1
  76000   14000000|  3   4  93   0   0   0
  39000 6629000|  1   3  95   0   0   0
  45000 9129000|  2   4  94   0   0   0
  36000 6394000|  2   3  94   1   0   0
  36000 8138000|  2   4  94   0   0   0
  42000 9473000|  2   4  93   0   0   0
  48000   11000000|  2   3  94   0   0   1
  50000   11000000|  3   4  93   0   0   0
  60000   13000000|  3   4  93   0   0   0
  64000   14000000|  2   4  92   1   0   0
  70000   16000000|  3   4  93   0   0   0
  77000   18000000| 13   4  83   0   0   0
  84000   20000000| 26   5  68   0   0   1
  94000   22000000| 27   4  69   0   0   1
  98000   20000000|  9   4  87   0   0   1
  28000 3160000|  2   3  93   1   0   0
  20000 3908000|  2   3  95   0   0   0
  24000 4566000|  2   3  94   0   0   0
  24000 4739000|  2   3  95   0   0   0
  23000 5018000|  3   3  94   0   0   0
  29000 5297000|  3   3  93   1   0   0
  33000 6162000|  2   3  95   0   0   0
  52000 7968000|  2   4  94   0   0   0
  86000   15000000|  3   4  94   0   0   0
  71000   17000000|  3   3  94   0   0   0
  55000 9772000|  2   4  94   0   0   0
  28000 6137000|  3   3  93   1   0   0
  33000 7500000|  2   4  94   0   0   0
  38000 8377000|  3   3  94   0   0   0
  46000   11000000|  2   4  94   0   0   1
  59000   14000000|  3   3  94   0   0   0
  76000   18000000|  2   4  94   0   0   0
  86000   20000000|  3   4  92   1   0   1
  90000   22000000|  2   4  93   0   0   1
  96000   23000000|  3   4  93   0   0   0
 111000   25000000|  2   5  93   0   0   1
 115000   26000000|  3   5  92   0   0   1
 128000   29000000|  2   4  93   0   0   1
  94000   17000000|  2   3  93   1   0   1
  84000   19000000|  2   5  93   0   0   1
  88000   20000000|  3   4  94   0   0   0
  98000   23000000|  1   5  94   0   0   1
 112000   23000000|  2   3  94   0   0   0
  57000   13000000|  2   4  93   0   0   1
  60000   14000000|  2   4  92   1   0   0
  74000   17000000|  2   4  94   0   0   0
  37000 4412000|  2   3  95   0   0   0
  29000 6563000|  2   4  94   0   0   0
  45000 9339000|  2   4  94   0   0   0
  52000   12000000|  2   3  95   0   0   0
  60000   13000000|  3   3  93   1   0   0
  61000   14000000|  2   3  94   0   0   0
  62000   14000000|  2   4  94   0   0   0
  57000 8686000|  2   3  95   0   0   0
  44000 9997000|  2   3  95   0   0   1
  51000   11000000|  2   3  95   0   0   0
  53000   12000000|  2   4  92   1   0   1
  62000   13000000|  2   4  93   0   0   0
  61000   12000000|  3   3  93   0   0   1
  47000 6409000|  1   3  96   0   0   0
  41000 9206000|  2   4  94   0   0   0
  48000   10000000|  2   3  94   0   0   1
  57000   10000000|  2   3  93   1   0   0
  44000 7516000|  2   4  95   0   0   0
  44000 9406000|  3   3  94   0   0   0
  49000 8287000|  3   3  94   0   0   0
  36000 6804000|  3   3  94   0   0   0
  40000 8272000|  3   3  94   0   0   0
  42000 8205000|  2   3  94   1   0   0
  42000 8739000|  2   3  95   0   0   0
  41000 8605000|  5   4  91   0   0   0
  42000 7311000| 26   3  70   0   0   1
  35000 7181000| 27   4  69   0   0   1
  39000 8119000| 27   2  70   0   0   0
  42000 8492000| 27   3  68   1   0   1
  40000 8539000| 27   3  70   0   0   0
  43000 9040000| 27   3  69   0   0   1
  38000 8705000| 27   4  69   0   0   1
  44000 9539000| 26   4  69   0   0   1
  42000 9207000| 12   4  84   0   0   0
  45000   10000000|  3   2  93   2   0   0
  21000 2046000|  2   3  95   0   0   0
  15000 2536000|  2   3  95   0   0   0
  17000 3270000|  2   3  95   0   0   0
  18000 3537000|  2   4  94   0   0   0
  19000 3877000|  3   3  95   0   0   0
  22000 4223000|  2   3  94   1   0   0
  27000 4756000|  2   3  94   0   0   0
  51000 7127000|  2   3  96   0   0   0
  69000 7492000|  3   4  94   0   0   0
  31000 7004000|  2   3  95   0   0   0
  37000 7470000|  2   3  95   0   0   1
  32000 6419000|  1   4  94   2   0   0
  32000 5630000|  2   3  95   0   0   0
  31000 6515000|  2   3  95   0   0   0
  33000 6960000|  3   3  94   0   0   0
  39000 7938000|  2   3  95   0   0   0
  38000 8072000|  2   3  95   0   0   1
  39000 8138000|  2   4  94   1   0   0
  37000 8198000|  2   3  95   0   0   0
  38000 8146000|  2   3  95   0   0   1
  36000 8138000|  1   3  95   0   0   0
  36000 8072000|  2   3  95   0   0   0
  39000 8939000|  2   4  94   0   0   0
  43000 8659000|  3   3  93   1   0   0
  47000 9259000|  2   4  94   0   0   0
  34000 6401000|  2   3  95   0   0   0
  38000 8055000|  2   3  94   0   0   0
  41000 9053000|  2   3  95   0   0   0
  45000 9825000|  3   3  94   0   0   0
  48000   10000000|  2   4  93   1   0   0
  53000   11000000|  2   4  94   0   0   0
  56000   12000000|  2   4  94   0   0   1
  58000   11000000|  2   4  94   0   0   0
  60000   13000000|  2   3  95   0   0   0
  68000   15000000|  2   3  95   0   0   0
  73000   17000000| 26   4  68   1   0   1
  84000   20000000| 26   4  69   0   0   1
  87000   16000000| 27   4  69   0   0   0
  21000 4345000| 27   4  70   0   0   0
  21000 4619000| 26   3  70   0   0   0
  23000 4879000| 27   3  70   0   0   0
  25000 5270000| 26   3  69   1   0   0
  28000 6272000|  8   4  88   0   0   0
  35000 8138000|  2   3  95   0   0   0
  42000 9539000|  1   3  95   0   0   0
  30000 5062000|  2   4  94   0   0   0
  35000 5205000|  2   3  95   0   0   0
  26000 5472000|  2   3  93   1   0   0
  31000 6338000|  2   3  95   0   0   0
  35000 7146000|  2   3  95   0   0   0
  40000 8416000|  3   3  94   0   0   0
  50000   10000000|  3   3  94   0   0   0
  94000   15000000|  2   3  94   0   0   1
  98000   16000000|  1   4  93   2   0   0
  72000   17000000|  2   4  94   0   0   0
  83000   20000000|  2   4  94   0   0   0
  99000   24000000|  2   4  94   0   0   0
 104000   25000000|  2   4  94   0   0   1
 107000   25000000|  2   4  94   0   0   1
  79000   15000000|  2   5  93   1   0   0
  43000   10000000|  2   4  94   0   0   0
  44000 7262000|  2   3  95   0   0   0
  29000 5974000|  2   3  95   0   0   0
  36000 8149000|  2   3  95   0   0   0
  44000 9740000|  2   3  95   0   0   0
  60000   10000000|  2   3  93   1   0   0
  51000   11000000|  2   3  95   0   0   0
  67000   16000000|  2   4  94   0   0   0
  85000   18000000|  2   4  94   0   0   0
  50000 8096000|  2   3  95   0   0   0
  44000 9774000|  2   3  95   0   0   0
  49000   11000000|  2   3  94   1   0   0
  67000   13000000|  3   4  93   0   0   0
  42000 8457000|  2   4  94   0   0   0
  36000 8605000|  2   4  95   0   0   0
  45000   10000000|  2   3  95   0   0   1
  50000   11000000|  2   3  95   0   0   0
  55000   11000000|  2   3  93   2   0   1
  51000   11000000|  2   3  94   0   0   0
  57000   10000000|  2   3  94   0   0   1
  43000 8737000|  2   3  95   0   0   0
  49000   10000000|  2   3  95   0   0   0
  51000   10000000|  2   3  95   0   0   0
  55000   11000000|  2   3  94   1   0   0
  56000   11000000|  2   4  94   0   0   0
  59000   12000000|  2   4  94   0   0   0
  55000   12000000|  3   3  95   0   0   0
  63000   12000000|  2   3  94   0   0   0
  61000   12000000|  2   4  93   0   0   1
  64000   13000000|  2   4  93   1   0   0
  63000   13000000|  2   4  94   0   0   0
  69000   15000000|  2   4  94   0   0   0
  71000   15000000|  2   4  94   0   0   0
  75000   17000000|  2   4  94   0   0   1
  78000   18000000|  2   4  94   0   0   0
  87000   20000000|  2   4  93   1   0   0
  97000   22000000|  2   4  94   0   0   0
 104000   25000000| 20   4  76   0   0   1
 112000   26000000| 28   3  68   0   0   1
 112000   27000000| 17   5  78   0   0   1
  89000   17000000|  3   4  93   0   0   1
  57000   12000000|  2   3  94   1   0   0
  60000   14000000|  3   3  95   0   0   0
  64000   15000000|  2   3  95   0   0   1
  73000   17000000|  2   4  94   0   0   0
  75000   17000000|  3   2  95   0   0   0
  82000   18000000|  2   4  94   0   0   0
  97000   19000000|  2   3  94   1   0   0
 142000   26000000|  2   4  94   0   0   0
 119000   30000000|  2   4  94   0   0   1
 100000   20000000|  2   3  95   0   0   0
  82000   19000000|  3   2  95   0   0   1
  85000   20000000| 13   3  83   0   0   1
  93000   22000000| 27   4  67   2   0   1
 103000   24000000| 23   4  72   0   0   1
  99000   20000000|  3   4  93   0   0   0
  51000   12000000|  2   4  95   0   0   0
  53000   12000000|  2   3  95   0   0   0
  58000   14000000|  2   3  94   0   0   1
  61000   14000000|  2   3  94   1   0   0
  59000   14000000|  3   4  94   0   0   0
  72000   13000000|  2   3  95   0   0   0
  27000 3301000|  1   3  96   0   0   0
  77000 9553000|  2   3  95   0   0   0
  62000   16000000|  1   4  94   0   0   1
 100000   25000000|  3   3  93   1   0   0
  55000   10000000|  2   3  95   0   0   0
  53000   12000000|  2   4  94   0   0   0
  51000   12000000|  2   3  94   0   0   0
  60000   13000000|  2   3  94   0   0   0
  50000   12000000|  2   3  94   0   0   0
  60000   14000000|  2   2  94   1   0   0
  58000   13000000|  2   4  94   0   0   0
  64000   14000000|  2   4  95   0   0   0
  59000   13000000|  2   3  94   0   0   1
  63000   14000000|  2   4  94   0   0   0
  61000   14000000|  2   3  95   0   0   0
  61000   14000000|  2   3  93   1   0   0
  62000   14000000|  2   3  95   0   0   1
  66000   14000000|  1   4  95   0   0   0
  71000   16000000|  2   3  95   0   0   0
  68000   16000000|  2   4  94   0   0   0
  77000   18000000|  2   4  94   0   0   1
  79000   18000000|  2   3  93   1   0   1
  92000   22000000|  2   4  94   0   0   1
  94000   23000000|  2   4  94   0   0   1
 111000   27000000|  3   3  94   0   0   0
 111000   27000000|  2   4  94   0   0   1
 124000   30000000|  2   3  94   0   0   0
 131000   32000000|  2   4  93   1   0   1
 140000   35000000|  1   4  94   0   0   1
 147000   35000000|  9   3  87   0   0   1
 142000   34000000| 28   4  68   0   0   1
 146000   35000000| 26   4  69   0   0   2
 140000   34000000|  8   4  87   0   0   1
  85000   17000000|  2   4  93   2   0   1
  77000   17000000|  2   3  95   0   0   0
  75000   17000000|  2   3  95   0   0   0
  75000   17000000|  2   3  95   0   0   0
  77000   18000000|  2   4  94   0   0   0
  78000   17000000|  3   3  94   1   0   0
  82000   18000000|  2   3  95   0   0   0
 112000   21000000|  2   3  95   0   0   0
 132000   26000000|  1   4  94   0   0   1
 132000   32000000|  3   3  94   0   0   1
 137000   34000000|  2   3  95   0   0   1
  91000   18000000|  3   3  93   1   0   0
  73000   18000000|  2   3  95   0   0   0
  66000   16000000|  2   3  95   0   0   0
  77000   18000000|  2   4  95   0   0   0
  64000   16000000|  2   3  94   0   0   1
  67000   11000000|  1   3  96   0   0   1
  10000 1219000|  1   3  95   1   0   0
  12000 2237000|  2   3  95   0   0   0
  15000 1737000|  2   2  96   0   0   0
  12000 2066000|  2   3  95   0   0   0
  13000 2668000|  1   3  96   0   0   0
  19000 4003000|  2   2  96   0   0   0
  20000 4581000|  2   3  94   1   0   0
  28000 6293000|  2   2  96   0   0   0
  36000 8939000|  2   3  96   0   0   0
  55000   11000000|  2   3  95   0   0   0
  31000 5762000|  2   2  96   0   0   0
  33000 8072000|  2   3  95   0   0   0
  44000   10000000|  1   3  95   1   0   0
  48000   11000000|  2   3  95   0   0   0
  51000   12000000|  2   4  94   0   0   0
  54000   12000000|  2   3  94   0   0   0
  58000   12000000|  2   3  95   0   0   0
  44000 8211000|  2   3  95   0   0   0
  49000   11000000|  2   4  93   1   0   0
  55000   13000000|  1   4  95   0   0   1
  62000   14000000|  3   2  95   0   0   0
  69000   16000000|  2   3  95   0   0   0
  74000   18000000|  2   3  95   0   0   1
  79000   19000000|  3   3  94   0   0   0
  92000   22000000|  2   3  93   1   0   0
  56000 9157000|  2   2  95   0   0   0
  45000   10000000|  3   3  94   0   0   0
  45000 9280000|  2   2  96   0   0   0
  42000 9185000|  1   3  96   0   0   0
  45000 9981000|  2   2  96   0   0   1
  44000 9940000| 22   4  73   1   0   0
  46000   10000000| 26   3  70   0   0   1
  49000   11000000| 27   4  69   0   0   0
  51000   11000000| 26   4  69   0   0   1
  53000   12000000| 28   3  69   0   0   0
  56000   13000000| 27   3  69   0   0   0
  62000   14000000| 26   4  69   1   0   1
  65000   15000000| 27   4  69   0   0   1
  70000   17000000| 27   3  70   0   0   1
  75000   18000000| 27   4  69   0   0   1
  85000   20000000| 26   4  69   0   0   1
  82000   20000000| 27   4  69   0   0   1
  38000 2734000| 27   3  70   1   0   0
  14000 2742000| 26   3  71   0   0   1
  17000 3627000| 26   4  71   0   0   0
  19000 4269000| 27   3  70   0   0   0
  19000 4403000| 27   3  71   0   0   0
  26000 6138000|  2   4  94   0   0   0
  34000 6032000|  1   3  95   1   0   0
  29000 5638000|  1   3  96   0   0   0
  17000 2579000|  2   3  95   0   0   0
  15000 2587000|  1   3  96   0   0   0
  12000 1394000|  2   2  96   0   0   0
  10000 2071000|  1   3  96   0   0   0
  12000 2208000|  1   3  95   1   0   0
  12000 2403000|  2   2  96   0   0   0
  19000 2994000|  2   2  96   0   0   0
  47000 5872000|  2   3  94   0   0   0
  66000   12000000|  2   3  95   0   0   0
  61000   13000000|  3   2  95   0   0   0
  18000 3838000|  2   3  95   1   0   0
  20000 4517000|  2   3  96   0   0   0
  27000 6090000|  1   3  96   0   0   0
  33000 8109000|  1   3  95   0   0   0
  47000   11000000|  3   3  95   0   0   0
  61000   14000000|  1   2  96   0   0   0
  66000   12000000|  2   2  95   1   0   1
  40000 9400000| 18   4  79   0   0   0
  55000   13000000| 27   3  70   0   0   1
  62000   15000000| 26   3  70   0   0   1
  74000   17000000| 26   3  70   0   0   1
  80000   18000000| 26   4  69   0   0   1
  94000   22000000| 21   3  74   1   0   1
  82000   17000000|  2   3  94   0   0   1
  48000   10000000|  2   3  95   0   0   0
  46000 9984000|  1   3  96   0   0   0
  43000 9898000|  1   2  97   0   0   0
  45000   10000000|  2   2  96   0   0   0
  42000 9717000|  2   3  94   2   0   0
  47000   10000000|  1   3  95   0   0   1
  55000   11000000|  1   3  95   0   0   0
 104000   17000000|  2   3  95   0   0   1
  54000   11000000|  2   3  95   0   0   0
  56000   13000000|  1   4  95   0   0   0
  55000   13000000|  1   3  94   1   0   0
  71000   17000000|  2   3  94   0   0   0
  59000   14000000|  2   3  95   0   0   0
  72000   17000000|  2   3  95   0   0   0
  54000 9161000|  2   3  95   0   0   0
  27000 6787000|  2   3  95   0   0   0
  31000 7514000|  2   3  95   1   0   0
  38000 9750000|  2   3  95   0   0   0
  47000   12000000|  1   3  95   0   0   0
  62000   15000000|  2   3  95   0   0   0
  59000   11000000|  1   3  95   0   0   0
  36000 9006000|  2   3  95   0   0   0
  51000   12000000|  2   3  94   1   0   0
  53000   13000000|  2   3  95   0   0   0
  61000   14000000|  2   3  95   0   0   0
  59000   13000000|  1   3  95   0   0   1
  62000   15000000|  1   4  95   0   0   0
  63000   15000000|  1   4  94   0   0   0
  66000   16000000|  2   3  95   1   0   1
  64000   16000000|  2   4  95   0   0   0
  74000   18000000|  1   4  95   0   0   0
  73000   18000000|  1   4  95   0   0   1
  81000   20000000|  2   2  95   0   0   1
  87000   22000000|  2   4  94   0   0   0
  99000   21000000|  2   3  94   1   0   0
  83000   21000000|  2   3  94   0   0   1
  93000   20000000|  2   4  95   0   0   0
  87000   21000000|  2   3  94   0   0   0
  85000   21000000|  1   4  95   0   0   0
  52000 8604000|  1   3  96   0   0   0
  24000 5175000|  1   3  95   1   0   0
  24000 5740000|  2   2  95   0   0   1
  27000 5829000|  2   2  95   0   0   0
  31000 6549000|  1   4  96   0   0   0
  30000 6739000|  1   3  96   0   0   0
  34000 7672000|  2   3  95   0   0   0
  38000 8809000|  1   3  94   1   0   0
  36000 7162000|  2   3  96   0   0   0
  32000 7829000|  1   3  95   0   0   0
  38000 8969000|  1   3  96   0   0   0
  43000 8097000|  2   3  96   0   0   0
  42000 8005000| 14   3  83   0   0   0
  38000 9206000| 27   3  69   1   0   1
  43000 9777000| 26   4  70   0   0   1
  36000 6211000| 26   3  71   0   0   0
  31000 7471000| 27   2  71   0   0   0
  37000 8629000| 26   3  71   0   0   1
  39000 9342000| 25   3  71   0   0   1
  41000 9616000| 12   3  84   1   0   0
  41000 7281000|  1   3  96   0   0   1
  16000 2870000|  1   0  99   0   0   0
  16000 2869000|  0   1  99   0   0   0
  17000 3137000|  0   1  99   0   0   0
  16000 3204000|  1   0  98   2   0   0
  19000 4074000|  1   1  98   0   0   0
  25000 4634000|  0   0  99   0   0   0
  45000 7096000|  1   1  99   0   0   0
  83000   12000000|  1   1  98   0   0   0
  75000   14000000|  1   1  98   0   0   0
  47000   10000000|  1   1  98   1   0   0
  53000   12000000|  0   1  99   0   0   0
  60000   14000000|  1   1  98   0   0   0
  44000 6576000|  1   1  99   0   0   0
  34000 8051000|  0   1  99   0   0   0
  50000   11000000|  1   1  98   0   0   0
  59000 9940000|  1   1  98   1   0   0
  38000 8005000|  1   1  99   0   0   0
  43000 9873000|  1   1  99   0   0   0
  44000 8906000|  1   1  98   0   0   0
  42000 9673000|  1   1  98   0   0   0
  44000   10000000|  1   1  98   0   0   0
  49000   11000000|  1   1  97   1   0   0
  48000   11000000|  1   1  99   0   0   0
  50000   11000000|  1   1  99   0   0   0
  50000   11000000|  1   1  98   0   0   0
  52000   11000000|  1   1  99   0   0   0
  49000   10000000|  1   1  98   0   0   0
  48000   11000000|  0   1  98   1   0   0
  45000   11000000|  1   1  99   0   0   0
  51000   11000000|  1   1  98   0   0   0
  50000   12000000|  1   1  99   0   0   0
  51000   12000000|  1   1  99   0   0   0
  55000   13000000|  1   1  98   0   0   0
  62000   14000000|  1   1  98   1   0   0
  68000   16000000|  1   1  99   0   0   0
  71000   15000000| 19   2  79   0   0   0
  66000   16000000| 25   1  74   0   0   1
  76000   18000000| 25   1  74   0   0   0
  41000 5698000| 25   1  74   0   0   0
  33000 7338000| 23   1  75   1   0   0
  38000 8940000|  1   1  98   0   0   0
  51000   12000000|  0   0 100   0   0   0
  29000 5167000|  1   1  99   0   0   0
  24000 5270000|  0   1  99   0   0   0
  23000 5070000|  0   0  99   0   0   0
  23000 5270000|  0   1  98   2   0   0
  21000 5079000|  1   0  99   0   0   0
  22000 5328000|  0   1  99   0   0   0
  28000 5604000|  0   0  99   0   0   0
  26000 5537000|  0   1  99   0   0   0
  32000 5870000|  0   0  99   0   0   0
  30000 6337000|  1   1  98   1   0   0
  31000 6738000|  1   1  99   0   0   0
  34000 7338000|  0   0 100   0   0   0
  37000 8272000|  1   1  99   0   0   0
  42000 9273000|  1   1  99   0   0   0
  46000   10000000|  0   1  99   0   0   0
  52000   12000000|  0   1  98   1   0   0
  57000   13000000|  1   1  99   0   0   0
  65000   15000000|  1   1  99   0   0   0
  72000   17000000|  1   1  99   0   0   0
  38000 4341000|  1   0  99   0   0   0
2140B  301000|  0   0  99   0   0   0
6180B  626000|  0   0  99   1   0   0
6622B  975000|  0   0 100   0   0   0
8516B 1801000|  1   0 100   0   0   0
  13000 3002000|  1   0  99   0   0   0
  20000 5337000|  0   0  99   0   0   0
  27000 4969000|  0   0 100   0   0   0
  15000 3137000|  0   0  98   1   0   0
  19000 4870000|  0   0 100   0   0   0
  25000 5537000|  1   0  99   0   0   0
  27000 6004000|  1   0  99   0   0   0
  27000 6137000|  0   0  99   0   0   0
  31000 5014000|  0   1  99   0   0   0
  17000 3269000|  0   0  99   1   0   0
  21000 4670000|  0   1  99   0   0   0
  22000 4736000|  0   0  99   0   0   0
  27000 4825000|  1   0  99   0   0   0
  17000 2440000|  0   0  99   0   0   0
  17000 3570000|  0   0 100   0   0   0
  19000 3992000|  0   0  98   1   0   0
  23000 3424000|  0   0 100   0   0   0
  12000 2262000|  0   0 100   0   0   0
  15000 3008000|  0   1  99   0   0   0
  17000 3269000|  1   0  99   0   0   0
  16000 3402000|  0   0 100   0   0   0
  15000 3335000|  0   1  98   1   0   0
  15000 3335000|  0   1  99   0   0   0
  15000 3402000|  0   0 100   0   0   0
  14000 3269000|  0   0 100   0   0   0
  16000 3669000|  1   1  99   0   0   0
  19000 3536000|  0   0  98   1   0   0
  20000 3869000|  0   0  99   0   0   0
  17000 3669000|  0   0  99   0   0   0
  21000 4283000|  1   0  99   0   0   0
  20000 4456000|  0   1  99   0   0   0
  24000 5070000|  0   0 100   0   0   0
  25000 5537000|  1   0  98   1   0   0
  31000 6671000|  0   0  99   0   0   0
  32000 4353000|  0   0 100   0   0   0
  20000 4403000|  1   0  99   0   0   0
  26000 5337000|  1   0  99   0   0   0
  28000 4047000|  0   1  99   0   0   0
  18000 3565000|  0   0  98   1   0   0
  22000 4600000|  0   0  99   0   0   0
  22000 4803000|  0   0  99   0   0   0
  23000 4736000|  0   1  99   0   0   0
  22000 4870000|  1   0  99   0   0   0
  24000 5070000|  0   1  99   0   0   0
  26000 5203000|  0   0  98   1   0   0
  27000 5079000|  0   0  99   0   0   0
  27000 5261000|  0   0  99   0   0   0
  28000 5011000|  1   0  99   0   0   0
  22000 2735000|  0   0  99   0   0   0
  17000 3688000|  0   0 100   0   0   0
  27000 4250000|  1   1  99   1   0   0
  24000 4536000|  0   0  99   0   0   0
  24000 4803000|  1   0  99   0   0   0
  21000 4870000|  0   0 100   0   0   0
  25000 5137000| 21   1  79   0   0   0
  26000 5160000| 25   0  75   0   0   0
  26000 4999000| 25   0  74   1   0   0
  20000 2677000| 25   0  75   0   0   0
  17000 3736000| 25   0  75   0   0   0
  20000 4269000| 25   0  75   0   0   0
  22000 4554000| 25   0  75   0   0   0
  23000 4785000| 25   0  75   0   0   0
  22000 5070000| 25   0  74   1   0   0
  25000 5070000| 25   0  75   0   0   0
  27000 5338000|  5   1  95   0   0   0
  24000 5003000|  0   0 100   0   0   0
  13000 1371000|  0   0 100   0   0   0
 292B    0|  0   0  98   2   0   0
 698B    0|  0   0 100   0   0   0
