   0     0|  2   1  90   7   0   0
1344B  836B| 22  20  58   0   0   0
  12000   16000| 21  21  56   0   0   1
  39000   35000| 16  10  73   1   0   1
  51000   55000|  8   3  89   0   0   0
  43000   47000|  5   2  93   0   0   0
  16000   19000|  5   3  92   0   0   0
  15000  103000|  4   2  94   0   0   0
8217B  575000|  5   2  94   0   0   0
  42000 3408000|  7   3  89   1   0   0
 101000 4999000|  5   2  94   0   0   0
  46000 3971000|  4   3  94   0   0   0
  28000 3340000|  4   2  94   0   0   0
  40000 4504000|  3   3  94   0   0   0
  30000 4034000|  4   2  94   0   0   0
  32000 4232000|  4   2  93   1   0   0
  32000 4100000|  4   2  94   0   0   0
  25000 3092000|  5   3  93   0   0   0
  22000 3500000|  3   3  94   0   0   0
  23000 3592000|  4   3  94   0   0   0
  24000 3788000|  4   2  94   0   0   0
  23000 2704000|  4   2  93   1   0   0
  21000 2883000|  5   2  93   0   0   0
  20000 3602000|  4   2  94   0   0   0
  27000 3764000|  4   2  94   0   0   0
  26000 3641000|  3   2  95   0   0   0
  23000 3857000|  5   2  93   0   0   0
  24000 3822000| 16  20  63   1   0   0
  55000 5466000| 15   8  77   0   0   0
 157000   14000000| 16   6  78   0   0   0
 540000   42000000| 17  12  71   0   0   1
 993000   58000000| 16  13  71   0   0   1
 752000   57000000| 18   8  72   0   0   1
 574000   46000000| 15   8  76   1   0   1
 390000   43000000| 16   7  77   0   0   0
 304000   37000000| 16   8  75   0   0   1
 310000   33000000| 16   7  76   0   0   1
 261000   34000000| 15   7  78   0   0   1
 249000   29000000| 14   8  79   0   0   0
 240000   29000000| 15   7  77   1   0   0
 233000   29000000| 16   6  78   0   0   1
 208000   25000000| 15   9  76   0   0   0
 238000   27000000| 14   7  78   0   0   0
 205000   28000000| 14   7  79   0   0   0
 196000   25000000| 14   8  77   0   0   0
 189000   26000000| 16   6  77   1   0   0
 179000   27000000| 17   7  76   0   0   0
 166000   27000000| 13   7  79   0   0   0
 207000   27000000| 16   7  77   0   0   0
 183000   28000000| 16   6  78   0   0   0
 190000   28000000| 16   7  77   0   0   1
 200000   28000000| 14   7  78   1   0   0
 194000   29000000| 16   6  77   0   0   0
 199000   27000000| 15   8  77   0   0   1
 197000   25000000| 14   6  79   0   0   0
 205000   27000000| 14   7  79   0   0   1
 179000   24000000| 15   8  77   0   0   0
 193000   26000000| 17   5  76   1   0   0
 181000   23000000| 17   6  76   0   0   0
 163000   24000000| 15   9  76   0   0   0
 185000   22000000| 14   8  78   0   0   0
 155000   22000000| 14   6  80   0   0   0
 144000   21000000| 16   8  76   0   0   0
 163000   23000000| 15   7  77   1   0   1
 151000   24000000| 14   6  79   0   0   1
 156000   25000000| 15   7  79   0   0   0
 185000   26000000| 14   9  77   0   0   1
 183000   27000000| 14   7  79   0   0   0
 182000   29000000| 16   7  75   0   0   1
 187000   29000000| 17   8  74   1   0   0
 234000   31000000| 15   8  77   0   0   1
 191000   25000000| 13   6  80   0   0   1
 181000   28000000| 15   8  77   0   0   1
 213000   30000000| 15   8  77   0   0   0
 205000   31000000| 14   6  79   0   0   0
 198000   30000000| 15   8  76   1   0   0
 217000   34000000| 16   8  77   0   0   0
 209000   37000000| 14   8  77   0   0   0
 229000   34000000| 15   8  76   0   0   1
 249000   34000000| 16   6  77   0   0   0
 212000   33000000| 15   7  78   0   0   0
 210000   32000000| 15   8  77   1   0   0
 221000   34000000| 15   8  77   0   0   0
 212000   38000000| 15  10  75   0   0   0
 228000   37000000| 16   9  75   0   0   1
 264000   37000000| 17   8  74   0   0   1
 231000   37000000| 15   7  77   0   0   0
 266000   30000000| 16   8  76   1   0   0
 210000   33000000| 16   6  77   0   0   0
 231000   30000000| 15   8  76   0   0   1
 225000   30000000| 15   7  77   0   0   0
 215000   27000000| 16   8  76   0   0   1
 198000   29000000| 13   8  78   0   0   0
 213000   30000000| 16   8  74   1   0   0
 184000   31000000| 14   8  78   0   0   0
 228000   33000000| 16   8  76   0   0   0
 234000   34000000| 15   9  76   0   0   0
 252000   33000000| 16   8  75   0   0   1
 253000   33000000| 14   9  77   0   0   1
 197000   34000000| 16   8  74   1   0   1
 244000   37000000| 17   7  76   0   0   1
 235000   36000000| 16   8  76   0   0   0
 233000   36000000| 13   9  77   0   0   1
 234000   33000000| 15   8  76   0   0   1
 203000   31000000| 17   6  76   0   0   1
 212000   29000000| 14   7  77   1   0   1
 196000   30000000| 15   9  75   0   0   1
 214000   27000000| 17   8  75   0   0   0
 204000   26000000| 14   7  78   0   0   0
 161000   25000000| 16   6  78   0   0   0
 191000   23000000| 14   7  79   0   0   0
 153000   25000000| 15   9  75   1   0   1
 191000   26000000| 16  10  74   0   0   1
 178000   26000000| 16  10  73   0   0   1
 182000   23000000| 15   4  81   0   0   1
 162000   23000000| 15   7  77   0   0   1
 182000   24000000| 16   8  75   0   0   1
 169000   24000000| 15   7  76   1   0   0
 178000   27000000| 15   8  77   0   0   0
 205000   28000000| 17  10  73   0   0   1
 191000   28000000| 15   9  76   0   0   1
 208000   30000000| 15   8  77   0   0   1
 209000   31000000| 17   7  76   0   0   0
 228000   30000000| 14   9  76   1   0   0
 185000   28000000| 15  10  75   0   0   0
 204000   25000000| 15   8  77   0   0   0
 177000   26000000| 16   6  77   0   0   0
 183000   28000000| 16   6  77   0   0   0
 187000   29000000| 13  12  74   0   0   1
 212000   33000000| 14  10  74   1   0   0
 233000   35000000| 17   8  74   0   0   1
 234000   34000000| 16   8  76   0   0   1
 270000   33000000| 14  10  76   0   0   0
 246000   33000000| 14   8  77   0   0   1
 234000   34000000| 16   8  76   0   0   0
 238000   33000000| 13  10  76   1   0   0
 220000   34000000| 15   7  77   0   0   1
 232000   31000000| 17   7  76   0   0   1
 200000   31000000| 15   9  75   0   0   1
 211000   30000000| 16   7  77   0   0   0
 193000   30000000| 15  11  75   0   0   0
 219000   29000000| 15   7  76   1   0   0
 190000   29000000| 16   7  76   0   0   0
 216000   32000000| 15  11  74   0   0   0
 202000   30000000| 16   8  75   0   0   1
 230000   30000000| 15   9  76   0   0   0
 189000   33000000| 15   9  76   0   0   0
 246000   31000000| 16   7  76   1   0   0
 206000   30000000| 13   9  77   0   0   1
 229000   31000000| 14   9  76   0   0   1
 225000   27000000| 15   9  75   0   0   1
 164000   28000000| 16   7  76   0   0   0
 211000   29000000| 14  12  73   0   0   1
 186000   28000000| 14   8  76   1   0   0
 205000   27000000| 16   8  76   0   0   0
 197000   28000000| 15   8  77   0   0   0
 170000   28000000| 16   6  78   0   0   1
 184000   30000000| 14  11  75   0   0   1
 186000   29000000| 14   9  76   0   0   1
 197000   29000000| 15   9  76   1   0   0
 214000   29000000| 15   7  77   0   0   1
 222000   27000000| 14   6  80   0   0   0
 177000   27000000| 15   7  78   0   0   0
 198000   29000000| 16  11  72   0   0   1
 199000   31000000| 16  10  74   0   0   0
 211000   33000000| 16  11  71   1   0   1
 214000   32000000| 16   8  76   0   0   0
 221000   31000000| 17   9  74   0   0   0
 199000   30000000| 16   7  77   0   0   0
 193000   33000000| 12   7  80   0   0   0
 248000   32000000| 15  11  74   0   0   1
 221000   31000000| 14   8  76   1   0   1
 219000   31000000| 14   9  77   0   0   0
 195000   33000000| 17  11  72   0   0   0
 214000   35000000| 14  11  74   0   0   1
 270000   34000000| 14   8  78   0   0   0
 216000   34000000| 15   8  76   0   0   1
 220000   35000000| 16   9  74   1   0   1
 256000   33000000| 16   8  76   0   0   0
 235000   34000000| 15   8  76   0   0   0
 213000   34000000| 14   8  77   0   0   0
 222000   32000000| 16  11  73   0   0   0
 221000   32000000| 17  10  73   0   0   1
 206000   28000000| 14  10  75   1   0   0
 194000   27000000| 13   9  78   0   0   1
 193000   29000000| 16   7  77   0   0   0
 174000   28000000| 13   8  79   0   0   0
 211000   30000000| 15  15  69   0   0   1
 203000   28000000| 14   9  77   0   0   0
 184000   28000000| 15   8  76   1   0   0
 184000   25000000| 17   7  76   0   0   0
 194000   25000000| 14   9  77   0   0   0
 168000   25000000| 15   6  78   0   0   1
 158000   25000000| 15   7  78   0   0   0
 186000   27000000| 16   8  76   0   0   1
 182000   28000000| 15   8  76   1   0   0
 180000   27000000| 16   6  77   0   0   1
 200000   28000000| 15   8  77   0   0   0
 196000   27000000| 15   7  77   0   0   0
 172000   28000000| 16  10  74   0   0   0
 191000   30000000| 17   8  76   0   0   0
 215000   30000000| 17   6  75   1   0   0
 205000   30000000| 15   7  78   0   0   0
 180000   27000000| 17   9  74   0   0   1
 207000   30000000| 14  19  67   0   0   1
 202000   30000000| 14   8  78   0   0   0
 195000   28000000| 15   8  76   0   0   1
 209000   28000000| 14   7  78   1   0   0
 179000   29000000| 16   7  77   0   0   0
 185000   29000000| 14   8  78   0   0   0
 205000   29000000| 15   7  78   0   0   0
 195000   28000000| 15   7  78   0   0   0
 173000   27000000| 14   9  76   0   0   0
 210000   27000000| 15   8  76   1   0   0
 186000   26000000| 15   7  78   0   0   0
 164000   25000000| 14   9  76   0   0   0
 176000   25000000| 16   7  77   0   0   0
 179000   24000000| 15   8  76   0   0   0
 168000   26000000| 14   9  76   0   0   1
 173000   23000000| 12   7  79   1   0   1
 176000   23000000| 16   7  77   0   0   0
 151000   24000000| 14   6  79   0   0   1
 162000   22000000| 17   7  76   0   0   0
 168000   22000000| 15   7  78   0   0   0
 152000   23000000| 14  11  75   0   0   0
 152000   23000000| 17   7  75   1   0   0
 173000   23000000| 13   9  77   0   0   0
 158000   24000000| 13   9  78   0   0   0
 164000   25000000| 14   8  79   0   0   0
 175000   24000000| 13   9  78   0   0   0
 172000   27000000| 15   7  78   0   0   0
 190000   28000000| 16   9  73   1   0   1
 217000   27000000| 17   6  76   0   0   1
 193000   28000000| 14   8  78   0   0   0
 187000   26000000| 15   9  77   0   0   0
 186000   27000000| 15  10  76   0   0   0
 207000   26000000| 13   9  78   0   0   0
 148000   24000000| 16   7  75   1   0   1
 195000   24000000| 13   9  77   0   0   1
 164000   24000000| 17   6  77   0   0   0
 159000   24000000| 17   6  77   0   0   1
 177000   24000000| 15   8  78   0   0   0
 163000   24000000| 17   8  75   0   0   0
 154000   25000000| 15   8  76   1   0   0
 187000   26000000| 15   6  78   0   0   1
 181000   29000000| 15   8  77   0   0   0
 179000   31000000| 16  12  71   0   0   1
 220000   32000000| 15   8  76   0   0   0
 216000   34000000| 16   8  76   0   0   1
 205000   35000000| 15   8  75   1   0   0
 250000   32000000| 15   7  78   0   0   0
 208000   32000000| 15   9  76   0   0   0
 202000   33000000| 14   7  79   0   0   0
 204000   33000000| 15   9  76   0   0   0
 215000   36000000| 16   9  75   0   0   0
 200000   32000000| 14   9  76   1   0   0
 228000   35000000| 15   9  76   0   0   0
 226000   38000000| 15   8  77   0   0   0
 222000   38000000| 17  13  70   0   0   1
 274000   33000000| 15  14  70   0   0   1
 225000   34000000| 14  10  76   0   0   1
 185000   31000000| 15   7  77   1   0   1
 236000   31000000| 14   8  79   0   0   0
 188000   31000000| 15   6  79   0   0   0
 193000   27000000| 15   6  79   0   0   0
 215000   28000000| 16   9  74   0   0   0
 179000   27000000| 14   8  78   0   0   0
 161000   26000000| 15   7  78   1   0   0
 190000   27000000| 15   8  77   0   0   0
 181000   29000000| 16   8  75   0   0   0
 197000   27000000| 17  11  72   0   0   0
 197000   27000000| 16   7  76   0   0   0
 173000   28000000| 13   8  79   0   0   0
 174000   27000000| 14   7  77   1   0   1
 178000   26000000| 15   6  79   0   0   0
 205000   25000000| 15   9  75   0   0   1
 185000   26000000| 14   8  78   0   0   0
 204000   26000000| 14   7  79   0   0   0
 200000   25000000| 14   7  78   0   0   0
 151000   27000000| 16   6  77   1   0   0
 199000   26000000| 15   9  75   0   0   1
 194000   24000000| 15  10  75   0   0   0
 166000   22000000| 16   6  77   0   0   0
 174000   22000000| 15   9  76   0   0   0
 190000   22000000| 14   7  79   0   0   0
 181000   22000000| 15   7  77   1   0   1
 179000   22000000| 13   8  78   0   0   0
 161000   24000000| 14   8  78   0   0   0
 154000   27000000| 17   8  76   0   0   0
 217000   29000000| 14   8  78   0   0   1
 174000   31000000| 14   8  77   0   0   1
 226000   29000000| 14   9  77   1   0   0
 171000   29000000| 16  11  73   0   0   0
 223000   31000000| 15   8  77   0   0   1
 208000   31000000| 14   8  78   0   0   0
 232000   31000000| 16   7  77   0   0   1
 185000   31000000| 15   8  78   0   0   0
 229000   32000000| 15  14  69   1   0   1
 242000   35000000| 15  10  75   0   0   0
 217000   34000000| 16   7  76   0   0   1
 231000   30000000| 15   7  78   0   0   0
 172000   26000000| 16   7  76   0   0   0
 215000   29000000| 14   8  77   0   0   0
 181000   29000000| 15   8  77   1   0   0
 218000   28000000| 17   6  76   0   0   1
 181000   29000000| 14   8  77   0   0   0
 211000   28000000| 16   7  76   0   0   1
 181000   27000000| 15  10  74   0   0   1
 194000   26000000| 15   8  77   0   0   0
 188000   27000000| 15   9  75   1   0   0
 167000   28000000| 15  10  75   0   0   1
 212000   28000000| 15   8  77   0   0   0
 179000   30000000| 13   8  79   0   0   0
 239000   29000000| 15  12  74   0   0   0
 192000   32000000| 16   6  77   0   0   1
 235000   33000000| 15   9  75   1   0   0
 212000   33000000| 17   7  76   0   0   1
 230000   34000000| 14   9  77   0   0   1
 226000   32000000| 15   8  77   0   0   0
 202000   33000000| 15  11  73   0   0   1
 242000   30000000| 16   7  76   0   0   0
 222000   29000000| 15   7  77   1   0   0
 194000   30000000| 13   7  80   0   0   1
 209000   28000000| 16   8  76   0   0   1
 171000   29000000| 14   9  76   0   0   1
 214000   29000000| 15   7  77   0   0   1
 178000   29000000| 15   8  77   0   0   0
 218000   28000000| 14   6  78   1   0   0
 180000   28000000| 16   8  75   0   0   0
 194000   26000000| 15   8  76   0   0   0
 169000   28000000| 15   8  77   0   0   0
 201000   26000000| 15   8  77   0   0   0
 195000   26000000| 15  10  75   0   0   0
 182000   26000000| 14   8  77   1   0   0
 190000   25000000| 15   8  78   0   0   0
 154000   25000000| 16   8  76   0   0   0
 186000   28000000| 15   6  78   0   0   1
 176000   26000000| 14  10  75   0   0   1
 222000   29000000| 14   8  77   0   0   1
 182000   26000000| 15   7  76   1   0   1
 180000   24000000| 12  10  78   0   0   0
 177000   24000000| 16   7  77   0   0   0
 166000   26000000| 15  11  73   0   0   1
 197000   25000000| 14   9  77   0   0   0
 207000   27000000| 13   6  80   0   0   0
 222000   27000000| 15   7  77   1   0   0
 209000   28000000| 15   9  75   0   0   1
 219000   27000000| 16   9  75   0   0   0
 194000   26000000| 16   7  76   0   0   0
 204000   25000000| 14   7  79   0   0   1
 146000   26000000| 14   9  77   0   0   0
 159000   27000000| 14   9  76   1   0   0
 195000   26000000| 15   8  77   0   0   1
 193000   26000000| 15   7  78   0   0   0
 211000   29000000| 15   9  75   0   0   0
 230000   30000000| 14  10  76   0   0   1
 185000   29000000| 15  10  75   0   0   1
 212000   29000000| 14   6  79   1   0   0
 199000   29000000| 15   7  77   0   0   0
 175000   29000000| 14  12  74   0   0   0
 200000   31000000| 13  10  76   0   0   1
 201000   29000000| 14  12  74   0   0   0
 173000   28000000| 15   7  77   0   0   0
 206000   26000000| 15   6  78   1   0   0
 175000   27000000| 15   7  78   0   0   0
 189000   29000000| 16   7  77   0   0   0
 180000   30000000| 13   9  77   0   0   0
 206000   28000000| 15   8  77   0   0   0
 193000   26000000| 13   6  80   0   0   0
 159000   24000000| 15   6  77   1   0   0
 177000   25000000| 14   6  80   0   0   0
 172000   26000000| 14   9  77   0   0   0
 185000   24000000| 16   6  78   0   0   0
 166000   25000000| 13  13  73   0   0   0
 182000   25000000| 14   8  78   0   0   0
 147000   24000000| 15   6  78   1   0   0
 182000   26000000| 14   9  77   0   0   0
 158000   27000000| 14   8  77   0   0   0
 191000   28000000| 16   7  76   0   0   1
 180000   29000000| 15   8  77   0   0   0
 181000   31000000| 15  13  72   0   0   0
 222000   31000000| 15   8  76   1   0   1
 218000   31000000| 15   9  76   0   0   0
 190000   34000000| 16   8  76   0   0   1
 232000   33000000| 15   9  76   0   0   1
 220000   34000000| 15   9  76   0   0   1
 195000   32000000| 16   8  76   0   0   0
 228000   31000000| 15   7  78   1   0   0
 191000   30000000| 14  13  72   0   0   1
 185000   31000000| 15  11  73   0   0   0
 202000   30000000| 15   7  77   0   0   1
 205000   30000000| 14   7  79   0   0   0
 181000   30000000| 13   8  78   0   0   0
 204000   29000000| 16   8  75   1   0   0
 204000   26000000| 13   7  79   0   0   1
 159000   25000000| 16  10  74   0   0   1
 166000   24000000| 15   9  77   0   0   0
 161000   24000000| 13   7  80   0   0   1
 154000   23000000| 15   7  78   0   0   0
 157000   22000000| 14   6  79   1   0   0
 141000   24000000| 15   8  77   0   0   0
 147000   22000000| 15   8  76   0   0   1
 162000   21000000| 15   6  78   0   0   0
 137000   22000000| 13   7  79   0   0   0
 159000   24000000| 14   8  78   0   0   1
 172000   25000000| 14   7  77   1   0   0
 163000   29000000| 15  11  74   0   0   1
 180000   32000000| 15   7  77   0   0   1
 224000   36000000| 14   8  77   0   0   1
 231000   39000000| 14   6  79   0   0   0
 239000   36000000| 15  14  71   0   0   1
 271000   36000000| 16  10  73   1   0   0
 223000   37000000| 16   8  76   0   0   0
 212000   34000000| 18   7  75   0   0   1
 242000   34000000| 16  12  71   0   0   1
 201000   30000000| 15   7  77   0   0   1
 195000   28000000| 14   8  78   0   0   0
 196000   27000000| 15   9  75   1   0   0
 172000   27000000| 13   7  79   0   0   0
 178000   26000000| 16   9  75   0   0   0
 186000   25000000| 15   8  77   0   0   0
 167000   25000000| 14   7  79   0   0   0
 155000   25000000| 15   7  78   0   0   0
 176000   27000000| 14   9  75   1   0   0
 177000   30000000| 15  12  73   0   0   0
 192000   29000000| 15   9  76   0   0   0
 199000   29000000| 16   7  76   0   0   0
 190000   30000000| 14   9  77   0   0   0
 170000   27000000| 15   8  76   0   0   1
 191000   26000000| 16   9  74   1   0   0
 167000   28000000| 15   7  78   0   0   1
 188000   31000000| 12  11  77   0   0   0
 209000   33000000| 13   8  79   0   0   0
 195000   35000000| 14   9  77   0   0   0
 229000   37000000| 14   9  76   0   0   1
 258000   39000000| 15   8  75   1   0   1
 241000   40000000| 14  10  76   0   0   0
 246000   42000000| 16  12  71   0   0   0
 276000   43000000| 16  10  74   0   0   1
 254000   46000000| 15   8  77   0   0   1
 298000   38000000| 14  10  75   0   0   1
 245000   38000000| 16   8  75   1   0   0
 232000   40000000| 15   9  76   0   0   1
 247000   37000000| 14   9  77   0   0   1
 248000   36000000| 16   9  74   0   0   0
 209000   35000000| 14   9  76   0   0   0
 222000   35000000| 16   7  77   0   0   1
 250000   31000000| 14   9  75   1   0   1
 182000   28000000| 15   7  77   0   0   0
 188000   26000000| 15   7  78   0   0   0
 188000   27000000| 17   7  76   0   0   0
 173000   26000000| 17   7  76   0   0   0
 160000   26000000| 15   9  76   0   0   0
 181000   27000000| 14   9  76   1   0   1
 184000   29000000| 14   9  76   0   0   0
 175000   31000000| 17   7  75   0   0   0
 221000   32000000| 15   8  77   0   0   0
 207000   33000000| 14  10  75   0   0   1
 205000   32000000| 13   9  77   0   0   1
 227000   32000000| 17   7  75   1   0   0
 209000   37000000| 17   8  75   0   0   1
 219000   33000000| 15  10  75   0   0   0
 234000   36000000| 15  11  74   0   0   0
 210000   34000000| 13   8  78   0   0   0
 223000   32000000| 14   6  79   0   0   0
 227000   36000000| 16   9  74   1   0   1
 210000   38000000| 16   8  75   0   0   1
 252000   31000000| 16   8  76   0   0   0
 211000   31000000| 16   7  76   0   0   1
 194000   32000000| 16   7  77   0   0   0
 192000   30000000| 17   6  77   0   0   1
 203000   33000000| 16   9  74   1   0   0
 202000   35000000| 17   8  75   0   0   1
 220000   33000000| 14   6  79   0   0   1
 235000   34000000| 16  13  70   0   0   1
 213000   35000000| 16   8  76   0   0   0
 220000   39000000| 16  14  69   0   0   1
 263000   39000000| 17   6  76   1   0   0
 211000   35000000| 14  11  74   0   0   0
 246000   33000000| 18  13  69   0   0   1
 213000   35000000| 16   9  74   0   0   1
 217000   34000000| 14   9  77   0   0   1
 230000   32000000| 15   7  78   0   0   0
 197000   30000000| 18   6  75   1   0   0
 200000   30000000| 16  10  74   0   0   1
 201000   29000000| 17   7  76   0   0   0
 197000   28000000| 15   7  78   0   0   0
 196000   27000000| 15   8  77   0   0   0
 165000   27000000| 14   7  78   0   0   1
 203000   29000000| 15   7  77   1   0   0
 188000   30000000| 14  13  72   0   0   1
 219000   31000000| 16   8  76   0   0   0
 198000   32000000| 16   8  76   0   0   0
 233000   29000000| 13   7  79   0   0   1
 186000   29000000| 16   8  76   0   0   0
 228000   27000000| 17  10  72   1   0   1
 184000   26000000| 16   8  76   0   0   0
 194000   26000000| 16   7  77   0   0   0
 167000   25000000| 16   6  77   0   0   1
 183000   28000000| 15   9  75   0   0   1
 207000   30000000| 15  10  76   0   0   0
 203000   33000000| 15   8  75   1   0   0
 233000   33000000| 16   7  76   0   0   1
 204000   35000000| 15   8  76   0   0   1
 230000   38000000| 15  16  68   0   0   1
 236000   47000000| 17   7  76   0   0   0
 320000   42000000| 15   9  76   0   0   0
 284000   39000000| 15   9  75   1   0   0
 236000   37000000| 15   9  76   0   0   1
 264000   36000000| 15   9  76   0   0   1
 207000   35000000| 14   9  77   0   0   0
 240000   34000000| 15   7  77   0   0   0
 212000   34000000| 16  10  73   0   0   1
 234000   30000000| 15   8  76   1   0   0
 198000   30000000| 17   7  76   0   0   0
 205000   30000000| 15   9  76   0   0   0
 193000   26000000| 17   7  76   0   0   0
 188000   27000000| 15   8  76   0   0   1
 188000   26000000| 16  10  73   0   0   1
 183000   27000000| 15   6  77   1   0   1
 190000   29000000| 15   7  77   0   0   1
 215000   30000000| 14   7  78   0   0   1
 189000   32000000| 15   9  75   0   0   1
 228000   30000000| 15   8  76   0   0   1
 197000   30000000| 15   9  76   0   0   1
 199000   32000000| 15   7  77   1   0   0
 228000   33000000| 14   6  80   0   0   0
 214000   34000000| 15   8  76   0   0   1
 229000   34000000| 15   9  75   0   0   1
 219000   31000000| 16   9  74   0   0   0
 220000   33000000| 15   9  76   0   0   0
 233000   34000000| 14   8  76   1   0   1
 224000   34000000| 13   8  78   0   0   1
 237000   32000000| 14   7  78   0   0   1
 193000   34000000| 18   7  75   0   0   0
 254000   31000000| 14  11  75   0   0   0
 208000   34000000| 16   9  75   0   0   0
 224000   33000000| 16  10  73   1   0   0
 202000   33000000| 15  10  74   0   0   1
 197000   28000000| 16   8  76   0   0   0
 199000   29000000| 14  10  76   0   0   0
 177000   31000000| 16  14  70   0   0   0
 198000   29000000| 16   9  74   0   0   1
 175000   25000000| 17   7  75   1   0   0
 169000   26000000| 15  10  74   0   0   1
 200000   29000000| 15   9  76   0   0   0
 218000   31000000| 16   8  75   0   0   1
 211000   34000000| 15   8  77   0   0   0
 241000   33000000| 14  10  76   0   0   0
 197000   35000000| 16   7  75   1   0   1
 249000   32000000| 14   8  77   0   0   1
 220000   31000000| 16  12  71   0   0   0
 221000   32000000| 16   6  78   0   0   1
 221000   32000000| 15   8  77   0   0   0
 227000   30000000| 18   7  75   0   0   1
 207000   30000000| 16   7  76   1   0   0
 205000   31000000| 14   9  77   0   0   1
 229000   31000000| 17   8  75   0   0   0
 229000   34000000| 17   8  74   0   0   1
 239000   36000000| 15   8  76   0   0   0
 249000   36000000| 14   7  79   0   0   0
 267000   33000000| 15  10  74   1   0   1
 239000   29000000| 15   9  77   0   0   0
 177000   28000000| 14   8  78   0   0   1
 190000   28000000| 17   7  75   0   0   0
 182000   31000000| 13   9  78   0   0   1
 199000   29000000| 15   8  77   0   0   1
 206000   30000000| 15   8  77   1   0   0
 183000   28000000| 16   7  76   0   0   1
 212000   30000000| 16   7  77   0   0   0
 179000   28000000| 14   7  78   0   0   1
 190000   30000000| 13  13  73   0   0   1
 203000   31000000| 16   7  75   1   0   0
 203000   36000000| 14   7  79   0   0   0
 203000   33000000| 15   9  76   0   0   0
 250000   35000000| 15   8  77   0   0   0
 197000   35000000| 14  10  75   0   0   1
 230000   43000000| 16   8  76   0   0   0
 281000   40000000| 17   6  75   2   0   1
 249000   39000000| 17   9  75   0   0   0
 235000   38000000| 18   7  75   0   0   1
 263000   36000000| 16  14  70   0   0   1
 230000   36000000| 16   7  77   0   0   0
 214000   34000000| 13  10  77   0   0   0
 219000   34000000| 15   8  76   1   0   0
 212000   34000000| 14   8  77   0   0   1
 205000   35000000| 16   9  75   0   0   1
 240000   31000000| 13   6  81   0   0   0
 194000   33000000| 17   7  76   0   0   0
 201000   33000000| 13   7  80   0   0   0
 211000   34000000| 18  17  63   1   0   1
 200000   35000000| 14   7  79   0   0   0
 234000   34000000| 14   7  78   0   0   0
 232000   36000000| 14  10  75   0   0   0
 206000   35000000| 18   7  74   0   0   1
 238000   38000000| 15   8  78   0   0   0
 239000   39000000| 15   9  74   1   0   1
 217000   35000000| 16   7  76   0   0   0
 227000   35000000| 16   7  77   0   0   0
 219000   34000000| 14   8  77   0   0   1
 200000   34000000| 15   6  78   0   0   0
 221000   34000000| 15   8  77   0   0   1
 225000   35000000| 16  11  72   1   0   0
 210000   39000000| 14   9  77   0   0   0
 228000   34000000| 15   8  76   0   0   1
 221000   36000000| 15   8  77   0   0   1
 207000   37000000| 15   8  77   0   0   0
 237000   34000000| 16  13  71   1   0   0
 237000   37000000| 16   8  75   0   0   1
 230000   38000000| 15   7  77   0   0   0
 238000   36000000| 15   9  76   0   0   0
 226000   40000000| 15   8  77   0   0   1
 229000   32000000| 16   7  77   0   0   0
 214000   29000000| 15   7  76   1   0   0
 176000   30000000| 16   7  77   0   0   1
 195000   29000000| 15   8  77   0   0   0
 187000   27000000| 13   9  77   0   0   1
 179000   28000000| 14   8  77   0   0   0
 183000   27000000| 16   9  75   0   0   0
 194000   28000000| 15   7  76   1   0   0
 172000   27000000| 15   7  78   0   0   0
 197000   30000000| 14   8  78   0   0   0
 205000   26000000| 16   7  76   0   0   0
 173000   25000000| 17   7  75   0   0   0
 164000   23000000| 17   5  77   0   0   0
 165000   23000000| 13   9  77   1   0   0
 155000   25000000| 17   7  76   0   0   1
 155000   24000000| 14   9  76   0   0   1
 182000   23000000| 15   6  78   0   0   0
 138000   23000000| 15  10  74   0   0   1
 164000   22000000| 13   7  79   0   0   0
 141000   25000000| 15   6  77   1   0   0
 171000   23000000| 16   6  77   0   0   0
 163000   25000000| 16   6  78   0   0   0
 152000   23000000| 15   9  76   0   0   0
 174000   25000000| 14   9  76   0   0   1
 167000   22000000| 15   8  77   0   0   0
 147000   22000000| 15   8  76   1   0   0
 148000   21000000| 16   6  78   0   0   1
 154000   23000000| 15   8  77   0   0   0
 148000   25000000| 14   8  78   0   0   0
 180000   22000000| 14   6  80   0   0   0
 154000   22000000| 15   6  78   0   0   0
 152000   25000000| 16   9  74   1   0   1
 168000   22000000| 14   8  77   0   0   0
 161000   24000000| 13   7  79   0   0   0
 151000   24000000| 15   6  78   0   0   0
 167000   24000000| 21   8  70   0   0   1
 168000   25000000| 43   8  48   0   0   1
 167000   25000000| 43   9  47   1   0   1
 167000   21000000| 42   9  48   0   0   1
 152000   22000000| 42  13  43   0   0   1
 140000   21000000| 42   8  48   0   0   2
 159000   21000000| 42   9  48   0   0   1
 134000   20000000| 43   8  48   0   0   1
 131000   21000000| 44   9  46   1   0   1
 141000   19000000| 42   8  49   0   0   1
 135000   21000000| 42  16  41   0   0   1
 138000   22000000| 43   9  47   0   0   1
 168000   22000000| 45  10  45   0   0   1
 155000   25000000| 43  10  46   0   0   1
 167000   25000000| 44   9  46   1   0   1
 184000   25000000| 43  14  42   0   0   1
 173000   27000000| 43   9  47   0   0   1
 174000   27000000| 44   9  45   0   0   1
 177000   26000000| 43  10  45   0   0   2
 173000   28000000| 65  13  20   0   0   2
 175000   27000000| 68  17  12   1   0   2
 190000   24000000| 71  12  16   0   0   2
 151000   24000000| 61   8  30   0   0   1
 175000   24000000| 63   7  27   0   0   2
 173000   23000000| 66   9  23   0   0   2
 148000   22000000| 69  10  19   0   0   2
 154000   23000000| 70  13  14   1   0   2
 158000   24000000| 62   8  28   0   0   2
 154000   23000000| 67  12  19   0   0   2
 166000   23000000| 59  31   7   0   0   3
 169000   26000000| 61  25  10   0   0   3
 176000   28000000| 71  12  15   0   0   2
 204000   31000000| 66  21  11   0   0   2
 203000   30000000| 69  16  13   0   0   3
 190000   29000000| 69  12  16   0   0   3
 215000   29000000| 69  11  18   0   0   2
 190000   25000000| 66  12  20   0   0   2
 163000   22000000| 68   7  23   0   0   2
 176000   22000000| 66   8  25   1   0   2
 146000   21000000| 46  17  35   0   0   2
 144000   22000000| 41   8  48   1   0   2
 166000   22000000| 42   8  49   0   0   1
 148000   23000000| 42   9  48   0   0   1
 161000   24000000| 42   8  49   0   0   1
 183000   24000000| 80  11   8   0   0   2
 165000   27000000| 81  13   4   0   0   3
 188000   24000000| 84  10   3   0   0   3
 160000   24000000| 83  11   2   0   0   4
 160000   25000000| 81  13   4   0   0   2
 191000   24000000| 82  12   3   0   0   3
 169000   25000000| 80  14   3   0   0   3
 162000   26000000| 84   9   3   0   0   4
 186000   25000000| 82  11   4   0   0   3
 193000   25000000| 83  10   4   0   0   3
 152000   23000000| 81  14   3   0   0   3
 165000   23000000| 78  16   3   0   0   3
 166000   25000000| 83  12   3   0   0   3
 154000   24000000| 85  11   2   0   0   2
 181000   22000000| 86   9   2   0   0   3
 152000   21000000| 85  10   3   0   0   2
 135000   19000000| 84  10   4   0   0   2
 151000   19000000| 83  11   4   0   0   3
 139000   21000000| 84  11   3   0   0   2
 137000   22000000| 84   9   5   0   0   3
 158000   23000000| 84  10   3   0   0   3
 156000   24000000| 84  11   2   0   0   3
 157000   26000000| 87  10   0   0   0   3
   0     0| 81  12   4   0   0   3
   0     0| 84   9   5   0   0   3
   0     0| 75  10  11   0   0   3
 785000  114000000| 69  13  15   0   0   3
 188000   29000000| 69  12  16   0   0   3
 170000   28000000| 69  11  17   0   0   3
 188000   30000000| 70  11  16   0   0   2
 186000   28000000| 81  12   3   0   0   3
 190000   28000000| 84  12   0   0   0   4
 199000   28000000| 83  13   0   0   0   4
 183000   27000000| 84  12   0   0   0   4
 177000   25000000| 83  12   0   0   0   4
 196000   26000000| 87  11   0   0   0   3
 172000   25000000| 86  11   0   0   0   3
 155000   24000000| 86  10   0   0   0   3
 187000   23000000| 86  10   0   0   0   4
 161000   22000000| 88  10   0   0   0   2
 137000   21000000| 87   9   0   0   0   4
 153000   22000000| 85  12   0   0   0   4
 154000   21000000| 86  11   0   0   0   3
 131000   19000000| 89   8   0   0   0   3
 149000   21000000| 89   8   0   0   0   3
 149000   23000000| 85  11   0   0   0   4
 152000   25000000| 86  11   0   0   0   4
 187000   25000000| 87  10   0   0   0   3
 158000   26000000| 85  11   0   0   0   3
 174000   28000000| 86  11   0   0   0   4
 191000   29000000| 87  10   0   0   0   3
 201000   35000000| 85  11   0   0   0   4
 215000   31000000| 86  10   0   0   0   4
 219000   31000000| 85  12   0   0   0   4
 210000   33000000| 85  12   0   0   0   3
 196000   30000000| 89   8   0   0   0   3
 216000   28000000| 89   9   0   0   0   2
 221000   28000000| 88  10   0   0   0   3
 178000   22000000| 86  10   0   0   0   4
 158000   23000000| 88   9   0   0   0   3
 157000   21000000| 85  12   0   0   0   3
 143000   22000000| 88   9   0   0   0   3
 134000   18000000| 89   8   0   0   0   3
 136000   19000000| 88   9   0   0   0   4
 134000   20000000| 90   7   0   0   0   3
 134000   18000000| 90   7   0   0   0   3
 143000   18000000| 89   9   0   0   0   3
 134000   19000000| 87   9   0   0   0   4
 136000   18000000| 89   8   0   0   0   3
 133000   17000000| 88  10   0   0   0   3
 119000   18000000| 90   8   0   0   0   2
 123000   18000000| 88   9   0   0   0   3
 134000   17000000| 87  11   0   0   0   3
 113000   18000000| 87  10   0   0   0   3
 124000   19000000| 90   7   0   0   0   3
 139000   20000000| 91   6   0   0   0   3
 150000   21000000| 87   9   0   0   0   3
 131000   19000000| 89   9   0   0   0   3
 146000   20000000| 86  11   0   0   0   4
 143000   22000000| 89   8   0   0   0   4
 133000   21000000| 88  10   0   0   0   3
 170000   22000000| 86  11   0   0   0   3
 136000   22000000| 89   9   0   0   0   3
 149000   24000000| 87  11   0   0   0   3
 155000   22000000| 88   9   0   0   0   3
 151000   23000000| 88   9   0   0   0   3
 149000   23000000| 89   8   0   0   0   3
 143000   21000000| 88   8   0   0   0   4
 150000   20000000| 90   7   0   0   0   4
 150000   20000000| 90   8   0   0   0   2
 126000   20000000| 92   5   0   0   0   4
 127000   19000000| 86  11   0   0   0   3
 142000   18000000| 91   6   0   0   0   3
 131000   18000000| 90   7   0   0   0   3
 117000   19000000| 90   7   0   0   0   3
 132000   19000000| 90   8   0   0   0   2
 139000   19000000| 89   7   0   0   0   4
 144000   21000000| 90   7   0   0   0   3
 136000   22000000| 89   8   0   0   0   3
 144000   23000000| 89   9   0   0   0   3
 164000   25000000| 89   7   0   0   0   4
 174000   25000000| 88   8   0   0   0   4
 140000   23000000| 88   8   0   0   0   4
 151000   21000000| 92   5   0   0   0   3
 156000   21000000| 91   6   0   0   0   3
 147000   22000000| 92   4   0   0   0   3
 147000   21000000| 93   4   0   0   0   4
 134000   19000000| 93   4   0   0   0   3
 133000   19000000| 93   5   0   0   0   2
 120000   19000000| 92   6   0   0   0   3
 117000   16000000| 93   5   0   0   0   3
 125000   16000000| 91   6   0   0   0   3
 112000   15000000| 92   6   0   0   0   2
  90000   13000000| 93   5   0   0   0   2
  95000   12000000| 95   4   0   0   0   1
  79000   10000000| 93   4   0   0   0   3
  74000   10000000| 95   3   0   0   0   2
  76000   10000000| 94   4   0   0   0   2
  79000   11000000| 95   3   0   0   0   2
  64000   11000000| 94   4   0   0   0   2
  85000   12000000| 94   4   0   0   0   2
  81000   12000000| 93   5   0   0   0   2
  81000   12000000| 95   3   0   0   0   2
  82000   12000000| 94   4   0   0   0   3
  97000   13000000| 94   3   0   0   0   2
  93000   12000000| 95   3   0   0   0   2
  87000   13000000| 96   2   0   0   0   2
  97000   12000000| 96   2   0   0   0   2
 100000   12000000| 94   4   0   0   0   2
  84000   12000000| 97   2   0   0   0   2
  77000   11000000| 93   5   0   0   0   2
  91000   12000000| 94   3   0   0   0   3
  80000   12000000| 95   3   0   0   0   2
  75000   10000000| 95   3   0   0   0   2
  64000 8795000| 95   3   0   0   0   2
  67000 8912000| 94   3   0   0   0   2
  61000 9960000| 97   2   0   0   0   1
  66000 8457000| 95   4   0   0   0   1
  45000 6243000| 95   3   0   0   0   2
  52000 7101000| 96   2   0   0   0   2
  52000 8662000| 96   3   0   0   0   1
  66000 9602000| 82   3  13   0   0   2
  78000   11000000| 65   4  30   0   0   1
  76000   12000000| 51   2  46   0   0   1
  75000   11000000| 36   2  62   0   0   1
  66000   11000000| 26   1  74   0   0   0
  71000 8356000| 26   1  73   0   0   0
  39000 6435000| 25   1  72   2   0   0
  40000 5178000| 26   0  74   0   0   0
  29000 4054000| 26   1  74   0   0   0
  25000 3662000| 25   1  74   0   0   0
  32000 4268000| 46   1  52   0   0   1
  33000 3915000| 50   1  49   0   0   0
  33000 3955000| 35   1  62   1   0   1
  31000 3916000| 26   1  74   0   0   0
  28000 3817000| 26   0  74   0   0   0
  32000 3832000| 25   0  74   0   0   0
  33000 2908000| 25   0  75   0   0   0
  21000 2579000| 25   0  75   0   0   0
  21000 2350000| 25   0  73   2   0   0
  12000 1212000| 25   0  74   0   0   0
7956B 1008000| 25   0  75   0   0   0
  11000 1213000| 25   0  75   0   0   0
8636B 1121000| 25   0  75   0   0   0
  10000 1230000| 25   0  75   0   0   0
  10000 1334000| 26   0  73   1   0   0
  10000 1549000| 25   0  75   0   0   0
  12000 1373000| 25   0  75   0   0   0
  11000 1637000| 25   0  74   0   0   0
  12000 1468000| 25   0  75   0   0   0
  11000 1755000| 25   0  75   0   0   0
  21000 1994000| 25   0  73   1   0   0
  12000 1809000| 26   0  75   0   0   0
  16000 2010000| 25   1  74   0   0   0
  15000 1972000| 25   0  74   0   0   0
  16000 2031000| 25   0  75   0   0   0
  14000 1806000| 43   0  57   0   0   0
  18000 2238000| 50   0  50   0   0   0
  19000 1502000| 50   0  50   0   0   0
8124B 1192000| 50   1  50   0   0   0
  13000 1598000| 49   1  50   0   0   0
9671B 1359000| 50   0  50   0   0   0
  13000 1459000| 49   1  50   0   0   0
  11000 1177000| 50   0  49   1   0   0
  10000 1275000| 49   1  50   0   0   0
9502B 1088000| 32   1  67   0   0   0
  10000 1531000| 25   0  75   0   0   0
  10000 1364000| 25   0  75   0   0   0
  11000 1348000| 25   0  73   2   0   0
8866B 1227000| 25   0  75   0   0   0
  11000 1214000| 25   0  75   0   0   0
9274B 1233000| 25   0  75   0   0   0
  15000 1356000| 25   0  75   0   0   0
  13000 1219000| 25   0  75   0   0   0
  11000 1392000| 25   0  74   1   0   0
  10000 1217000| 25   0  75   0   0   0
9000B 1146000| 25   0  75   0   0   0
8908B  993000| 25   0  75   0   0   0
9410B 1170000| 25   0  75   0   0   0
5630B  418000| 25   0  74   1   0   0
3954B  420000| 25   0  75   0   0   0
4158B  534000| 25   0  75   0   0   0
5012B  501000| 25   0  75   0   0   0
5786B  602000| 25   0  75   0   0   0
4110B  498000| 25   0  74   1   0   0
5111B  600000| 25   0  75   0   0   0
4384B  600000| 25   0  75   0   0   0
6818B  867000| 25   0  75   0   0   0
7200B  934000| 25   0  75   0   0   0
  10000 1534000| 25   0  74   1   0   0
  13000 2001000| 25   0  75   0   0   0
  18000 2507000| 25   0  75   0   0   0
  19000 1915000| 15   1  85   0   0   0
  14000 2202000|  0   1 100   0   0   0
  18000 2602000|  0   0  99   1   0   0
  16000 2802000|  0   0 100   0   0   0
  16000 1606000|  0   0 100   0   0   0
 460B   70B|  0   0 100   0   0   0
 769B    0|  0   0  98   2   0   0
