   0     0|  2   1  89   7   0   0
1250B  428B| 22  20  57   0   0   0
  12000   16000| 23  20  57   0   0   0
  43000   37000| 15  10  75   0   0   1
  53000   56000|  7   3  90   0   0   0
  35000   42000|  5   3  91   0   0   0
  18000   30000|  4   2  94   1   0   0
6141B  910B|  3   3  95   0   0   0
4974B  332B|  6   4  90   0   0   0
9501B  289000|  6   3  91   0   0   0
  38000 2207000|  5   3  92   0   0   0
  67000 4292000|  5   3  92   0   0   0
  82000 6238000|  5   3  92   1   0   0
  88000 6373000|  6   3  91   0   0   0
  73000 6025000|  5   4  91   0   0   0
  64000 6102000|  4   2  94   0   0   0
  51000 6966000|  5   3  92   0   0   0
  48000 6042000|  6   2  91   0   0   0
  39000 6207000|  5   3  91   1   0   0
  41000 6159000|  6   3  91   0   0   0
  38000 6674000|  5   2  93   0   0   0
  46000 5269000|  6   2  92   0   0   0
  34000 5291000|  6   2  92   0   0   0
  39000 5051000|  5   2  93   0   0   0
  30000 5458000|  5   3  91   1   0   0
  38000 5666000|  5   3  92   0   0   0
  33000 5113000|  4   2  93   0   0   0
  31000 5359000| 16  18  66   0   0   1
  64000 7227000| 16   7  76   0   0   0
 159000   16000000| 16   5  78   0   0   0
 537000   41000000| 17   9  72   1   0   2
 793000   56000000| 17  10  71   0   0   1
 801000   49000000| 17  10  72   0   0   1
 535000   47000000| 18   8  74   0   0   0
 447000   43000000| 14   8  78   0   0   0
 375000   38000000| 17   7  76   0   0   1
 262000   36000000| 15   8  77   1   0   0
 294000   35000000| 17   6  77   0   0   0
 236000   31000000| 15   6  79   0   0   0
 203000   28000000| 15   8  76   0   0   1
 210000   27000000| 15   7  77   0   0   0
 187000   27000000| 14   6  79   0   0   0
 170000   29000000| 15   8  76   1   0   0
 199000   29000000| 13   8  78   0   0   0
 197000   28000000| 15   8  77   0   0   0
 197000   27000000| 13   7  79   0   0   0
 171000   28000000| 14   7  78   0   0   0
 196000   30000000| 17   8  75   0   0   0
 225000   34000000| 14   9  76   1   0   0
 215000   33000000| 17   8  74   0   0   1
 242000   36000000| 15   8  76   0   0   0
 261000   38000000| 15   8  77   0   0   1
 253000   40000000| 15   8  76   0   0   1
 240000   43000000| 16   9  74   0   0   1
 301000   41000000| 14   8  77   1   0   0
 288000   41000000| 14   7  79   0   0   1
 258000   40000000| 15   9  76   0   0   0
 263000   45000000| 16   9  74   0   0   1
 298000   43000000| 16  10  73   0   0   1
 251000   43000000| 16   7  76   0   0   1
 267000   35000000| 14   8  77   1   0   0
 236000   32000000| 16   8  76   0   0   0
 196000   32000000| 15   8  77   0   0   0
 196000   30000000| 15   8  77   0   0   0
 219000   31000000| 15   7  78   0   0   0
 187000   32000000| 14   7  78   0   0   0
 194000   29000000| 16   9  74   1   0   0
 213000   31000000| 16   8  76   0   0   1
 194000   32000000| 14   7  79   0   0   0
 193000   29000000| 15   9  76   0   0   1
 203000   30000000| 16   7  76   0   0   0
 201000   29000000| 13  10  77   0   0   1
 171000   27000000| 14   7  77   1   0   0
 200000   30000000| 15   6  79   0   0   1
 189000   31000000| 17   9  75   0   0   0
 197000   30000000| 16   7  77   0   0   0
 215000   28000000| 16   7  76   0   0   1
 178000   27000000| 12   8  80   0   0   0
 171000   24000000| 15   8  76   0   0   1
 179000   23000000| 15   7  78   0   0   0
 155000   23000000| 16   8  76   0   0   0
 151000   22000000| 14   8  78   0   0   0
 159000   22000000| 17   7  76   0   0   0
 152000   23000000| 15   5  80   0   0   0
 146000   24000000| 16   7  76   1   0   0
 174000   27000000| 17   6  77   0   0   0
 187000   29000000| 14   8  77   0   0   0
 173000   31000000| 15   8  77   0   0   0
 223000   33000000| 14   8  78   0   0   0
 222000   37000000| 16   9  75   0   0   1
 234000   42000000| 15  10  74   1   0   0
 280000   44000000| 17   8  75   0   0   0
 292000   45000000| 16  14  70   0   0   1
 256000   48000000| 17  14  69   0   0   1
 313000   42000000| 15   8  77   0   0   1
 281000   40000000| 18   8  74   0   0   0
 242000   39000000| 14   8  77   1   0   1
 267000   32000000| 17  16  67   0   0   0
 211000   31000000| 16   8  76   0   0   0
 184000   33000000| 15   6  78   0   0   1
 219000   29000000| 16   7  77   0   0   0
 210000   28000000| 14  10  76   0   0   0
 178000   27000000| 14   9  75   1   0   1
 175000   25000000| 15   7  79   0   0   0
 184000   26000000| 15   8  77   0   0   0
 173000   28000000| 17   7  76   0   0   0
 179000   29000000| 15   7  78   0   0   0
 209000   29000000| 14   8  77   0   0   1
 197000   30000000| 15   9  75   1   0   1
 199000   28000000| 15   8  76   0   0   0
 195000   29000000| 16   7  77   0   0   0
 199000   31000000| 15   7  78   0   0   1
 190000   31000000| 16  12  72   0   0   1
 214000   28000000| 15   7  78   0   0   0
 197000   28000000| 14   7  78   1   0   0
 177000   30000000| 14   7  79   0   0   0
 191000   27000000| 16   8  76   0   0   0
 194000   29000000| 16  12  72   0   0   0
 174000   27000000| 15   7  77   0   0   1
 181000   27000000| 16   8  76   0   0   0
 181000   28000000| 13   9  77   1   0   0
 176000   31000000| 16   8  76   0   0   0
 185000   32000000| 16  10  73   0   0   1
 231000   33000000| 14   9  77   0   0   0
 185000   34000000| 15  10  74   0   0   1
 223000   36000000| 16   5  78   0   0   0
 255000   35000000| 16   7  77   1   0   0
 216000   32000000| 15   8  77   0   0   1
 203000   29000000| 16   6  78   0   0   0
 200000   29000000| 15  10  74   0   0   0
 198000   32000000| 14   8  78   0   0   1
 196000   29000000| 13   8  79   0   0   0
 215000   31000000| 14   7  78   1   0   0
 202000   31000000| 16   9  75   0   0   0
 198000   30000000| 16   8  76   0   0   0
 197000   27000000| 14  11  75   0   0   0
 185000   29000000| 17   9  74   0   0   0
 177000   28000000| 15   7  78   0   0   1
 198000   26000000| 14   7  78   1   0   0
 161000   26000000| 15   8  76   0   0   0
 162000   28000000| 15   7  77   0   0   1
 173000   26000000| 15   9  75   0   0   0
 186000   27000000| 15   8  76   0   0   0
 150000   26000000| 15   7  78   0   0   1
 178000   28000000| 16   9  75   1   0   0
 185000   28000000| 15   7  77   0   0   1
 176000   29000000| 15  13  71   0   0   0
 187000   24000000| 13   8  79   0   0   0
 183000   26000000| 15   7  77   0   0   0
 167000   27000000| 14   7  79   0   0   1
 169000   26000000| 14   7  78   1   0   0
 186000   26000000| 14   7  78   0   0   1
 152000   23000000| 15  10  75   0   0   1
 164000   24000000| 15   5  79   0   0   1
 164000   24000000| 15   6  79   0   0   0
 169000   25000000| 16   7  77   0   0   0
 183000   28000000| 16   8  75   1   0   0
 193000   29000000| 16   9  76   0   0   0
 214000   30000000| 14  15  70   0   0   1
 223000   28000000| 13  11  75   0   0   1
 210000   27000000| 16   7  77   0   0   0
 212000   28000000| 14   9  77   0   0   1
 189000   28000000| 14  10  75   1   0   0
 204000   29000000| 15   8  77   0   0   0
 198000   26000000| 15   7  78   0   0   1
 198000   27000000| 13   6  80   0   0   1
 197000   26000000| 15   6  78   0   0   1
 193000   27000000| 14   7  79   0   0   0
 168000   29000000| 16   9  74   1   0   1
 204000   31000000| 15   8  77   0   0   0
 225000   33000000| 14   9  77   0   0   1
 198000   34000000| 14   8  78   0   0   0
 210000   30000000| 14  19  66   0   0   1
 206000   31000000| 13   7  79   0   0   1
 218000   31000000| 15   8  76   1   0   0
 203000   30000000| 16   8  76   0   0   0
 192000   30000000| 16   8  76   0   0   0
 187000   29000000| 14   9  77   0   0   0
 191000   27000000| 15   9  76   0   0   1
 199000   26000000| 15   7  78   0   0   1
 189000   26000000| 14   7  77   1   0   1
 180000   28000000| 15   7  77   0   0   0
 198000   24000000| 14   8  78   0   0   0
 164000   27000000| 15  12  73   0   0   0
 177000   23000000| 17   7  75   0   0   1
 180000   25000000| 16   8  77   0   0   0
 158000   25000000| 14   8  77   1   0   0
 176000   25000000| 17   8  75   0   0   0
 170000   27000000| 15   7  78   0   0   0
 170000   27000000| 14   9  77   0   0   0
 170000   25000000| 12   7  80   0   0   1
 182000   26000000| 16   7  77   0   0   0
 160000   25000000| 15   7  77   1   0   0
 162000   24000000| 17   6  77   0   0   0
 185000   24000000| 16  10  74   0   0   1
 155000   25000000| 15   7  78   0   0   0
 160000   24000000| 14   7  78   0   0   1
 164000   25000000| 15   9  76   0   0   0
 162000   26000000| 17   5  77   1   0   0
 172000   25000000| 14  13  71   0   0   1
 186000   25000000| 16   8  76   0   0   0
 158000   28000000| 16   9  74   0   0   1
 201000   28000000| 15   8  77   0   0   0
 184000   25000000| 16   6  78   0   0   0
 169000   28000000| 15   6  78   1   0   1
 183000   24000000| 15   8  78   0   0   0
 166000   24000000| 15  10  75   0   0   1
 155000   25000000| 18   6  76   0   0   0
 165000   24000000| 15  10  75   0   0   0
 176000   24000000| 16   7  76   0   0   1
 169000   26000000| 18   7  75   1   0   0
 171000   26000000| 13   7  79   0   0   0
 190000   26000000| 14   8  78   0   0   0
 156000   26000000| 16  10  74   0   0   0
 184000   25000000| 15   7  77   0   0   0
 190000   26000000| 15   7  78   0   0   1
 155000   24000000| 15   7  77   1   0   0
 171000   25000000| 13   7  79   0   0   0
 168000   23000000| 15   6  79   0   0   0
 155000   24000000| 16  14  70   0   0   0
 163000   23000000| 15   8  77   0   0   0
 168000   24000000| 16   7  78   0   0   0
 143000   23000000| 15   7  76   1   0   1
 183000   25000000| 14   7  79   0   0   0
 180000   26000000| 16   6  78   0   0   0
 170000   24000000| 16  10  74   0   0   1
 179000   26000000| 16   7  77   0   0   0
 178000   26000000| 13   8  78   0   0   1
 160000   23000000| 14   5  80   1   0   0
 176000   23000000| 15   7  78   0   0   0
 173000   26000000| 15  13  71   0   0   1
 167000   26000000| 13   7  79   0   0   0
 177000   25000000| 16   6  77   0   0   0
 183000   28000000| 15   6  79   0   0   1
 189000   27000000| 15   7  77   1   0   0
 169000   26000000| 14  10  76   0   0   1
 191000   26000000| 15   8  77   0   0   0
 165000   27000000| 16   8  76   0   0   0
 183000   26000000| 15   8  76   0   0   1
 183000   26000000| 15   8  78   0   0   0
 186000   27000000| 13   8  77   1   0   1
 168000   26000000| 14  12  73   0   0   1
 199000   25000000| 16   9  75   0   0   0
 170000   25000000| 14   7  78   0   0   1
 164000   23000000| 13   7  80   0   0   0
 164000   22000000| 14   8  78   0   0   0
 152000   23000000| 14   8  77   1   0   0
 149000   22000000| 16  10  74   0   0   1
 168000   24000000| 14   8  77   0   0   0
 165000   24000000| 16   8  76   0   0   1
 152000   21000000| 16   7  77   0   0   0
 180000   25000000| 16   8  76   0   0   0
 164000   24000000| 15   7  77   1   0   1
 163000   23000000| 16  10  73   0   0   1
 180000   22000000| 15   6  78   0   0   0
 167000   23000000| 14   8  78   0   0   0
 153000   22000000| 13   7  80   0   0   0
 167000   23000000| 16   6  77   0   0   1
 150000   21000000| 14   7  78   1   0   0
 136000   21000000| 15   8  77   0   0   1
 149000   20000000| 14   9  76   0   0   1
 142000   22000000| 15   7  78   0   0   0
 144000   20000000| 15   7  77   0   0   0
 157000   21000000| 15   7  79   0   0   0
 149000   21000000| 15   6  78   1   0   0
 140000   22000000| 16   7  76   0   0   0
 177000   22000000| 14  10  74   0   0   1
 165000   23000000| 16   8  76   0   0   0
 178000   24000000| 15   7  78   0   0   1
 174000   24000000| 14   8  78   0   0   0
 175000   23000000| 13   8  78   1   0   1
 179000   23000000| 15   6  79   0   0   0
 167000   22000000| 15   8  77   0   0   0
 165000   22000000| 15   7  77   0   0   0
 158000   22000000| 14   8  78   0   0   0
 158000   23000000| 15   8  77   0   0   1
 165000   23000000| 15   8  76   1   0   0
 175000   22000000| 14   7  78   0   0   0
 165000   21000000| 16   8  76   0   0   0
 163000   21000000| 15   8  77   0   0   0
 133000   21000000| 17   6  77   0   0   0
 146000   23000000| 14   7  78   0   0   1
 174000   23000000| 15   6  78   1   0   0
 167000   21000000| 16   5  79   0   0   1
 152000   21000000| 15   9  76   0   0   0
 157000   21000000| 16   7  78   0   0   0
 149000   23000000| 15   7  77   0   0   0
 178000   23000000| 14   7  79   0   0   1
 152000   22000000| 13   6  80   1   0   0
 169000   21000000| 16   8  76   0   0   0
 145000   21000000| 13   7  79   0   0   0
 151000   21000000| 16   8  77   0   0   0
 139000   19000000| 15   7  78   0   0   0
 150000   20000000| 14   7  78   0   0   1
 131000   20000000| 13   8  78   1   0   0
 159000   20000000| 12   5  82   0   0   0
 142000   22000000| 15   4  81   0   0   0
 163000   22000000| 15   7  78   0   0   0
 161000   22000000| 13   9  77   0   0   1
 160000   23000000| 15   6  79   0   0   0
 178000   22000000| 12   8  79   1   0   0
 141000   23000000| 15   7  78   0   0   0
 172000   22000000| 13   8  79   0   0   0
 154000   25000000| 13   7  80   0   0   0
 188000   27000000| 15  12  73   0   0   1
 186000   25000000| 14   7  78   0   0   0
 161000   25000000| 14   8  77   1   0   0
 182000   25000000| 14   7  80   0   0   0
 176000   27000000| 14   6  79   0   0   1
 187000   26000000| 15   6  78   0   0   0
 167000   25000000| 15  13  71   0   0   1
 177000   27000000| 16   7  76   0   0   1
 194000   26000000| 14   8  78   1   0   0
 171000   26000000| 15   9  76   0   0   1
 176000   22000000| 15   6  78   0   0   1
 168000   21000000| 17   5  77   0   0   1
 150000   20000000| 16  10  75   0   0   0
 148000   20000000| 15   7  78   0   0   0
 127000   18000000| 14   6  79   1   0   1
 144000   20000000| 14   7  79   0   0   0
 155000   19000000| 16   5  78   0   0   0
 135000   19000000| 14   9  77   0   0   0
 147000   22000000| 17  12  71   0   0   1
 158000   22000000| 14   7  78   0   0   0
 170000   22000000| 13   8  78   1   0   1
 152000   21000000| 13   9  77   0   0   1
 163000   22000000| 15   6  79   0   0   0
 145000   23000000| 15   8  76   0   0   0
 174000   24000000| 15   6  79   0   0   0
 167000   24000000| 15  15  69   0   0   1
 171000   25000000| 15   9  76   1   0   0
 174000   27000000| 15   8  77   0   0   0
 188000   28000000| 16   7  77   0   0   0
 185000   28000000| 15   7  77   0   0   1
 207000   28000000| 16  11  72   0   0   0
 175000   28000000| 13   9  78   0   0   0
 181000   30000000| 15   7  77   1   0   0
 202000   27000000| 16   6  78   0   0   0
 174000   28000000| 15   8  77   0   0   0
 192000   29000000| 16  16  67   0   0   1
 184000   27000000| 14   8  77   0   0   0
 202000   26000000| 14   8  78   0   0   0
 171000   27000000| 17   8  75   1   0   0
 179000   25000000| 14   8  78   0   0   0
 187000   23000000| 15   7  78   0   0   0
 173000   24000000| 15   8  78   0   0   0
 157000   23000000| 15  10  75   0   0   1
 166000   24000000| 16   7  77   0   0   0
 184000   23000000| 14   9  76   1   0   0
 150000   24000000| 14   8  78   0   0   1
 166000   24000000| 16   7  77   0   0   0
 172000   26000000| 15   8  78   0   0   0
 179000   27000000| 15  10  75   0   0   1
 199000   27000000| 17   8  74   0   0   0
 169000   29000000| 17   8  74   1   0   1
 203000   28000000| 16   8  76   0   0   0
 194000   27000000| 14   7  78   0   0   0
 161000   26000000| 15   9  76   0   0   0
 184000   26000000| 16   7  78   0   0   0
 165000   25000000| 15   8  77   0   0   0
 160000   27000000| 15   7  76   1   0   1
 195000   25000000| 14   8  78   0   0   0
 178000   27000000| 17   6  77   0   0   0
 173000   26000000| 16  14  70   0   0   0
 199000   26000000| 15   8  77   0   0   0
 177000   27000000| 14   8  77   0   0   1
 174000   28000000| 14  11  74   1   0   0
 205000   28000000| 15   6  78   0   0   0
 193000   28000000| 15   8  77   0   0   0
 164000   26000000| 16   9  75   0   0   1
 185000   25000000| 14   7  78   0   0   0
 179000   24000000| 14   6  80   0   0   0
 155000   23000000| 14   8  77   1   0   0
 169000   22000000| 15   6  79   0   0   0
 153000   21000000| 15  10  75   0   0   0
 141000   23000000| 13   9  77   0   0   1
 164000   23000000| 17   8  75   0   0   1
 164000   24000000| 15   7  78   0   0   0
 158000   24000000| 14   7  78   1   0   0
 175000   26000000| 14   6  80   0   0   0
 188000   25000000| 15   6  78   0   0   0
 159000   25000000| 16   7  78   0   0   0
 183000   26000000| 15   9  76   0   0   0
 170000   26000000| 16   8  76   0   0   0
 175000   25000000| 16   8  74   1   0   0
 176000   26000000| 14   9  77   0   0   0
 176000   29000000| 16   8  76   0   0   0
 193000   27000000| 18   8  74   0   0   0
 193000   27000000| 15   8  77   0   0   1
 164000   26000000| 16   7  76   0   0   0
 172000   28000000| 15   9  74   1   0   1
 207000   28000000| 14   8  77   0   0   0
 186000   27000000| 17   8  74   0   0   1
 175000   28000000| 16   8  76   0   0   0
 206000   32000000| 17   8  75   0   0   0
 210000   33000000| 16   7  76   0   0   1
 208000   36000000| 16   6  77   1   0   0
 243000   37000000| 15   9  76   0   0   1
 245000   40000000| 15   8  76   0   0   1
 236000   40000000| 15   7  77   0   0   1
 280000   35000000| 16   8  75   0   0   0
 247000   34000000| 14   8  78   0   0   0
 196000   31000000| 16   8  75   1   0   0
 217000   29000000| 16  13  71   0   0   0
 189000   29000000| 14   9  77   0   0   0
 193000   29000000| 16   7  77   0   0   0
 200000   27000000| 16  10  74   0   0   0
 177000   27000000| 15   7  77   0   0   1
 169000   28000000| 13   7  78   1   0   1
 190000   25000000| 14   7  79   0   0   0
 172000   26000000| 14   7  79   0   0   0
 192000   25000000| 16   8  76   0   0   0
 174000   21000000| 13   7  79   0   0   1
 165000   23000000| 13   8  79   0   0   0
 146000   23000000| 16   6  77   1   0   0
 170000   23000000| 15   8  77   0   0   0
 168000   25000000| 15   7  77   0   0   0
 161000   25000000| 15   6  79   0   0   0
 164000   24000000| 14   7  78   0   0   1
 188000   25000000| 14   7  78   0   0   0
 150000   26000000| 16   8  75   1   0   0
 194000   27000000| 16   9  74   0   0   1
 191000   28000000| 16   7  77   0   0   0
 189000   29000000| 16   7  77   0   0   1
 177000   27000000| 16   8  76   0   0   0
 196000   28000000| 14   6  79   0   0   0
 176000   29000000| 13  11  75   1   0   0
 191000   31000000| 15   7  78   0   0   0
 228000   29000000| 15   7  79   0   0   0
 177000   28000000| 15   7  78   0   0   1
 181000   28000000| 16   8  75   0   0   1
 211000   28000000| 14   9  76   1   0   0
 173000   26000000| 16   7  77   0   0   0
 169000   23000000| 13   7  79   0   0   0
 171000   23000000| 17   6  77   0   0   0
 139000   22000000| 16   7  76   0   0   0
 158000   23000000| 17   9  74   0   0   0
 177000   23000000| 16   8  74   1   0   1
 140000   22000000| 14   7  79   0   0   0
 160000   22000000| 14   6  79   0   0   1
 160000   22000000| 13   9  78   0   0   0
 153000   23000000| 14   7  79   0   0   0
 150000   23000000| 14  10  76   0   0   1
 162000   23000000| 15  12  72   1   0   0
 153000   25000000| 18   7  75   0   0   0
 175000   28000000| 16   7  77   0   0   0
 200000   28000000| 14   7  78   0   0   1
 189000   29000000| 14   8  78   0   0   0
 180000   30000000| 17   6  77   0   0   0
 215000   30000000| 14  11  74   1   0   0
 183000   30000000| 15   9  75   0   0   1
 191000   29000000| 14   8  78   0   0   0
 219000   30000000| 16   7  77   0   0   0
 183000   29000000| 15   7  78   0   0   0
 182000   26000000| 13   8  79   0   0   0
 194000   27000000| 15   8  77   1   0   0
 170000   26000000| 15   7  78   0   0   0
 178000   24000000| 16  10  74   0   0   0
 173000   24000000| 16   9  75   0   0   0
 169000   25000000| 14   7  79   0   0   0
 174000   25000000| 14   6  80   0   0   0
 170000   25000000| 15   8  76   1   0   0
 191000   26000000| 15   7  78   0   0   0
 204000   27000000| 16  12  72   0   0   1
 178000   28000000| 16   8  76   0   0   0
 201000   28000000| 16   8  76   0   0   0
 180000   28000000| 14   7  78   0   0   0
 194000   26000000| 15   6  78   1   0   1
 165000   26000000| 16   9  74   0   0   0
 191000   21000000| 15   9  76   0   0   0
 159000   22000000| 14   8  78   0   0   0
 148000   23000000| 15   6  79   0   0   0
 181000   24000000| 15   7  78   0   0   0
 173000   25000000| 16   6  77   1   0   0
 181000   23000000| 17   9  74   0   0   0
 150000   26000000| 16   8  77   0   0   0
 185000   22000000| 15   6  79   0   0   0
 163000   23000000| 14   7  78   0   0   0
 157000   24000000| 17   7  76   0   0   0
 176000   24000000| 14   8  77   1   0   1
 167000   25000000| 16  10  74   0   0   0
 187000   25000000| 14   6  80   0   0   0
 168000   27000000| 15   8  76   0   0   0
 200000   28000000| 15   8  77   0   0   0
 193000   28000000| 14   9  76   0   0   1
 200000   30000000| 15   8  77   1   0   0
 186000   32000000| 14   7  79   0   0   1
 249000   36000000| 16   8  75   0   0   1
 265000   39000000| 16  11  72   0   0   0
 267000   46000000| 15   9  76   0   0   1
 293000   44000000| 15  10  74   1   0   1
 286000   49000000| 17  13  70   0   0   1
 323000   45000000| 14  11  74   0   0   1
 304000   45000000| 16   8  75   0   0   0
 287000   48000000| 15  10  74   0   0   1
 287000   44000000| 15   8  77   0   0   0
 275000   49000000| 17   9  72   1   0   1
 326000   46000000| 17   9  74   0   0   0
 279000   49000000| 16   9  75   0   0   1
 315000   53000000| 17  10  73   0   0   0
 328000   48000000| 16   8  76   0   0   0
 265000   48000000| 15   9  75   0   0   0
 322000   45000000| 15  20  63   1   0   1
 245000   39000000| 17   8  74   0   0   1
 277000   37000000| 15   8  76   0   0   0
 232000   41000000| 15  12  73   0   0   0
 278000   34000000| 15   7  78   0   0   1
 202000   33000000| 16  10  73   0   0   1
 221000   30000000| 15   7  76   1   0   0
 179000   29000000| 15   8  76   0   0   0
 204000   29000000| 14   6  80   0   0   0
 170000   29000000| 15   7  78   0   0   0
 201000   26000000| 16   8  76   0   0   0
 187000   25000000| 15   8  77   0   0   1
 179000   23000000| 15   8  76   1   0   0
 171000   24000000| 16  12  72   0   0   0
 163000   26000000| 15   8  76   0   0   0
 175000   28000000| 15   8  77   0   0   0
 190000   27000000| 12   8  80   0   0   0
 191000   28000000| 15   9  76   0   0   1
 199000   26000000| 16   6  77   1   0   1
 196000   26000000| 14  10  76   0   0   1
 210000   28000000| 15   8  77   0   0   0
 193000   29000000| 14   6  80   0   0   0
 222000   29000000| 16   8  76   0   0   0
 172000   29000000| 15  11  74   0   0   1
 194000   32000000| 17   9  73   1   0   0
 206000   28000000| 15   6  79   0   0   0
 185000   28000000| 15   5  79   0   0   0
 180000   27000000| 14   9  77   0   0   0
 183000   29000000| 14   7  79   0   0   1
 175000   27000000| 13   8  78   0   0   0
 184000   30000000| 15  10  74   1   0   1
 214000   29000000| 16   7  77   0   0   1
 193000   29000000| 15   8  77   0   0   1
 209000   29000000| 16  14  70   0   0   1
 203000   28000000| 15   8  76   0   0   1
 188000   28000000| 13   7  80   0   0   1
 207000   28000000| 16   6  77   1   0   0
 169000   28000000| 15   8  77   0   0   0
 172000   30000000| 15   7  77   0   0   1
 212000   34000000| 16   8  76   0   0   0
 235000   35000000| 16  10  74   0   0   0
 236000   37000000| 14   9  76   0   0   1
 224000   41000000| 14   9  76   1   0   1
 307000   38000000| 13  10  78   0   0   0
 260000   32000000| 16  10  73   0   0   1
 235000   36000000| 16  11  74   0   0   0
 234000   33000000| 15   7  77   0   0   0
 252000   33000000| 15   7  78   0   0   0
 227000   30000000| 16   8  75   1   0   0
 205000   29000000| 14   7  78   0   0   0
 193000   28000000| 16   7  77   0   0   0
 164000   31000000| 16   6  78   0   0   0
 196000   28000000| 17   6  77   0   0   0
 194000   27000000| 14   7  79   0   0   0
 198000   27000000| 15   8  76   1   0   0
 210000   26000000| 15   9  76   0   0   1
 188000   27000000| 14   9  76   0   0   0
 175000   28000000| 16   7  77   0   0   0
 174000   29000000| 16   7  77   0   0   1
 203000   28000000| 17   6  77   0   0   0
 180000   30000000| 15  17  68   1   0   1
 180000   29000000| 17   7  76   0   0   1
 195000   28000000| 14   8  78   0   0   0
 183000   31000000| 16   7  78   0   0   0
 196000   29000000| 14   7  78   0   0   1
 208000   30000000| 14   6  80   0   0   0
 201000   33000000| 16   9  74   1   0   1
 194000   30000000| 16   8  76   0   0   0
 209000   29000000| 15   6  78   0   0   1
 192000   29000000| 16   6  77   0   0   0
 179000   27000000| 15   8  77   0   0   0
 195000   28000000| 16  11  73   0   0   0
 187000   29000000| 15   9  75   1   0   1
 180000   28000000| 16   7  76   0   0   1
 194000   27000000| 13   7  79   0   0   1
 184000   28000000| 16   7  76   0   0   0
 166000   27000000| 15   8  77   0   0   0
 187000   28000000| 16  12  72   0   0   1
 175000   28000000| 15  10  74   1   0   0
 175000   28000000| 16   7  77   0   0   0
 186000   26000000| 16   7  78   0   0   0
 179000   29000000| 15   8  76   0   0   0
 173000   28000000| 15  10  75   0   0   0
 210000   31000000| 16   7  76   0   0   1
 209000   29000000| 12   9  77   1   0   0
 184000   28000000| 14   9  76   0   0   0
 182000   29000000| 16   8  75   0   0   1
 214000   28000000| 16   7  77   0   0   0
 176000   28000000| 16   8  75   0   0   0
 176000   29000000| 16   7  78   0   0   0
 198000   29000000| 16  14  70   1   0   1
 182000   30000000| 15   8  76   0   0   0
 182000   29000000| 14  17  68   0   0   1
 214000   29000000| 14   8  78   0   0   0
 186000   30000000| 15   7  78   0   0   0
 191000   30000000| 15   9  76   0   0   1
 206000   28000000| 16   7  76   1   0   0
 174000   27000000| 15   8  77   0   0   0
 174000   27000000| 15   9  75   0   0   0
 193000   27000000| 15   8  77   0   0   0
 168000   26000000| 15   9  76   0   0   0
 168000   25000000| 17   7  76   0   0   0
 188000   24000000| 16   8  76   1   0   0
 161000   27000000| 15   8  77   0   0   0
 173000   28000000| 15  11  73   0   0   1
 197000   29000000| 15   8  77   0   0   0
 184000   29000000| 16   9  74   0   0   1
 190000   32000000| 15   7  77   0   0   1
 218000   31000000| 14   8  77   1   0   0
 207000   32000000| 18   8  74   0   0   0
 199000   30000000| 16   7  77   0   0   0
 198000   27000000| 15   9  76   0   0   0
 178000   29000000| 16  14  69   0   0   1
 175000   30000000| 14   8  78   0   0   0
 191000   28000000| 16   8  75   1   0   0
 188000   28000000| 14  13  72   0   0   1
 163000   29000000| 14   8  78   0   0   0
 203000   28000000| 15   6  79   0   0   0
 180000   29000000| 15   9  76   0   0   0
 176000   30000000| 12   9  78   0   0   0
 187000   29000000| 15   7  77   1   0   0
 207000   29000000| 16   8  76   0   0   0
 163000   29000000| 14   6  79   0   0   1
 202000   28000000| 16   8  76   0   0   0
 182000   28000000| 13   7  80   0   0   0
 183000   29000000| 17   7  76   0   0   0
 197000   25000000| 15   7  77   1   0   0
 179000   26000000| 16  17  67   0   0   1
 164000   28000000| 15   9  76   0   0   0
 192000   29000000| 14   8  78   0   0   0
 201000   31000000| 14   7  78   0   0   0
 189000   32000000| 18   6  75   0   0   1
 214000   29000000| 15   7  77   1   0   1
 201000   29000000| 17   9  73   0   0   1
 169000   28000000| 14   8  78   0   0   1
 187000   30000000| 14  10  76   0   0   0
 192000   31000000| 15   8  77   0   0   0
 193000   32000000| 14   6  79   0   0   0
 189000   30000000| 16   8  76   1   0   0
 214000   31000000| 15   9  76   0   0   0
 194000   29000000| 15   8  76   0   0   1
 187000   27000000| 15   8  77   0   0   0
 199000   26000000| 16   7  78   0   0   0
 164000   27000000| 13   8  78   0   0   0
 169000   27000000| 13   8  78   1   0   0
 194000   26000000| 15   8  77   0   0   0
 165000   27000000| 14   7  79   0   0   0
 178000   26000000| 14   7  78   0   0   1
 176000   24000000| 30  10  58   2   0   1
 161000   25000000| 44   9  47   0   0   1
 161000   26000000| 42   9  47   1   0   1
 173000   25000000| 43  12  44   0   0   1
 165000   27000000| 42  12  45   0   0   1
 168000   25000000| 41  11  47   0   0   1
 162000   27000000| 42  11  46   0   0   1
 190000   27000000| 42  10  47   0   0   1
 179000   27000000| 42  14  42   1   0   1
 175000   28000000| 43  20  35   0   0   3
 209000   28000000| 44  10  45   0   0   1
 170000   28000000| 44  10  44   0   0   2
 223000   28000000| 42   8  49   0   0   2
 186000   27000000| 43   9  46   0   0   1
 192000   28000000| 43  15  41   1   0   1
 191000   29000000| 44  10  45   0   0   1
 172000   29000000| 43  10  46   0   0   1
 211000   30000000| 41   9  48   0   0   2
 199000   32000000| 41   9  48   0   0   1
 199000   32000000| 43  10  46   0   0   1
 234000   32000000| 44  10  44   1   0   1
 201000   35000000| 41  23  30   4   0   2
 241000   33000000| 41  18   0  41   0   1
 338000   33000000| 40  23   1  35   0   2
 608000   27000000| 43  10   0  45   0   2
 954000   30000000| 44  10   0  45   0   1
 901000   27000000| 44   9   2  45   0   1
1012000   31000000| 41  11  16  30   0   2
 908000   29000000| 44  10   7  37   0   2
 952000   31000000| 43   8   0  47   0   1
 996000   28000000| 43   9   0  47   0   2
 989000   29000000| 44   9   0  46   0   1
1296000   30000000| 57  10   0  31   0   2
 858000   33000000| 69  13   0  15   0   2
1062000   34000000| 76  11   0  10   0   3
 625000   33000000| 80  12   0   4   0   4
2135000   36000000| 79  14   0   4   0   3
3749000   35000000| 80  12   0   3   0   5
4139000   33000000| 80  13   0   3   0   4
6045000   32000000| 75  14   0   6   0   5
6267000   34000000| 64  16   0  17   0   4
8442000   29000000| 68  13   0  16   0   2
 359000   30000000| 72  12   0  14   0   2
 338000   31000000| 70  14   0  13   0   3
 573000   28000000| 68  12   0  17   0   3
1499000   29000000| 68  12   8   9   0   3
 286000   27000000| 71  13   0  15   0   2
 181000   29000000| 72   9   1  16   0   2
 222000   29000000| 67  11   3  17   0   2
 199000   25000000| 67  12   0  19   0   2
 171000   25000000| 69  12   5  12   0   3
 196000   29000000| 70   9  18   2   0   1
 184000   32000000| 66  11  21   0   0   1
 218000   28000000| 68   9  21   0   0   2
 195000   30000000| 67   6  25   0   0   2
 209000   28000000| 56   9  33   0   0   2
 175000   31000000| 67  13  18   1   0   2
 201000   26000000| 69  13  16   0   0   3
 170000   30000000| 72  10  16   0   0   2
 200000   29000000| 70  16  13   0   0   2
 174000   31000000| 70  10  17   0   0   3
 198000   27000000| 79  11   7   0   0   3
 179000   27000000| 84  11   3   0   0   3
 165000   27000000| 77  11   9   0   0   3
   0     0| 69  11  17   0   0   3
   0     0| 70  12  15   0   0   3
   0     0| 71  11  15   0   0   3
   0     0| 69  15  10   4   0   2
   0     0| 73  11   2  11   0   2
   0     0| 82  12   0   3   0   3
   0     0| 83  14   0   0   0   4
   0     0| 85  12   0   0   0   3
   0     0| 83  13   0   0   0   4
   0     0| 83  13   0   0   0   4
   0     0| 85  11   0   0   0   4
   0     0| 83  14   0   0   0   4
   0     0| 84  12   0   0   0   3
2688000  407000000| 80  11   6   0   0   3
 211000   32000000| 79  11   8   0   0   3
 182000   29000000| 82  10   6   0   0   3
 181000   25000000| 74  11  12   0   0   3
 179000   27000000| 70  12  16   0   0   3
 160000   25000000| 69  12  17   0   0   2
 168000   25000000| 67  11  20   0   0   1
 172000   26000000| 67   9  22   0   0   2
 159000   27000000| 64   9  24   1   0   2
 171000   26000000| 63  10  26   0   0   1
 174000   25000000| 40   9  50   0   0   1
 159000   27000000| 69  10  18   0   0   3
 170000   25000000| 70  11  18   0   0   2
 174000   25000000| 69  12  17   0   0   2
 159000   28000000| 68  13  17   1   0   2
 188000   28000000| 68   8  20   0   0   3
 192000   29000000| 80  10   7   0   0   3
 182000   32000000| 82  12   3   0   0   4
 210000   30000000| 86  11   0   0   0   4
 211000   31000000| 86  11   0   0   0   3
 185000   31000000| 85  12   0   0   0   3
 191000   30000000| 86  11   0   0   0   4
 200000   28000000| 86  12   0   0   0   2
 151000   25000000| 83   9   5   0   0   3
 174000   24000000| 80   9   8   0   0   3
 162000   25000000| 83  11   2   0   0   3
 142000   24000000| 86  10   0   0   0   3
 166000   25000000| 86  10   0   0   0   4
 167000   27000000| 87   8   0   0   0   4
 160000   27000000| 85  12   0   0   0   3
 198000   27000000| 81  11   5   0   0   2
 171000   27000000| 81   9   8   0   0   2
 168000   27000000| 83   6   9   0   0   3
 169000   28000000| 62   7  28   0   0   2
 165000   27000000| 36   6  57   0   0   1
 189000   27000000| 64   9  25   0   0   2
 167000   27000000| 85  12   0   0   0   3
 164000   28000000| 88   9   0   0   0   4
 200000   26000000| 87  10   0   0   0   3
 158000   25000000| 88   8   0   0   0   4
 165000   25000000| 86  10   0   0   0   3
 180000   25000000| 89   8   0   0   0   3
 159000   25000000| 90   8   0   0   0   3
 155000   25000000| 89   8   0   0   0   4
 181000   23000000| 88   9   0   0   0   3
 147000   22000000| 87   9   0   0   0   4
 142000   23000000| 89   8   0   0   0   3
 170000   26000000| 89   8   0   0   0   4
 167000   26000000| 86  11   0   0   0   3
 154000   25000000| 88   8   0   0   0   4
 170000   26000000| 87   9   0   0   0   4
 174000   31000000| 87  10   0   0   0   3
 192000   29000000| 88   9   0   0   0   4
 195000   33000000| 87   9   0   0   0   4
 206000   34000000| 89   8   0   0   0   3
 196000   35000000| 86  11   0   0   0   3
 243000   36000000| 87  10   0   0   0   3
 207000   39000000| 85  12   0   0   0   4
 224000   43000000| 85  11   0   0   0   4
 278000   40000000| 87   8   0   0   0   5
 254000   36000000| 87   9   0   0   0   4
 203000   30000000| 89   7   0   0   0   4
 207000   28000000| 89   8   0   0   0   3
 165000   24000000| 88   9   0   0   0   3
 142000   21000000| 90   8   0   0   0   3
 151000   21000000| 92   6   0   0   0   2
 129000   19000000| 88   9   0   0   0   3
 129000   19000000| 89   8   0   0   0   4
 144000   20000000| 91   7   0   0   0   2
 135000   20000000| 92   6   0   0   0   3
 126000   19000000| 92   6   0   0   0   3
 128000   16000000| 90   7   0   0   0   3
 102000   16000000| 92   6   0   0   0   2
 112000   18000000| 78   7  12   0   0   3
 137000   19000000| 93   4   0   0   0   3
 122000   19000000| 89   8   0   0   0   2
 122000   19000000| 78   7  14   0   0   2
 142000   21000000| 89   5   3   0   0   3
 143000   22000000| 79   9  10   0   0   3
 139000   21000000| 80   6  13   0   0   2
 137000   21000000| 79   7  12   0   0   2
 149000   23000000| 80   4  13   0   0   2
 129000   18000000| 79   3  16   0   0   2
 145000   19000000| 82   7   9   1   0   2
 106000   17000000| 91   6   0   0   0   4
 122000   17000000| 92   6   0   0   0   2
 113000   17000000| 92   6   0   0   0   3
 115000   17000000| 93   5   0   0   0   3
 111000   16000000| 92   5   0   0   0   3
 113000   16000000| 84   7   7   0   0   2
 108000   17000000| 82   4  13   0   0   2
 114000   16000000| 78   6  13   0   0   3
 117000   17000000| 92   6   0   0   0   2
 109000   18000000| 91   7   0   0   0   3
 111000   17000000| 93   4   0   0   0   3
 112000   16000000| 90   7   0   0   0   4
 106000   18000000| 91   6   0   0   0   3
 128000   19000000| 93   4   0   0   0   3
 133000   19000000| 91   7   0   0   0   3
 110000   19000000| 92   5   0   0   0   3
 137000   19000000| 94   3   0   0   0   4
 109000   15000000| 94   4   0   0   0   2
 110000   17000000| 93   4   0   0   0   4
 119000   15000000| 93   5   0   0   0   2
  78000   13000000| 93   4   0   0   0   3
 108000   16000000| 93   4   0   0   0   2
 112000   13000000| 93   5   0   0   0   2
  85000   13000000| 94   3   0   0   0   3
  97000   13000000| 94   4   0   0   0   2
  86000   12000000| 94   3   0   0   0   3
  84000   13000000| 95   3   0   0   0   2
  86000   13000000| 94   5   0   0   0   2
  77000   13000000| 78   4  15   1   0   2
  91000   13000000| 77   3  18   0   0   2
  90000   14000000| 77   4  17   0   0   2
  99000   13000000| 87   3   8   0   0   2
  80000   10000000| 94   2   2   0   0   2
  67000   12000000| 74   4  21   0   0   2
  82000   12000000| 78   3  18   0   0   2
  83000   12000000| 80   4  14   0   0   2
  83000   10000000| 75   3  21   0   0   1
  64000 7480000| 94   3   2   0   0   2
  53000 6744000| 96   3   0   0   0   1
  57000 6942000| 97   2   0   0   0   2
  51000 7168000| 97   2   0   0   0   2
  56000 7034000| 98   1   0   0   0   1
  45000 6600000| 98   0   0   0   0   2
  37000 5658000| 98   1   0   0   0   1
  44000 5835000| 98   1   0   0   0   1
  40000 6297000| 98   1   0   0   0   2
  46000 6176000| 98   1   0   0   0   1
  47000 6364000| 98   1   0   0   0   1
  38000 4785000| 98   1   0   0   0   1
  37000 5808000| 95   3   2   0   0   1
  40000 6350000| 61   3  35   0   0   1
  49000 7131000| 50   1  48   0   0   0
  44000 6432000| 27   2  70   2   0   0
  40000 5953000| 25   1  74   0   0   0
  38000 6849000| 25   0  74   0   0   0
  51000 7689000| 11   1  88   0   0   0
  50000 7487000|  0   0 100   0   0   0
  47000 5548000|  1   0  97   2   0   0
  33000 5128000|  0   1  99   0   0   0
  28000 4165000| 21   0  79   0   0   0
  27000 4790000| 25   0  75   0   0   0
  35000 4503000| 25   0  75   0   0   0
  21000 2792000| 25   0  75   0   0   0
  22000 3473000| 25   0  74   1   0   0
  24000 2769000| 25   0  75   0   0   0
  22000 2467000| 25   0  75   0   0   0
  17000 2258000| 25   0  75   0   0   0
  18000 2065000| 25   0  75   0   0   0
  14000 2092000| 25   0  75   0   0   0
  14000 1637000| 25   0  74   1   0   0
  12000 1703000| 25   0  75   0   0   0
  11000 1565000| 25   0  75   0   0   0
  11000 1100000| 25   0  75   0   0   0
9518B 1180000| 25   0  75   0   0   0
  11000 1143000| 25   0  75   0   0   0
7388B 1001000| 25   0  74   2   0   0
8115B 1098000| 25   0  75   0   0   0
7351B 1110000| 25   0  75   0   0   0
8346B  760000| 25   0  75   0   0   0
6788B  907000| 25   0  75   0   0   0
5887B  568000| 25   0  72   3   0   0
5576B  747000| 25   0  75   0   0   0
  11000  769000| 25   0  75   0   0   0
5702B  811000| 25   0  75   0   0   0
6641B  830000| 25   0  75   0   0   0
5290B  802000| 25   0  74   2   0   0
7093B  826000| 25   0  75   0   0   0
6258B  867000| 25   0  75   0   0   0
7818B 1067000| 25   0  75   0   0   0
9370B 1201000| 25   0  75   0   0   0
9703B 1468000| 18   1  81   1   0   0
  13000 2002000|  0   0 100   0   0   0
  15000 1560000|  0   0 100   0   0   0
  11000 1734000|  0   0 100   0   0   0
  18000 1955000|  0   0 100   0   0   0
  11000 1115000|  0   0  99   1   0   0
8566B  891000|  0   0 100   1   0   0
4620B  140000|  0   0 100   0   0   0
 481B    0|  0   0 100   0   0   0
