   0     0|  2   1  92   5   0   0
3835000   50000|  9  10   0  81   0   1
2284000  104000|  6   5   0  89   0   0
 560000  168000|  5   5   0  90   0   0
 246000 8750B|  3   6   0  91   0   0
 993000   21000|  3   5   0  92   0   0
2553000   31000|  5   5   0  89   0   1
2899000  218000|  7   5   2  86   0   0
1549000 1138000|  6   6   0  88   0   1
3271000 5634000|  6   5   0  88   0   1
4159000   20000000|  7   8   0  84   0   1
3693000   46000000|  7   9   0  84   0   1
1813000   33000000|  8   8   0  83   0   1
2669000   36000000|  6   5   0  88   0   1
1628000   30000000|  6   7   0  87   0   0
2433000   29000000|  6   6   0  87   0   1
1769000   25000000|  8   6   0  85   0   1
 197000   28000000|  7   5   0  87   0   1
 397000   27000000|  6   6   0  87   0   1
 872000   27000000|  6   6   0  87   0   1
1996000   25000000|  5   6   0  89   0   0
1933000   28000000|  5   7   0  87   0   1
2092000   30000000|  5   7   0  88   0   0
 716000   25000000|  5   8   0  86   0   0
1104000   32000000|  7   8   0  84   0   1
 779000   35000000|  6   7   0  87   0   1
 245000   29000000|  8   6   0  85   0   1
 924000   29000000|  6   6   0  87   0   1
1902000   33000000|  6   6   0  86   0   2
2563000   23000000|  6   6   3  85   0   1
2675000   27000000|  6   7   1  85   0   0
2371000   27000000|  8   6   0  85   0   1
1113000   27000000|  5   5   0  89   0   0
 121000   25000000|  6   7   0  87   0   1
 223000   24000000|  5   7   0  88   0   1
 652000   27000000|  5   8   0  87   0   0
 628000   28000000|  7   7   7  78   0   1
1715000   26000000|  6   6   0  86   0   1
4330000   28000000|  8   8   0  83   0   1
3634000   29000000|  8   7   0  84   0   1
8452000   31000000|  7   5   0  86   0   2
4646000   33000000|  7   7   0  85   0   1
5792000   33000000|  8   6   0  84   0   1
1438000   36000000|  7   6   0  87   0   1
 250000   36000000|  7   6   0  86   0   1
1072000   38000000|  9   6   0  84   0   1
3624000   38000000|  8   6   0  85   0   1
5830000   40000000|  7   7   0  85   0   2
6836000   40000000|  5   7   0  87   0   1
6191000   42000000|  7   6   0  86   0   1
5049000   45000000|  8   6   0  84   0   2
1879000   47000000|  7   6   0  85   0   1
2645000   50000000|  7   7   0  85   0   2
5373000   31000000|  8   5   0  86   0   1
3849000   31000000|  7   6   0  85   0   1
4211000   33000000|  7   6   0  86   0   1
 626000   36000000|  7   6   0  86   0   1
2013000   30000000|  7   8   0  85   0   0
 687000   34000000|  6   6   0  87   0   0
 142000   35000000|  7   6   0  86   0   1
 159000   39000000|  7   5   0  87   0   1
 244000   40000000|  8   7   0  84   0   1
 540000   45000000|  7   7   0  86   0   0
1308000   42000000| 30   9   0  59   0   2
3368000   41000000| 33   9   0  56   0   2
3917000   44000000| 33   9   0  55   0   3
1504000   45000000| 47  10   0  41   0   2
1241000   45000000| 48  10   0  40   0   2
3875000   29000000| 33   9   0  55   0   3
1070000   29000000| 20   5   0  74   0   1
 123000   29000000|  5   4   0  90   0   1
 105000   24000000|  6   7   0  86   0   1
  93000   22000000| 31   8   0  60   0   1
 239000   24000000| 33   7   0  59   0   2
 152000   25000000| 32   6   0  61   0   2
   0     0|  6   6   0  86   0   1
   0     0|  5   6  16  72   0   0
   0     0|  6   6   0  89   0   0
   0     0|  4   5   0  90   0   0
   0     0|  7   6   0  87   0   1
   0     0| 30   7   0  62   0   1
   0     0| 33   7   0  59   0   1
   0     0| 12   5   0  82   0   1
   0     0|  5   5   0  90   0   0
   0     0|  4   5   0  90   0   1
   0     0|  5   8   0  86   0   1
   0     0|  5   6   0  88   0   1
   0     0|  6   5   0  88   0   1
   0     0|  5   6   0  88   0   1
   0     0|  5   6   0  88   0   1
   0     0|  4   6   0  89   0   1
  17000000  442000000|  6   8   0  86   0   1
1230000   44000000|  7   6   0  86   0   1
 922000   39000000|  5   6   0  87   0   1
 177000   43000000|  7   6   0  86   0   0
 217000   40000000|  6   6   0  88   0   1
 178000   39000000|  6   7   0  87   0   1
 115000   25000000|  6   6   0  87   0   1
 250000   23000000|  7   5   0  87   0   0
 462000   11000000|  6   5   0  88   0   1
1292000   16000000|  6   6   0  87   0   1
1693000   24000000|  8  10   4  78   0   1
 455000   25000000|  7   6   0  86   0   1
 132000   30000000|  4   6   0  89   0   1
 195000   29000000|  5   6   0  88   0   1
 650000   35000000|  6   6   0  86   0   2
1103000   37000000|  6   7   0  86   0   1
 202000   48000000|  7   6   0  85   0   1
 727000   48000000| 10  11   0  77   0   2
2781000   44000000|  8   8   0  83   0   1
4069000   45000000|  9   9   0  80   0   1
5268000   51000000|  7   8   0  84   0   1
 276000   49000000|  7   7   0  85   0   2
 517000   53000000|  7   7   0  85   0   1
1237000   51000000|  8   8   0  83   0   2
2993000   54000000|  7   7   0  85   0   1
1209000   54000000|  7   8   0  84   0   1
1018000   50000000|  7   5   0  87   0   1
 600000   40000000|  7   6   0  86   0   1
 683000   45000000|  6   7   0  85   0   1
 828000   47000000|  7   6   0  87   0   1
 767000   50000000|  7   6   0  87   0   1
 794000   49000000|  6   6   0  87   0   1
 789000   52000000| 18   6   0  74   0   1
 615000   51000000| 32   9   0  56   0   2
 544000   42000000| 32   9   0  56   0   2
 897000   40000000| 33   8   0  56   0   3
1412000   43000000| 36   9   0  54   0   2
1579000   39000000| 32   7   0  60   0   2
2135000   12000000| 32   5   0  62   0   1
2523000 8945000| 30   7   0  63   0   0
3528000 9730000| 31   6   0  62   0   1
1494000   12000000| 21   5   0  72   0   1
3122000   14000000| 30   6   0  62   0   2
3081000   16000000| 31   6   0  62   0   1
3635000   11000000| 31   5   0  61   0   2
3793000   13000000| 31   5   0  63   0   1
3647000   15000000| 34   7   0  58   0   1
2437000   20000000| 33   7   0  58   0   2
4103000   16000000| 31   7   0  61   0   1
3681000   18000000| 30   6   0  63   0   1
2327000   26000000| 16   7   0  76   0   1
2795000   22000000| 35   6   0  58   0   1
4246000   19000000| 31   6   0  62   0   1
3932000   18000000| 30   4   0  65   0   1
4685000   22000000|  5   4   0  90   0   1
1300000   20000000|  6   6   0  87   0   0
1850000   23000000|  5   6   0  88   0   1
2307000   26000000|  6   5   0  88   0   1
3886000   29000000|  7   5   0  86   0   1
3738000   34000000|  5   6   0  88   0   1
2216000   40000000|  5   6   0  87   0   2
3098000   43000000|  6   7   0  85   0   2
3609000   46000000|  6   7   0  85   0   2
2321000   52000000|  7   6   0  86   0   1
1479000   57000000|  7   7   0  85   0   1
 292000   61000000|  5   7   0  87   0   1
 395000   62000000|  7   6   0  86   0   2
 811000   64000000|  7   6   0  85   0   1
1373000   57000000| 19   7   0  72   0   2
 402000   59000000| 34   9   0  56   0   2
1237000   52000000| 31  10   0  57   0   2
1448000   38000000| 32   8   0  60   0   1
1318000   26000000| 33   6   0  60   0   1
 678000   24000000|  7   6  16  70   0   0
 819000   27000000|  6   3  22  68   0   1
 813000   18000000|  5   5  22  67   0   1
 870000   22000000|  4   5  23  68   0   0
 954000   23000000|  6   6  22  66   0   1
 899000   15000000|  5   5  22  67   0   0
 912000   14000000|  4   6  22  67   0   0
 999000   16000000|  4   5  22  68   0   1
 971000 8965000|  4   5  22  68   0   0
1095000   14000000|  5   7   2  86   0   1
1285000   20000000|  5   7   1  86   0   0
1589000   25000000|  5   6   1  87   0   1
 996000   32000000|  4   6   0  90   0   1
 293000   42000000|  7   6  17  69   0   1
 909000   48000000|  7   7  18  66   0   1
1636000   56000000|  6   8   0  85   0   1
3159000   59000000|  7   8   9  75   0   1
 955000   57000000|  7   6  13  72   0   1
1324000   47000000|  6   6   0  86   0   1
3171000   51000000|  8   8   0  82   0   2
2204000   50000000|  7   8   0  84   0   1
1780000   48000000|  6   7   0  86   0   1
 313000   48000000|  5   8   0  87   0   1
 456000   47000000|  7   8   0  84   0   1
1479000   48000000|  6   6   0  87   0   1
3618000   53000000|  6   6   0  85   0   1
3836000   52000000| 23   8   0  68   0   2
 530000   55000000| 31   9   0  58   0   3
3614000   54000000| 13   9   0  77   0   1
 251000   45000000|  5   5   0  89   0   1
 162000   38000000| 10   7   0  82   0   1
 166000   38000000| 31   7   0  61   0   1
 174000   38000000| 32   6   0  61   0   2
 223000   37000000| 30   7   0  62   0   2
 391000   38000000|  5   5   0  89   0   1
 840000   29000000|  5   4   0  91   0   1
2253000   27000000|  7   5   0  88   0   1
5711000   26000000|  6   6   8  78   0   1
1124000   28000000|  7   7   0  85   0   2
3626000   26000000|  5   6   0  88   0   1
1348000   29000000|  5   7   0  88   0   0
1546000   28000000|  6   6  13  75   0   1
4320000   26000000| 16   6  19  59   0   1
4305000   21000000| 32   7   0  59   0   2
4044000   24000000| 31   7   0  61   0   1
2052000   28000000| 21   7   5  65   0   1
2754000   17000000| 33   7   0  58   0   2
4506000   15000000| 32   5  14  48   0   1
4823000   20000000| 31   6  21  41   0   1
5757000   19000000| 19   6  21  53   0   1
5154000   22000000|  6   6  27  61   0   1
2448000   11000000|  5   6   7  81   0   1
  57000   11000000|  5   5   0  89   0   1
 170000   13000000|  5   5   0  89   0   1
 417000   16000000|  6   5   0  89   0   1
 102000   21000000|  5   6   0  88   0   0
 108000   23000000|  5   5   0  89   0   1
 113000   26000000|  7   4   0  88   0   1
 253000   32000000|  6   6   0  87   0   1
 530000   36000000|  5   7   0  87   0   1
1384000   45000000|  6   6   2  85   0   1
1756000   44000000|  7   7   5  80   0   1
 252000   50000000|  7   8  21  64   0   1
 172000   37000000|  5   7  22  66   0   1
 142000   34000000|  6   6  21  66   0   1
 142000   34000000|  5   7  22  65   0   1
 152000   37000000|  5   6  21  67   0   0
 166000   39000000|  6   7  17  69   0   1
 179000   41000000|  6   6  29  59   0   1
 234000   46000000|  7   8   6  79   0   1
 314000   49000000|  6   6  14  73   0   1
 211000   45000000|  5   6  18  70   0   1
 305000   39000000|  6   6  22  65   0   1
 536000   44000000|  7   6  21  65   0   1
1205000   46000000|  6   6   7  81   0   1
 204000   50000000|  6   6   0  87   0   1
 197000   49000000|  7   6   0  86   0   1
 230000   54000000|  7   5  20  66   0   1
 225000   52000000|  7   5  22  64   0   1
 339000   57000000|  6   5  22  66   0   1
 616000   57000000|  7   7  14  71   0   2
 431000   64000000|  7   7  11  74   0   1
 450000   59000000|  6   7   8  78   0   1
1074000   48000000|  7   6  21  65   0   1
 256000   51000000|  6   7  36  49   0   2
 231000   50000000|  8   7  32  52   0   1
 220000   51000000|  6   6  22  65   0   1
 210000   53000000|  7   9  29  55   0   1
 237000   52000000|  6   7  36  50   0   1
 229000   55000000| 31   7  28  31   0   2
 224000   56000000| 39   9  24  26   0   2
 235000   58000000| 32   8  37  20   0   2
 199000   46000000|  6   7  85   0   0   2
 145000   31000000|  5   5  68  21   0   0
 138000   30000000|  4   5  81  10   0   1
 129000   31000000|  5   4  89   0   0   1
 132000   29000000|  6   5  87   2   0   1
 124000   29000000|  6   5  89   0   0   1
 140000   31000000|  5   5  89   0   0   1
 180000   34000000|  6   7  79   7   0   1
 198000   42000000| 25   6  47  21   0   2
 250000   55000000| 30   9  39  20   0   2
 221000   48000000| 18   6  59  15   0   1
 163000   37000000|  6   6  88   0   0   1
 117000   29000000|  5   6  89   0   0   1
 137000   33000000|  5   5  89   0   0   1
 141000   35000000|  5   5  89   0   0   1
 159000   39000000|  5   6  68  20   0   1
 167000   40000000|  4   6  75  14   0   1
 145000   30000000| 11   5  78   6   0   1
 125000   27000000| 30   7  41  21   0   2
 170000   27000000| 30   6  58   5   0   1
  93000   24000000| 30   6  63   0   0   1
 126000   27000000| 22   5  72   1   0   1
  86000   21000000|  5   6  89   0   0   1
  56000 8016000|  5   5  90   0   0   0
  45000 8012000|  4   5  90   0   0   0
  47000   11000000|  5   5  90   0   0   0
  64000   15000000|  5   5  90   0   0   1
  85000   20000000|  5   4  88   3   0   0
  92000   22000000|  5   4  75  15   0   1
 119000   27000000|  4   6  67  22   0   0
 170000   34000000|  5   6  85   3   0   1
 160000   25000000|  5   4  69  22   0   0
  67000   15000000|  4   5  79  12   0   0
  72000   17000000|  4   6  89   1   0   1
  94000   22000000|  5   5  81   8   0   1
 103000   25000000|  6   6  72  17   0   1
 124000   29000000|  5   4  68  22   0   1
 134000   32000000|  4   6  85   3   0   1
 153000   37000000|  6   6  87   0   0   1
 157000   38000000|  5   5  89   1   0   0
 164000   39000000|  5   6  88   0   0   1
 173000   41000000|  5   7  88   0   0   1
 172000   42000000|  6   6  88   0   0   1
 180000   44000000|  5   6  88   0   0   1
 185000   45000000|  5   6  88   1   0   0
 179000   38000000|  4   7  88   0   0   1
 157000   37000000|  6   6  88   0   0   1
 165000   40000000|  4   6  89   0   0   1
 174000   38000000|  6   6  87   0   0   0
 147000   35000000|  6   5  88   0   0   1
 168000   40000000|  5   6  87   1   0   1
 165000   36000000|  6   5  88   0   0   1
 121000   19000000|  5   6  89   0   0   0
 103000   23000000|  6   6  88   0   0   0
 128000   27000000|  4   5  90   0   0   1
 130000   30000000|  5   6  89   0   0   1
 145000   34000000|  6   6  87   1   0   1
 153000   35000000|  7   5  88   0   0   0
 152000   36000000| 17   7  75   0   0   1
 161000   38000000| 31   7  60   0   0   2
 166000   39000000| 30   8  61   0   0   2
 170000   40000000|  9   8  81   1   0   1
 152000   34000000|  6   6  88   0   0   0
 126000   28000000|  5   4  90   0   0   1
 134000   30000000|  4   6  90   0   0   0
 130000   31000000|  5   6  89   0   0   1
 141000   33000000|  4   6  90   0   0   1
 150000   35000000|  5   6  85   3   0   1
 160000   36000000|  5   6  88   0   0   1
 173000   34000000|  5   6  89   0   0   1
 205000   38000000|  6   5  89   0   0   0
 107000   23000000|  5   5  90   0   0   1
 121000   28000000|  6   6  88   0   0   1
 127000   31000000|  4   6  87   1   0   1
 142000   29000000|  5   5  89   0   0   1
 122000   29000000|  5   5  89   0   0   0
 136000   31000000|  5   6  89   0   0   1
 141000   34000000|  5   7  88   0   0   0
 148000   35000000|  5   5  89   0   0   1
 162000   38000000| 18   7  73   1   0   1
 173000   42000000| 30   8  60   0   0   2
 192000   45000000| 25   7  67   0   0   1
 159000   33000000| 30   6  62   0   0   1
 127000   29000000| 30   6  63   0   0   1
 131000   31000000| 30   6  61   2   0   1
 132000   31000000| 30   6  63   0   0   1
 129000   23000000| 31   4  64   0   0   2
  70000   16000000| 29   6  64   0   0   1
  70000   13000000| 41   7  51   0   0   1
  74000   16000000| 31   6  62   0   0   1
  85000   19000000| 29   5  63   2   0   1
  96000   22000000| 30   6  63   0   0   1
  96000   23000000| 13   5  82   0   0   1
 102000   20000000|  4   6  90   0   0   1
  67000   14000000|  3   5  92   0   0   0
 103000   19000000|  4   5  91   0   0   1
 128000   22000000|  4   4  91   1   0   1
  94000   21000000|  4   5  90   0   0   1
 111000   23000000|  4   6  89   0   0   1
 175000   32000000|  4   5  90   0   0   1
 150000   31000000|  3   5  90   0   0   1
 205000   41000000|  5   6  89   0   0   1
 171000   37000000|  5   6  85   3   0   1
 167000   40000000|  4   5  90   0   0   1
 165000   38000000|  6   6  88   0   0   1
 180000   42000000|  5   5  90   0   0   1
 171000   40000000|  4   6  88   0   0   1
 177000   42000000|  5   6  88   1   0   1
 173000   38000000|  6   5  88   0   0   1
 172000   40000000|  5   5  89   0   0   1
 175000   40000000|  5   5  89   0   0   1
 177000   40000000|  4   6  90   0   0   0
 187000   41000000|  5   6  89   0   0   1
 182000   40000000| 20   7  70   1   0   2
 185000   41000000| 29   7  63   0   0   1
 180000   40000000| 21   7  71   0   0   2
 178000   37000000|  4   7  89   0   0   1
 108000   24000000|  4   6  90   0   0   1
 109000   25000000|  5   5  89   0   0   0
 112000   25000000|  3   7  87   2   0   1
 119000   27000000|  5   5  90   0   0   1
 121000   27000000|  3   6  90   0   0   1
 129000   29000000|  5   5  90   0   0   0
 129000   23000000|  4   6  90   0   0   1
 131000   22000000|  4   6  88   1   0   1
 116000   24000000|  4   4  91   0   0   0
 124000   29000000|  5   5  89   0   0   1
 149000   35000000|  5   5  90   0   0   1
 166000   38000000|  3   6  89   0   0   2
 170000   40000000|  5   6  89   0   0   1
 169000   36000000|  5   4  89   1   0   1
 140000   32000000|  4   5  90   0   0   1
 143000   27000000|  4   5  90   0   0   1
 121000   28000000|  4   6  90   0   0   1
 146000   34000000|  4   6  90   0   0   1
 159000   37000000|  5   6  89   0   0   1
 167000   36000000|  4   6  89   1   0   1
 139000   28000000|  4   6  90   0   0   1
 134000   31000000|  3   7  89   0   0   1
 150000   30000000|  5   5  90   0   0   1
 124000   25000000|  3   6  90   0   0   1
 123000   28000000|  4   4  91   0   0   1
 122000   25000000|  4   5  90   1   0   1
 120000   27000000|  4   5  91   0   0   1
 120000   23000000|  5   6  89   0   0   1
 113000   25000000|  4   5  90   0   0   1
 115000   20000000|  4   5  91   0   0   0
  89000   20000000|  4   5  89   1   0   1
  94000   21000000|  5   4  91   0   0   1
 100000   21000000|  5   4  91   0   0   1
 105000   21000000|  3   5  91   0   0   0
 103000   20000000|  5   5  90   0   0   1
 109000   19000000|  4   4  91   0   0   1
  87000   17000000|  3   5  91   1   0   0
  84000   18000000|  4   5  90   0   0   0
  88000   19000000|  6   4  90   0   0   0
  91000   19000000| 18   6  76   0   0   0
  94000   18000000| 28   5  66   0   0   1
  81000   16000000| 29   5  64   0   0   1
  80000   16000000| 29   5  63   1   0   1
  81000   16000000| 29   5  65   0   0   0
  83000   17000000| 29   5  65   0   0   1
  85000   15000000| 24   5  70   0   0   1
  80000   15000000| 29   4  66   0   0   1
  73000   14000000| 29   5  63   2   0   1
  55000 9969000| 30   4  65   0   0   1
  62000 8107000| 29   3  67   0   0   1
  51000 8741000| 29   5  66   0   0   0
  48000 9410000| 29   5  65   0   0   1
  49000 9652000| 28   5  66   0   0   1
  53000   10000000| 29   5  64   2   0   1
  75000   12000000| 29   5  65   0   0   1
 112000   14000000| 19   4  76   0   0   1
  72000   13000000|  3   4  93   0   0   0
  73000   14000000|  4   4  91   0   0   1
  68000   14000000|  3   5  92   0   0   0
  61000   12000000|  3   4  92   1   0   0
  60000   11000000|  3   4  92   0   0   1
  55000   11000000|  3   4  92   0   0   0
  50000   11000000|  3   4  92   0   0   1
  59000   10000000|  4   4  92   0   0   1
  49000 9921000|  3   5  91   1   0   0
  79000   13000000|  4   5  91   0   0   1
 106000   17000000|  3   4  92   0   0   1
  91000   17000000|  4   4  92   0   0   0
  77000   17000000|  4   5  91   0   0   0
  92000   19000000|  5   4  91   0   0   1
  81000   18000000|  4   4  90   1   0   1
  92000   17000000|  3   5  91   0   0   1
  72000   15000000|  4   4  91   0   0   1
  75000   17000000|  4   5  91   0   0   0
  73000   16000000|  4   5  91   0   0   0
  85000   16000000|  4   5  91   0   0   1
  71000   15000000|  3   5  90   1   0   1
  77000   16000000|  4   5  91   0   0   1
  74000   16000000|  4   6  90   0   0   1
  78000   15000000|  2   4  93   0   0   0
  73000   16000000|  3   6  91   0   0   1
  82000   16000000|  4   4  91   0   0   0
  77000   16000000|  3   5  90   1   0   1
  80000   17000000|  4   5  90   0   0   1
  91000   19000000|  4   4  92   0   0   0
  96000   19000000|  5   4  90   0   0   1
  99000   21000000|  4   4  91   0   0   1
 104000   23000000|  4   6  88   1   0   1
 125000   22000000|  5   5  90   0   0   1
 102000   22000000|  4   5  90   0   0   1
 119000   20000000|  3   4  92   0   0   1
  92000   18000000|  4   6  91   0   0   0
  90000   19000000|  3   5  92   0   0   0
  94000   19000000|  5   4  91   1   0   1
  91000   20000000|  3   6  90   0   0   1
  96000   20000000|  4   5  91   0   0   0
 101000   20000000|  3   5  92   0   0   0
  97000   20000000|  4   5  91   0   0   0
 103000   19000000|  4   4  92   0   0   1
  89000   17000000|  4   6  88   1   0   1
  87000   18000000|  4   4  92   0   0   0
  90000   18000000|  4   5  90   0   0   0
  92000   18000000|  4   4  92   0   0   1
  89000   18000000|  4   4  91   0   0   1
  90000   19000000| 27   5  66   1   0   1
  87000   19000000| 30   4  65   0   0   1
  89000   19000000| 30   5  64   0   0   1
  94000   18000000| 29   5  65   0   0   1
  84000   18000000| 30   5  65   0   0   1
  89000   19000000| 29   6  64   0   0   1
  98000   20000000| 29   4  65   1   0   1
  99000   20000000| 17   4  78   0   0   1
  99000   19000000|  3   4  93   0   0   1
  96000   19000000|  4   4  92   0   0   0
  82000   16000000|  3   4  92   0   0   0
  79000   14000000|  3   4  93   0   0   0
  75000   14000000|  3   4  91   2   0   0
  67000   14000000|  3   4  92   0   0   0
  69000   15000000|  4   5  90   0   0   1
  83000   16000000|  4   4  92   0   0   0
  88000   16000000|  4   3  92   0   0   1
 139000   23000000|  4   5  90   0   0   1
 129000   24000000|  3   5  90   1   0   1
 136000   32000000|  4   6  90   0   0   1
 138000   32000000|  4   5  90   0   0   1
 148000   35000000|  3   4  92   0   0   0
 144000   33000000|  5   5  89   0   0   1
 156000   36000000|  4   6  89   1   0   1
 113000   19000000|  3   4  93   0   0   0
  80000   17000000|  4   4  92   0   0   0
  87000   18000000|  3   4  92   0   0   1
  96000   21000000| 15   5  80   0   0   1
  99000   22000000| 29   6  64   0   0   1
 115000   27000000| 29   5  64   1   0   1
 127000   26000000| 29   6  64   0   0   1
 141000   31000000| 29   6  63   0   0   2
 147000   31000000| 28   7  64   0   0   2
 165000   33000000| 29   6  64   0   0   1
 142000   32000000| 28   6  65   0   0   1
 160000   36000000| 17   6  75   1   0   1
 106000   18000000| 29   5  65   0   0   1
  74000   16000000| 28   5  65   0   0   1
  89000   17000000| 29   5  65   0   0   1
  94000   21000000| 28   5  66   0   0   1
 107000   20000000| 29   6  63   1   0   1
  83000   17000000| 28   5  67   0   0   0
  91000   18000000| 10   4  85   0   0   1
 110000   19000000|  4   4  92   0   0   1
 141000   21000000|  4   5  90   0   0   1
  94000   19000000|  3   4  93   0   0   0
  85000   17000000|  5   3  90   2   0   0
  84000   18000000|  3   5  92   0   0   0
  83000   18000000|  3   4  92   0   0   0
  85000   17000000|  4   4  92   0   0   1
  87000   18000000|  4   5  90   0   0   0
 106000   21000000|  4   4  92   0   0   1
 160000   26000000|  4   5  90   1   0   0
 127000   29000000|  4   5  91   0   0   1
 144000   35000000|  4   5  91   0   0   1
 132000   26000000|  3   5  91   0   0   1
 133000   26000000|  5   4  91   0   0   1
 111000   24000000|  2   4  92   1   0   0
 107000   21000000|  3   5  92   0   0   0
  72000   16000000|  4   4  92   0   0   1
  83000   18000000|  3   5  92   0   0   0
  86000   17000000|  4   4  92   0   0   0
  83000   16000000|  4   4  92   0   0   1
  80000   17000000|  3   5  90   1   0   1
  78000   16000000|  4   4  92   0   0   1
  84000   15000000|  3   4  93   0   0   0
  67000   15000000|  3   4  93   0   0   1
  75000   15000000|  4   5  91   0   0   0
  75000   16000000|  3   4  92   0   0   1
  85000   17000000|  3   5  90   1   0   1
  83000   18000000| 17   4  79   0   0   1
  91000   19000000| 29   5  66   0   0   1
  96000   20000000| 28   5  66   0   0   1
 100000   22000000| 29   4  66   0   0   1
 104000   23000000| 29   4  65   0   0   1
 119000   26000000| 29   5  63   1   0   1
 131000   24000000| 28   5  66   0   0   1
  92000   18000000| 29   4  66   0   0   1
  87000   19000000| 28   5  66   0   0   1
  97000   20000000| 28   4  67   0   0   1
  95000   19000000|  6   5  87   2   0   1
  94000   20000000|  4   5  91   0   0   0
  86000   16000000|  4   4  92   0   0   1
  78000   15000000|  4   3  93   0   0   1
  78000   16000000|  3   4  93   0   0   0
  77000   15000000|  4   4  92   0   0   0
  72000   16000000|  4   4  89   3   0   1
  78000   14000000| 17   5  76   0   0   1
  76000   13000000| 27   5  67   0   0   1
  83000   14000000| 29   5  66   0   0   1
 113000   16000000| 28   6  66   0   0   1
  60000   13000000| 30   4  66   0   0   1
  67000   14000000| 28   4  67   1   0   1
  69000   14000000| 28   4  67   0   0   1
  71000   15000000| 27   5  66   0   0   1
  68000   14000000| 24   5  71   0   0   1
  75000   16000000|  2   3  94   0   0   1
  75000   15000000|  4   5  89   2   0   0
  63000   12000000|  2   4  94   0   0   1
  60000   12000000|  3   4  93   0   0   0
  70000   15000000|  3   4  93   0   0   0
  71000   16000000|  3   4  93   0   0   0
  81000   19000000|  4   5  91   0   0   1
  96000   22000000|  3   4  92   2   0   0
 118000   24000000|  3   5  91   0   0   1
  89000   13000000|  3   5  92   0   0   0
  78000   15000000|  4   4  91   0   0   0
  98000   19000000|  3   5  92   0   0   1
  67000   13000000|  3   5  93   0   0   0
  78000   19000000|  3   4  91   2   0   0
  89000   16000000|  4   4  92   0   0   1
  78000   18000000|  3   5  93   0   0   0
  74000   17000000|  3   5  92   0   0   1
  86000   17000000|  4   5  91   0   0   0
  76000   17000000|  3   3  93   0   0   0
  80000   18000000|  3   4  91   1   0   0
  80000   18000000|  3   4  92   0   0   1
  84000   18000000|  4   4  91   0   0   1
  82000   19000000|  3   5  93   0   0   0
  88000   20000000|  4   4  91   0   0   0
  99000   22000000|  3   4  92   1   0   1
 106000   21000000|  4   4  92   0   0   0
 105000   22000000|  4   4  92   0   0   1
 104000   21000000|  3   5  92   0   0   1
 102000   23000000|  3   5  91   0   0   1
 113000   22000000|  4   4  92   0   0   1
 100000   23000000|  3   5  91   1   0   1
 111000   25000000|  3   5  93   0   0   0
 112000   25000000|  3   5  92   0   0   1
 118000   26000000|  4   5  91   0   0   0
 113000   23000000|  3   5  93   0   0   0
 105000   24000000|  3   4  93   0   0   0
 107000   24000000|  3   5  91   1   0   0
 112000   24000000|  4   5  91   0   0   1
 110000   25000000|  4   5  91   0   0   0
 119000   23000000|  3   5  92   0   0   1
 112000   24000000|  4   5  91   0   0   0
 114000   25000000| 21   5  72   1   0   1
 123000   28000000| 28   6  66   0   0   1
 124000   28000000| 28   4  66   0   0   1
 140000   30000000| 28   5  65   0   0   2
 127000   29000000| 17   5  77   0   0   1
 133000   27000000|  3   5  91   0   0   0
  91000   19000000|  2   5  91   2   0   0
  92000   20000000|  3   4  93   0   0   0
  96000   19000000|  4   4  92   0   0   1
  88000   20000000|  4   5  91   0   0   0
  97000   19000000|  3   5  91   0   0   0
  93000   20000000|  4   5  91   0   0   0
 120000   23000000|  2   4  92   1   0   1
 153000   22000000| 22   5  73   0   0   1
 108000   23000000| 28   5  66   0   0   1
 105000   23000000| 29   4  66   0   0   1
 116000   25000000| 28   5  66   0   0   2
 110000   21000000| 28   5  66   1   0   1
 108000   23000000| 28   5  66   0   0   1
  98000   21000000| 24   5  70   0   0   1
 110000   18000000|  3   4  93   0   0   1
  81000   17000000|  3   4  92   0   0   0
  88000   18000000|  3   5  92   0   0   1
  71000   13000000|  2   4  92   2   0   0
  66000   12000000|  2   4  94   0   0   1
  60000   12000000|  3   4  92   0   0   0
  65000   12000000|  3   3  93   0   0   0
  65000   12000000|  3   4  93   0   0   0
  64000   13000000|  3   4  93   0   0   0
  71000   13000000|  2   5  91   2   0   0
  97000   15000000|  3   3  93   0   0   0
 114000   20000000|  3   4  93   0   0   0
  87000   18000000|  4   4  92   0   0   0
  83000   17000000|  4   4  92   0   0   1
  84000   18000000|  4   4  92   0   0   0
  84000   18000000|  4   3  91   1   0   1
  88000   19000000|  3   5  92   0   0   0
  86000   20000000|  4   4  92   0   0   1
 102000   22000000|  3   5  91   0   0   0
  96000   19000000|  3   5  92   0   0   0
  93000   21000000|  2   5  91   1   0   1
 102000   23000000|  4   3  93   0   0   0
 110000   22000000|  3   5  92   0   0   1
 100000   23000000|  3   4  93   0   0   0
 113000   26000000|  3   4  92   0   0   1
 123000   29000000|  3   5  91   0   0   1
 134000   31000000|  3   5  90   1   0   1
 141000   32000000|  3   4  92   0   0   1
 147000   33000000| 21   6  71   0   0   2
 151000   33000000| 29   4  66   0   0   1
  98000   16000000| 27   5  67   0   0   1
  84000   19000000| 28   5  67   0   0   1
  91000   20000000| 28   5  65   1   0   1
 104000   24000000| 29   5  66   0   0   1
  80000   14000000| 27   5  68   0   0   0
  65000   14000000| 29   4  66   0   0   1
  75000   16000000| 46   5  47   0   0   2
  89000   18000000| 44   7  47   1   0   1
  77000   17000000| 28   4  67   0   0   1
  86000   18000000| 27   4  67   0   0   1
  83000   16000000| 28   5  67   0   0   1
  73000   13000000| 10   6  84   0   0   0
  64000   13000000|  2   3  94   0   0   0
  49000 8714000|  2   4  93   1   0   0
  42000 8317000|  2   3  94   0   0   0
  45000 8556000|  2   4  93   0   0   0
  49000 7945000|  2   4  94   0   0   0
  53000 8613000|  3   3  94   0   0   0
  84000   10000000|  2   4  92   1   0   1
  85000   11000000|  2   4  94   0   0   0
  90000   14000000|  4   3  92   0   0   1
 112000   17000000|  3   4  92   0   0   1
  68000   12000000|  3   3  93   0   0   0
  66000   13000000|  4   3  93   0   0   1
  66000   13000000|  3   4  92   1   0   0
  60000   12000000|  3   4  93   0   0   0
  63000   10000000|  2   4  93   0   0   0
  51000   10000000|  3   3  94   0   0   0
  56000   10000000|  4   3  93   0   0   1
  53000   10000000|  3   4  93   0   0   0
  54000   10000000|  2   4  92   1   0   0
  53000   10000000|  3   4  93   0   0   0
  53000   10000000|  3   4  93   0   0   0
  55000   11000000|  4   3  93   0   0   0
  57000   11000000|  2   4  94   0   0   0
  59000   12000000|  2   3  94   0   0   1
  65000   13000000|  3   4  92   1   0   0
  74000   14000000|  3   4  92   0   0   1
  75000   16000000|  3   4  93   0   0   0
  89000   19000000|  3   4  92   0   0   1
 106000   23000000|  3   4  93   0   0   1
 120000   24000000|  3   5  92   0   0   1
 119000   27000000|  2   5  92   1   0   0
 113000   22000000|  3   3  94   0   0   0
 111000   25000000|  3   4  92   0   0   1
 130000   21000000|  2   5  92   0   0   1
  94000   21000000|  3   4  92   0   0   1
 110000   21000000|  3   4  92   1   0   0
 102000   20000000|  3   4  92   0   0   1
 108000   18000000|  2   4  94   0   0   0
  84000   17000000|  3   3  93   0   0   0
  91000   18000000|  4   4  92   0   0   0
  94000   16000000|  3   4  94   0   0   0
  72000   15000000|  3   4  91   2   0   1
  79000   16000000|  2   4  93   0   0   0
  82000   16000000|  4   3  93   0   0   0
  82000   17000000|  3   3  93   0   0   1
  96000   13000000|  3   3  94   0   0   0
  66000   12000000|  2   4  94   0   0   1
  65000   13000000|  3   3  93   1   0   0
  67000   14000000|  2   4  93   0   0   0
  76000   15000000|  3   4  93   0   0   0
  71000   14000000|  4   4  92   0   0   1
  74000   15000000|  3   4  93   0   0   0
  72000   13000000|  3   3  92   1   0   0
  75000   14000000|  3   4  92   0   0   0
  71000   14000000|  2   4  94   0   0   0
  73000   14000000|  2   3  95   0   0   0
  69000   13000000|  3   4  93   0   0   0
  65000   14000000|  4   4  93   0   0   1
  72000   14000000|  4   3  92   1   0   0
  66000   13000000|  3   4  93   0   0   0
  68000   13000000|  2   3  95   0   0   0
  73000   14000000|  2   3  94   0   0   0
  76000   14000000|  4   4  92   0   0   1
  68000   14000000|  3   3  94   0   0   0
  72000   15000000|  3   4  91   2   0   0
  77000   16000000|  3   4  93   0   0   0
  81000   16000000|  3   4  93   0   0   0
  84000   13000000|  3   3  94   0   0   0
  65000   13000000|  4   3  93   0   0   0
  66000   14000000|  3   3  94   0   0   0
  73000   15000000|  3   4  92   1   0   0
  75000   16000000|  3   4  93   0   0   0
  78000   17000000|  2   5  94   0   0   0
  89000   16000000|  3   4  92   0   0   0
  78000   15000000|  3   3  94   0   0   0
  81000   16000000|  4   4  91   1   0   1
  77000   15000000|  4   4  92   0   0   0
  83000   16000000|  2   4  94   0   0   1
  79000   15000000|  3   5  92   0   0   1
  78000   16000000|  3   4  93   0   0   0
  78000   16000000|  2   4  94   0   0   0
  79000   17000000|  3   4  92   1   0   0
  88000   16000000|  2   4  93   0   0   1
  82000   14000000|  3   4  93   0   0   0
  79000   15000000|  3   3  94   0   0   0
  75000   15000000|  2   4  94   0   0   0
  78000   16000000| 14   5  80   0   0   0
  80000   17000000| 27   4  66   2   0   1
  87000   19000000| 28   5  66   0   0   1
  89000   17000000| 28   4  67   0   0   1
  87000   18000000| 27   6  67   0   0   1
  88000   18000000| 28   4  68   0   0   1
  91000   19000000| 28   4  66   1   0   1
  89000   19000000| 27   4  68   0   0   1
  92000   20000000|  3   5  92   0   0   1
  96000   19000000|  2   4  93   0   0   1
  83000   17000000|  3   5  92   0   0   0
  79000   17000000|  5   4  91   0   0   0
  88000   18000000| 27   5  65   2   0   2
  95000   17000000| 27   4  68   0   0   1
  84000   19000000| 28   4  68   0   0   1
  97000   22000000| 28   3  68   0   0   1
 109000   22000000| 27   6  67   0   0   1
 121000   23000000|  8   5  85   1   0   1
 151000   19000000|  2   5  92   0   0   0
  64000   14000000|  2   3  95   0   0   0
  79000   15000000|  2   4  94   0   0   0
  70000   14000000|  1   4  94   0   0   1
  65000   14000000|  2   4  94   0   0   0
  66000   14000000|  8   4  86   2   0   1
  71000   14000000| 27   4  69   0   0   1
  80000   15000000| 28   4  67   0   0   1
 128000   19000000| 27   5  68   0   0   1
  92000   14000000| 28   3  69   0   0   0
  72000   13000000| 28   4  68   0   0   1
  65000   11000000| 28   4  66   2   0   1
  61000   11000000| 27   5  68   0   0   0
  58000   11000000| 27   3  69   0   0   0
  56000   11000000| 27   4  68   0   0   1
  55000   11000000| 27   4  68   0   0   1
  61000   11000000| 28   4  68   0   0   0
  55000 9382000| 27   4  68   1   0   0
  47000 9766000| 27   4  69   0   0   0
  52000   10000000| 17   4  79   0   0   0
  56000   11000000|  2   4  94   0   0   0
  56000   12000000|  2   3  94   0   0   0
  60000   12000000|  2   3  95   0   0   0
  57000   10000000|  1   5  92   1   0   0
  52000   10000000|  1   4  95   0   0   0
  58000 9254000|  3   3  94   0   0   0
  44000 8875000|  2   3  94   0   0   0
  50000 9548000|  2   4  94   0   0   0
  52000   10000000|  3   3  94   1   0   0
  57000   10000000|  3   4  93   0   0   0
  84000   14000000|  3   4  93   0   0   1
  98000   15000000|  3   4  93   0   0   1
  76000   17000000|  2   4  94   0   0   0
  82000   17000000|  3   5  93   0   0   0
  85000   19000000|  3   3  93   1   0   0
 100000   19000000|  3   4  93   0   0   0
  78000   17000000|  3   4  92   0   0   0
  82000   17000000|  3   3  94   0   0   0
  85000   17000000|  3   4  93   0   0   0
  74000   16000000|  3   3  94   0   0   0
  78000   17000000|  2   3  93   1   0   1
  78000   16000000|  3   4  93   0   0   0
  86000   16000000|  3   4  93   0   0   1
  72000   14000000|  2   4  94   0   0   0
  75000   15000000|  3   4  94   0   0   0
  76000   15000000|  3   5  92   1   0   1
  75000   15000000|  2   3  94   1   0   1
  73000   14000000|  3   4  93   0   0   1
  71000   14000000|  2   4  94   0   0   0
  74000   14000000|  2   3  95   0   0   0
  66000   14000000|  2   4  93   0   0   0
  72000   12000000|  3   4  92   1   0   0
  62000   12000000|  3   3  94   0   0   0
  65000   13000000|  3   4  93   0   0   0
  60000   11000000|  3   4  92   0   0   0
  55000   11000000|  3   3  93   0   0   0
  58000   11000000|  2   3  94   0   0   0
  57000   12000000|  3   4  92   1   0   0
  61000   12000000|  2   4  93   0   0   0
  70000   11000000|  3   3  94   0   0   1
  55000 9811000|  2   3  94   0   0   0
  55000   11000000|  3   3  94   0   0   0
  59000   11000000|  2   4  94   0   0   0
  62000   12000000|  8   4  86   1   0   1
  59000   11000000| 27   2  70   0   0   1
  57000   11000000| 27   4  68   0   0   1
  55000   11000000| 28   3  68   0   0   1
  55000   11000000| 27   4  69   0   0   1
  56000   10000000| 27   3  68   1   0   1
  59000   11000000| 27   4  69   0   0   0
  55000 9865000| 27   3  69   0   0   1
  51000   10000000| 27   4  68   0   0   1
  57000 8559000| 26   4  69   0   0   1
  44000 8469000| 27   3  69   0   0   1
  46000 9138000| 27   4  68   1   0   0
  49000 9342000| 27   3  69   0   0   1
  46000 9381000| 27   4  69   0   0   0
  47000 9565000| 14   3  82   0   0   0
  50000 9460000|  2   3  94   0   0   0
  49000 9690000|  2   3  95   0   0   0
  41000 7029000|  1   3  95   2   0   0
  34000 6316000|  1   1  98   0   0   0
  39000 6894000|  1   1  98   0   0   0
  37000 7741000|  1   0  98   0   0   0
  39000 8074000|  2   2  97   0   0   0
  48000 9616000|  2   1  96   2   0   0
  56000   11000000|  1   1  98   0   0   0
  85000   15000000|  1   1  98   0   0   0
 120000   17000000|  2   2  96   0   0   0
  86000   16000000|  2   1  97   0   0   0
  84000   18000000|  2   1  97   0   0   0
  92000   18000000|  1   1  97   1   0   0
  85000   17000000|  2   2  97   0   0   0
  88000   19000000|  2   2  97   0   0   0
  90000   20000000|  2   1  98   0   0   0
  95000   19000000|  2   2  97   0   0   0
  92000   19000000|  2   2  97   0   0   0
  88000   18000000|  2   2  95   1   0   0
  86000   19000000|  1   2  97   0   0   0
  89000   19000000|  1   2  97   0   0   0
  91000   19000000|  2   1  97   0   0   0
  83000   18000000|  1   1  97   0   0   0
  92000   18000000|  1   1  97   0   0   0
  81000   16000000|  2   1  96   1   0   0
  75000   16000000|  2   2  97   0   0   0
  86000   15000000|  2   2  96   0   0   0
  77000   16000000|  2   1  97   0   0   0
  82000   17000000|  2   2  97   0   0   0
  83000   17000000|  2   2  95   2   0   0
  87000   18000000|  1   2  96   0   0   0
  84000   19000000|  2   1  97   0   0   0
  98000   20000000|  1   2  97   0   0   0
  99000   19000000|  2   2  97   0   0   0
  97000   21000000|  1   2  97   0   0   0
 110000   20000000|  2   2  95   1   0   0
  96000   20000000|  2   1  97   0   0   0
 104000   22000000|  2   2  96   0   0   0
 113000   23000000|  2   2  97   0   0   0
 116000   25000000|  2   2  96   0   0   0
  96000   17000000|  1   2  97   0   0   0
  75000   15000000|  2   1  96   1   0   0
  74000   17000000|  2   2  97   0   0   0
  95000   19000000|  3   1  96   0   0   0
  79000   17000000|  2   2  96   0   0   0
  83000   19000000|  2   2  97   0   0   0
  88000   17000000|  2   1  96   1   0   0
  80000   17000000|  2   2  97   0   0   0
  79000   15000000|  2   2  97   0   0   0
  79000   17000000|  2   2  96   0   0   0
  86000   15000000|  2   1  97   0   0   0
  80000   17000000|  6   1  93   0   0   0
  86000   17000000| 26   2  70   1   0   1
  87000   19000000| 26   1  73   0   0   0
  96000   18000000| 26   2  72   0   0   1
  92000   20000000| 26   1  73   0   0   0
  98000   22000000| 21   2  76   0   0   1
 108000   18000000|  1   1  95   2   0   0
  45000 8319000|  1   1  98   0   0   0
  40000 8474000|  1   1  98   0   0   0
  43000 8806000|  1   1  98   0   0   0
  45000 8922000|  1   1  98   0   0   0
  46000 8910000|  1   1  98   0   0   0
  40000 8329000|  2   1  97   1   0   0
  50000 9340000|  1   1  98   0   0   0
  48000 9808000|  1   1  98   0   0   0
  50000   10000000|  1   1  98   0   0   0
  53000   11000000|  1   1  98   0   0   0
  63000   12000000| 21   2  77   0   0   0
  58000   12000000| 26   1  71   1   0   0
  60000   12000000| 26   1  73   0   0   0
  72000   12000000| 26   1  73   0   0   0
  63000   11000000| 26   2  72   0   0   0
  61000   12000000| 26   1  73   0   0   0
  64000   12000000| 25   2  73   0   0   1
  63000   12000000| 26   1  72   1   0   1
  64000   12000000| 26   1  73   0   0   0
  62000   12000000| 26   2  73   0   0   0
  66000   11000000| 26   1  73   0   0   1
  55000   11000000| 26   2  72   0   0   1
  54000   11000000| 26   1  73   0   0   0
  57000   12000000| 26   1  72   1   0   0
  60000   12000000| 26   1  73   0   0   0
  58000   12000000| 26   1  73   0   0   0
  65000   13000000| 26   1  73   0   0   0
  66000   14000000| 12   2  86   0   0   0
  73000   15000000|  1   1  96   2   0   0
  77000   14000000|  1   1  98   0   0   0
  66000   12000000|  1   1  98   0   0   0
  53000   10000000|  1   1  98   0   0   0
  53000   11000000|  1   1  98   0   0   0
  57000   11000000|  1   1  98   0   0   0
  62000   12000000|  1   1  96   2   0   0
  64000 9437000|  1   1  98   0   0   0
  45000 9007000|  1   1  98   0   0   0
  47000 9541000|  1   1  98   0   0   0
  49000 9607000|  1   1  98   0   0   0
  48000 9163000|  1   1  98   0   0   0
  41000 8539000|  1   1  98   1   0   0
  42000 8808000|  1   1  98   0   0   0
  42000 8673000|  1   1  98   0   0   0
  43000 9408000|  1   1  99   0   0   0
  44000 9020000|  1   1  98   0   0   0
  47000 9469000|  7   1  91   0   0   0
  44000 9200000| 25   1  73   0   0   0
  52000 8951000| 25   1  74   0   0   0
  40000 8390000| 25   1  74   0   0   0
  48000 9275000| 25   1  74   0   0   0
  53000 9642000| 25   1  74   0   0   0
  54000 9988000| 25   1  72   2   0   0
  60000   10000000| 26   1  74   0   0   0
  56000   11000000| 26   1  74   0   0   0
  63000   10000000| 17   2  82   0   0   0
  53000 9522000| 25   1  75   0   0   0
  29000 5272000| 25   0  75   0   0   0
  29000 5605000| 25   0  73   2   0   0
  30000 5939000| 25   0  74   0   0   0
  31000 5938000| 25   0  74   0   0   0
  26000 5939000| 25   0  75   0   0   1
  29000 5938000| 25   0  75   0   0   0
  27000 5872000| 13   1  84   1   0   0
  32000 5514000|  0   0  99   0   0   0
  20000 2268000|  0   0 100   0   0   0
1297B  733B|  0   0 100   0   0   0
1675B 1924B|  0   0 100   0   0   0
