   0     0|  2   1  91   6   0   0
 580B  322B| 12  10  78   0   0   0
8260B 9444B|  5   5  90   0   0   0
8856B 6002B|  7   5  88   0   0   0
5920B 9934B|  6   5  89   0   0   0
4350B 9940B|  5   6  89   0   0   0
1398B 3896B|  6   5  89   1   0   0
 676B    0|  6   6  88   0   0   0
3650B   93000|  8   6  86   0   0   0
  17000 1447000|  7   4  89   0   0   0
  61000 5012000|  8   6  85   0   0   1
 200000   17000000|  7   7  85   0   0   1
 180000   21000000|  8   7  83   1   0   1
 139000   23000000|  9   6  85   0   0   0
 111000   19000000|  7   7  85   0   0   1
 123000   23000000|  8   7  85   0   0   1
 108000   21000000|  8   6  85   0   0   1
 109000   20000000|  8   7  84   0   0   1
  84000   19000000|  7   6  85   1   0   1
 104000   19000000|  9   7  84   0   0   0
  82000   16000000|  7   6  86   0   0   1
  83000   18000000|  8   7  85   0   0   1
  88000   17000000|  6   7  87   0   0   0
  81000   17000000|  9   7  84   0   0   1
  91000   18000000|  8   6  85   1   0   1
  87000   18000000|  8   7  85   0   0   1
  97000   18000000|  7   7  85   0   0   1
  85000   17000000|  8   6  86   0   0   1
  88000   20000000|  8   6  86   0   0   0
  94000   20000000|  8   7  83   0   0   1
 108000   23000000|  8   6  84   1   0   1
 107000   19000000|  8   7  84   0   0   1
 102000   19000000|  9   7  84   0   0   1
  91000   20000000|  7   8  84   0   0   1
 105000   20000000|  8   6  85   0   0   0
  95000   20000000|  7   6  86   0   0   1
 106000   23000000|  9   6  84   1   0   1
 101000   21000000|  8   6  85   0   0   1
  99000   22000000|  9   6  84   0   0   1
 107000   23000000|  8   7  84   0   0   1
 109000   24000000|  8   8  83   0   0   1
 120000   24000000|  8   7  84   0   0   1
 119000   26000000|  7   7  84   1   0   0
 128000   28000000|  7   7  84   0   0   1
 139000   29000000|  9   7  83   0   0   1
 137000   32000000|  9   8  83   0   0   0
 156000   36000000|  9   8  82   0   0   1
 170000   40000000|  9   7  83   0   0   1
 147000   28000000|  8   8  83   1   0   1
 136000   30000000|  9   6  84   0   0   1
 142000   33000000| 10   7  83   0   0   1
 163000   35000000|  9   6  84   0   0   1
 151000   35000000|  8   6  86   0   0   1
 162000   37000000|  8   8  83   0   0   1
 170000   38000000|  8   8  83   1   0   1
 165000   39000000|  9   8  82   0   0   1
 176000   38000000|  7   9  84   0   0   1
 165000   40000000|  8   8  83   0   0   1
 139000   28000000|  6   8  85   0   0   1
 132000   30000000| 10   7  83   0   0   0
 137000   33000000|  8   8  83   1   0   1
 158000   33000000|  8   8  83   0   0   1
 133000   30000000|  9   5  85   0   0   1
 132000   30000000|  9   6  84   0   0   1
 136000   29000000|  9   8  82   0   0   1
 126000   30000000|  8   7  84   0   0   1
 140000   25000000|  8   6  84   1   0   1
  98000   23000000|  8   7  85   0   0   0
 108000   26000000|  9   7  84   0   0   1
 126000   27000000|  9   6  84   0   0   1
 132000   26000000|  8   6  85   0   0   0
 117000   25000000|  8   6  86   0   0   1
 119000   26000000|  8   7  84   1   0   1
 123000   27000000|  8   6  85   0   0   1
 133000   26000000|  7   8  84   0   0   1
 114000   24000000|  8   6  85   0   0   1
 117000   25000000|  9   7  84   0   0   1
 120000   24000000|  8   7  84   0   0   1
 111000   24000000|  8   6  84   1   0   0
 108000   21000000|  7   6  86   0   0   1
  99000   21000000|  9   6  84   0   0   1
 104000   22000000|  7   7  84   0   0   1
 105000   23000000|  9   6  84   0   0   0
 104000   23000000|  8   7  85   0   0   0
 110000   24000000|  9   6  83   1   0   1
 113000   22000000|  9   7  84   0   0   1
 110000   23000000|  8   6  85   0   0   1
 111000   24000000|  8   7  84   0   0   0
 114000   26000000|  8   6  85   0   0   1
 119000   27000000|  8   8  84   0   0   1
 121000   29000000|  8   9  81   1   0   1
 143000   32000000|  8   8  82   0   0   2
 143000   33000000|  9   7  84   0   0   1
 170000   37000000|  8   7  79   6   0   1
 159000   38000000|  8   8  84   0   0   0
 182000   42000000|  9   7  82   0   0   1
 190000   42000000|  9  15  74   1   0   1
 187000   41000000| 10  24  64   0   0   2
 181000   41000000| 10  13  76   0   0   1
 195000   46000000| 24  22  52   0   0   2
 198000   46000000| 32  31  35   0   0   2
 204000   47000000| 12   8  79   1   0   1
 183000   40000000|  9   7  74   9   0   1
 144000   33000000| 29   8  62   0   0   1
 155000   34000000| 34   9  55   0   0   2
 151000   32000000| 34   8  57   0   0   1
 144000   34000000| 34   9  55   0   0   2
 155000   35000000| 36   8  55   1   0   1
 155000   35000000| 36   8  55   0   0   1
 165000   36000000| 64  12  22   0   0   2
   0     0| 42   9  46   0   0   3
 361000   74000000| 23   7  69   0   0   1
 114000   26000000|  6   6  87   0   0   1
 113000   26000000|  8   6  83   2   0   1
 112000   23000000|  6   5  88   0   0   1
 104000   23000000|  9   7  84   0   0   1
  98000   22000000|  6   6  87   0   0   0
 108000   24000000|  8   6  86   0   0   0
 129000   27000000|  8   7  84   1   0   1
 176000   33000000|  7   8  84   0   0   1
 165000   34000000|  8   7  84   0   0   1
 153000   36000000|  9   7  83   0   0   1
 191000   42000000| 26   9  64   0   0   1
 206000   44000000| 33   9  56   0   0   2
 172000   34000000| 34   9  55   1   0   2
 117000   28000000| 34   8  57   0   0   1
 116000   26000000| 34   7  57   0   0   1
 114000   27000000| 37   9  52   0   0   1
 114000   27000000| 62  12  25   0   0   1
 127000   30000000| 64  12  23   0   0   2
 130000   31000000| 39   9  49   1   0   1
 136000   31000000| 18   7  74   0   0   1
 121000   28000000|  6   6  86   0   0   1
 112000   24000000|  7   6  86   0   0   1
 106000   23000000|  6   7  86   0   0   1
 110000   25000000|  6   7  85   2   0   1
 125000   29000000|  8   8  84   0   0   1
 141000   31000000|  7   7  85   0   0   1
 146000   28000000|  8   6  86   0   0   1
 197000   38000000|  7   7  85   0   0   1
 197000   38000000|  7   7  84   0   0   1
 212000   38000000|  7   7  85   1   0   1
 155000   33000000|  7   6  85   0   0   1
 158000   38000000|  7   6  86   0   0   1
 156000   36000000|  7   7  85   0   0   1
 167000   39000000|  7   6  85   0   0   1
 161000   37000000|  8   8  83   0   0   1
 174000   39000000|  8   6  84   1   0   1
 153000   36000000|  8   7  84   0   0   1
 162000   36000000|  7   7  85   0   0   1
 151000   35000000| 10   6  84   0   0   1
 169000   35000000|  7   7  85   0   0   1
 137000   32000000|  7   7  85   0   0   1
 144000   33000000|  8   6  84   1   0   1
 143000   31000000|  9   5  86   0   0   1
 133000   33000000|  8   7  84   0   0   1
 144000   33000000|  8   6  85   0   0   1
 155000   36000000|  8   6  85   0   0   1
 162000   34000000|  7   7  85   0   0   1
 158000   33000000|  9   7  83   0   0   1
 151000   35000000|  8   7  85   0   0   1
 149000   35000000|  7   7  85   0   0   1
 155000   37000000|  8   7  84   0   0   1
 149000   37000000|  8   7  84   0   0   1
 158000   37000000|  7   7  86   0   0   0
 155000   35000000|  8   7  84   1   0   1
 158000   35000000|  8   6  86   0   0   1
 153000   36000000|  8   7  84   0   0   1
 167000   37000000| 33   9  57   0   0   1
 158000   35000000| 34   9  55   0   0   2
 168000   32000000| 33   9  57   0   0   1
 138000   32000000| 34   9  55   1   0   2
 149000   34000000| 33   9  57   0   0   1
 162000   34000000| 33   9  57   0   0   1
 139000   29000000| 34   8  57   0   0   1
 141000   32000000| 35   8  56   0   0   1
 147000   33000000| 36   7  56   0   0   2
 151000   33000000| 34   8  57   0   0   1
 152000   32000000| 13   7  80   0   0   1
 148000   33000000|  7   6  86   0   0   1
 156000   34000000|  7   8  84   0   0   1
 147000   32000000|  6   7  86   0   0   1
 151000   33000000|  7   6  86   0   0   1
 155000   35000000|  8   7  83   1   0   1
 169000   31000000|  8   6  86   0   0   1
 139000   31000000|  8   6  85   0   0   2
 156000   30000000|  6   6  86   0   0   1
 156000   32000000|  8   7  84   0   0   1
 199000   36000000|  7   7  85   0   0   1
 174000   35000000|  8   5  85   1   0   1
 157000   37000000|  6   7  86   0   0   1
 158000   36000000|  8   6  85   0   0   1
 140000   25000000|  6   5  88   0   0   0
  85000   18000000|  5   7  87   0   0   1
  87000   17000000| 11   7  82   0   0   0
  77000   16000000| 33   8  58   1   0   1
  80000   17000000| 32   8  60   0   0   1
  87000   18000000| 33   9  58   0   0   1
  88000   19000000| 34   7  58   0   0   1
  99000   22000000| 34   7  58   0   0   1
 107000   24000000| 34   8  56   0   0   1
 111000   24000000| 34   7  57   0   0   2
 119000   24000000| 32   8  59   0   0   1
 112000   24000000| 33   8  58   0   0   1
 117000   26000000| 34   8  57   0   0   1
 125000   26000000| 19   6  75   0   0   1
 127000   28000000|  7   7  85   1   0   1
 132000   26000000| 26   9  64   0   0   1
 106000   22000000| 32   8  59   0   0   1
 108000   23000000| 32   9  59   0   0   1
 107000   23000000| 33   8  58   0   0   1
 110000   24000000| 33   8  58   0   0   1
 112000   23000000| 34   7  58   1   0   1
 115000   23000000| 32   7  59   0   0   1
 120000   23000000| 10   8  82   0   0   1
 168000   29000000|  5   6  88   0   0   0
 132000   26000000|  7   8  85   0   0   1
 122000   25000000|  6   8  86   0   0   0
 129000   26000000|  6   5  86   2   0   1
 132000   26000000|  7   6  86   0   0   0
 117000   26000000| 13   7  79   0   0   1
 126000   23000000| 33   8  58   0   0   1
 108000   23000000| 33   7  59   0   0   1
 134000   27000000| 33   9  57   0   0   1
 179000   30000000| 35   7  57   1   0   1
 149000   32000000| 34   6  58   0   0   1
 142000   29000000| 33   7  60   0   0   1
 133000   31000000| 30   7  62   0   0   2
 147000   28000000| 33   9  58   0   0   1
 115000   23000000| 33   7  60   0   0   1
 106000   22000000| 33   7  57   1   0   1
 107000   21000000| 34   6  59   0   0   1
  98000   21000000| 32   7  60   0   0   1
 100000   22000000| 33   8  58   0   0   1
 103000   23000000| 33   7  58   0   0   1
 116000   24000000| 33   7  59   0   0   1
 128000   25000000| 59   9  32   0   0   1
 166000   28000000| 33   8  57   0   0   2
 131000   29000000| 23   8  69   0   0   0
 146000   33000000|  6   7  86   0   0   1
 117000   25000000|  5   5  89   0   0   1
 109000   24000000|  6   6  87   0   0   1
 111000   25000000|  7   6  86   1   0   1
 114000   24000000|  7   5  88   0   0   1
 111000   26000000|  8   5  87   0   0   0
 119000   27000000|  5   5  89   0   0   0
 142000   32000000|  6   7  87   0   0   1
 165000   31000000|  5   6  88   0   0   1
 189000   30000000|  6   6  85   2   0   2
 173000   28000000|  6   5  88   0   0   1
 130000   29000000|  6   6  87   0   0   1
 130000   28000000|  6   6  88   0   0   0
 143000   30000000|  8   5  86   0   0   1
 122000   26000000|  7   6  86   0   0   1
 130000   29000000|  6   6  87   1   0   1
 123000   27000000|  6   7  87   0   0   1
 118000   28000000|  6   7  87   0   0   0
 123000   28000000|  5   7  87   0   0   1
 128000   28000000|  7   6  86   0   0   1
 123000   28000000|  6   6  87   0   0   1
 136000   27000000|  5   7  87   1   0   0
 118000   27000000|  6   6  87   0   0   1
 133000   29000000|  6   5  88   0   0   1
 136000   29000000|  6   6  88   0   0   1
 138000   31000000|  7   6  86   0   0   1
 153000   32000000|  7   5  87   0   0   1
 137000   29000000|  7   6  85   1   0   1
 132000   29000000|  5   6  89   0   0   0
 130000   30000000|  6   5  88   0   0   1
 145000   29000000|  5   8  86   0   0   1
 127000   25000000|  6   5  88   0   0   1
 130000   28000000|  6   6  87   0   0   1
 130000   28000000|  5   7  87   1   0   1
 142000   30000000|  7   8  85   0   0   1
 131000   29000000|  7   7  85   0   0   1
 132000   26000000|  6   8  86   0   0   0
 128000   29000000|  7   5  87   0   0   1
 142000   32000000|  5   6  89   0   0   0
 147000   33000000|  7   5  87   1   0   1
 156000   36000000|  7   7  85   0   0   1
 163000   38000000|  6   8  86   0   0   1
 175000   40000000|  7   6  86   0   0   0
 159000   37000000|  5   7  88   0   0   1
 170000   41000000|  7   6  86   0   0   1
 192000   43000000|  8   6  84   1   0   1
 188000   43000000|  9   6  84   0   0   1
 182000   43000000|  6   7  87   0   0   1
 201000   47000000|  6   8  85   0   0   1
 206000   47000000|  8   7  83   0   0   1
 203000   48000000|  6   8  86   0   0   1
 191000   45000000|  8   7  83   1   0   1
 171000   36000000|  6   5  88   0   0   1
 121000   29000000|  7   6  87   0   0   0
 133000   31000000| 31   7  61   0   0   2
 135000   31000000| 32   7  59   0   0   1
 132000   32000000| 31   8  59   0   0   2
 143000   34000000| 33   8  58   1   0   1
 157000   36000000| 32   9  58   0   0   1
 151000   36000000| 32   7  60   0   0   1
 126000   25000000| 32   8  59   0   0   1
 126000   28000000| 32   7  61   0   0   1
 100000   20000000| 18   7  74   0   0   1
 113000   24000000|  6   4  88   2   0   1
 131000   24000000|  6   6  88   0   0   1
 105000   21000000|  7   5  87   0   0   1
 101000   21000000|  6   6  88   0   0   1
 106000   22000000|  7   5  87   0   0   1
 118000   24000000|  7   4  88   0   0   1
 120000   25000000|  6   7  86   1   0   0
 111000   24000000|  7   7  86   0   0   1
 111000   23000000|  5   6  89   0   0   0
 114000   24000000|  6   6  88   0   0   1
 136000   24000000| 16   7  76   0   0   1
 132000   24000000| 33   7  59   0   0   1
 118000   23000000| 31   8  60   1   0   1
 109000   23000000| 32   7  60   0   0   1
 110000   19000000| 31   7  61   0   0   1
  94000   18000000| 31   7  61   0   0   1
  88000   19000000| 32   7  61   0   0   1
  89000   18000000| 20   5  74   0   0   1
  88000   17000000|  5   4  90   1   0   1
  87000   15000000|  5   6  89   0   0   0
  71000   14000000|  6   6  88   0   0   0
  60000   11000000|  5   5  90   0   0   0
  63000   12000000|  5   5  89   0   0   0
  66000   13000000|  6   4  88   2   0   1
  74000   13000000|  6   6  89   0   0   0
  69000   12000000|  6   5  88   0   0   1
  74000   14000000|  4   5  90   0   0   0
  79000   15000000|  5   5  89   0   0   0
 113000   18000000|  6   6  87   0   0   1
 107000   19000000|  5   6  88   1   0   1
 112000   20000000|  6   6  88   0   0   0
  91000   19000000|  7   5  87   0   0   1
  95000   19000000| 30   7  62   0   0   1
  86000   19000000| 32   7  60   0   0   1
 101000   16000000| 32   5  62   0   0   1
  76000   14000000| 32   7  60   1   0   0
  74000   15000000| 31   6  61   0   0   1
  77000   15000000| 32   6  61   0   0   1
  79000   14000000| 32   6  61   0   0   1
  82000   15000000| 31   7  61   0   0   1
  79000   14000000| 31   7  62   0   0   1
  80000   15000000| 60   9  27   1   0   3
  83000   15000000| 61  11  27   0   0   1
  76000   15000000| 62   9  27   0   0   2
  82000   15000000| 62   9  28   0   0   1
  79000   14000000| 62   9  27   0   0   2
  75000   15000000| 61  10  28   0   0   1
  84000   13000000| 58  10  30   1   0   1
  71000   14000000| 58   7  35   0   0   1
  72000   14000000| 31   6  61   0   0   1
  76000   15000000| 29   7  63   0   0   1
  81000   14000000| 29   6  64   0   0   1
  67000   13000000| 31   5  63   0   0   0
  74000   13000000| 32   6  60   1   0   1
  59000   11000000| 31   5  63   0   0   0
  63000   12000000| 32   6  61   0   0   1
  63000   12000000| 31   5  63   0   0   1
  69000   11000000| 30   7  63   0   0   1
  60000   11000000| 31   5  62   1   0   1
  66000   13000000| 27   7  65   0   0   1
  82000   15000000|  4   5  90   0   0   0
 123000   17000000|  5   7  88   0   0   1
  84000   14000000|  4   5  91   0   0   0
  92000   16000000|  5   5  90   0   0   1
  90000   15000000|  5   6  87   1   0   1
  96000   17000000|  6   5  89   0   0   0
  90000   17000000|  6   5  88   0   0   1
  87000   15000000|  4   5  90   0   0   1
  84000   16000000|  6   6  88   0   0   0
 121000   19000000|  6   5  89   0   0   1
 105000   19000000|  6   5  88   1   0   0
 101000   21000000|  6   5  89   0   0   0
  96000   21000000|  6   5  89   0   0   0
 104000   22000000|  6   5  88   0   0   1
 104000   22000000|  6   5  88   0   0   1
 109000   24000000|  6   4  89   0   0   1
 113000   23000000|  5   6  89   1   0   0
 124000   25000000|  7   6  87   0   0   1
 119000   24000000|  5   5  89   0   0   1
 126000   27000000|  6   5  88   0   0   1
 130000   30000000|  5   6  88   0   0   1
 141000   32000000|  5   7  87   0   0   1
 155000   35000000|  4   6  88   1   0   1
 160000   36000000|  5   6  88   0   0   1
 165000   38000000|  5   7  87   0   0   1
 175000   39000000|  6   6  88   0   0   1
 152000   28000000|  5   6  88   0   0   1
 123000   26000000|  6   6  88   0   0   0
 133000   29000000|  5   6  88   1   0   1
 111000   20000000|  6   5  89   0   0   1
  94000   19000000|  6   5  89   0   0   1
 105000   21000000|  5   6  89   0   0   0
 115000   25000000|  7   5  88   0   0   1
 142000   29000000|  6   5  88   0   0   1
 126000   26000000|  5   6  87   1   0   1
 119000   26000000|  6   5  88   0   0   0
 134000   30000000|  6   5  89   0   0   0
  94000   16000000|  5   6  89   0   0   1
  76000   16000000|  5   5  90   0   0   1
  76000   15000000|  5   5  89   0   0   1
  77000   17000000|  6   6  88   1   0   1
  89000   17000000|  6   5  88   0   0   1
  90000   15000000|  5   5  90   0   0   1
  86000   18000000|  6   5  88   0   0   0
  86000   17000000|  5   5  90   0   0   0
  87000   18000000|  5   5  89   0   0   1
  91000   15000000|  5   4  89   1   0   1
  74000   14000000|  5   6  89   0   0   0
  75000   15000000|  5   6  89   0   0   1
  81000   16000000|  5   6  88   0   0   1
  76000   16000000|  5   5  89   0   0   1
  86000   16000000|  5   6  89   0   0   1
  79000   15000000|  6   6  87   1   0   0
  84000   16000000|  4   5  90   0   0   1
  85000   17000000|  7   4  88   0   0   1
  93000   18000000|  6   4  89   0   0   1
  96000   20000000|  6   6  87   0   0   1
 105000   21000000|  6   5  89   0   0   0
 101000   21000000|  7   5  87   1   0   1
 109000   22000000|  7   5  88   0   0   1
 117000   22000000|  4   5  90   0   0   0
 103000   23000000|  6   5  89   0   0   1
 115000   24000000|  6   5  89   0   0   1
 114000   26000000|  5   5  90   0   0   1
 132000   24000000|  6   5  88   1   0   0
 106000   21000000| 12   6  82   0   0   1
 108000   22000000| 31   6  62   0   0   1
 108000   23000000| 31   6  62   0   0   1
 103000   23000000| 32   6  61   0   0   2
 105000   23000000| 31   7  62   0   0   1
 107000   22000000| 31   7  61   1   0   1
 103000   22000000| 31   7  61   0   0   1
 110000   23000000| 31   7  61   0   0   2
 108000   24000000| 19   6  74   0   0   1
 116000   25000000|  5   5  89   0   0   1
 123000   21000000|  6   4  89   0   0   0
  90000   18000000|  4   6  88   1   0   1
  95000   20000000|  4   6  90   0   0   1
 100000   21000000|  6   6  88   0   0   1
 116000   24000000|  6   6  88   0   0   0
 108000   25000000|  6   4  89   0   0   1
 129000   28000000|  5   6  88   0   0   1
 153000   29000000|  4   7  88   1   0   1
 150000   30000000|  5   7  88   0   0   1
 161000   33000000|  6   6  86   0   0   2
 179000   35000000|  5   5  89   0   0   1
 130000   25000000|  5   5  89   0   0   1
 131000   27000000|  6   5  89   0   0   1
 134000   29000000| 31   7  60   1   0   1
 138000   28000000| 30   9  60   0   0   1
 131000   29000000| 31   7  61   0   0   1
 144000   27000000| 30   7  62   0   0   1
 122000   29000000| 32   6  61   0   0   1
 131000   30000000| 11   6  82   0   0   1
 144000   28000000|  4   5  89   2   0   1
 127000   28000000|  5   7  87   0   0   1
 128000   24000000|  9   5  85   0   0   1
 108000   23000000| 30   6  63   0   0   1
 116000   25000000| 31   6  62   0   0   1
 120000   26000000| 31   6  61   0   0   2
 127000   28000000| 30   8  61   0   0   1
 138000   30000000| 31   6  62   0   0   1
 160000   33000000| 32   6  61   0   0   1
 183000   34000000| 31   6  62   0   0   1
 148000   22000000| 12   6  82   0   0   1
 114000   23000000|  5   6  89   0   0   1
  89000   16000000|  4   5  88   2   0   1
  75000   16000000|  5   4  90   0   0   0
  79000   15000000|  4   5  91   0   0   0
  79000   15000000|  4   6  89   0   0   1
  78000   16000000|  5   6  90   0   0   0
  85000   17000000|  5   5  90   0   0   1
  91000   18000000|  6   5  89   1   0   0
 116000   20000000|  6   6  87   0   0   1
 148000   22000000|  6   4  90   0   0   1
  91000   19000000|  5   5  90   0   0   0
  94000   19000000|  5   5  90   0   0   1
  95000   21000000| 27   5  67   0   0   1
  97000   21000000| 31   5  62   1   0   1
  99000   21000000| 31   5  63   0   0   1
 104000   23000000| 30   6  62   0   0   2
 110000   23000000| 22   6  72   0   0   0
 118000   25000000|  5   6  89   0   0   0
  82000   15000000|  4   4  92   0   0   0
  76000   16000000|  4   5  89   1   0   0
  81000   17000000|  4   6  90   0   0   0
  83000   18000000|  4   5  91   0   0   1
  97000   20000000|  5   5  89   0   0   1
 101000   21000000|  5   5  90   0   0   1
 113000   24000000|  5   5  89   0   0   1
 153000   29000000|  5   5  88   1   0   1
 177000   30000000| 21   7  71   0   0   2
 141000   30000000| 33   5  61   0   0   2
 152000   32000000| 31   6  61   0   0   1
 145000   34000000| 31   8  60   0   0   1
 157000   36000000| 31   7  60   0   0   1
 178000   36000000| 30   6  61   1   0   1
 110000   21000000| 31   5  63   0   0   1
 106000   20000000| 30   6  63   0   0   1
  89000   19000000| 31   6  63   0   0   1
  93000   19000000| 30   5  64   0   0   1
  91000   19000000| 30   6  64   0   0   0
  92000   19000000|  6   6  87   1   0   0
  95000   20000000|  4   5  91   0   0   0
 106000   22000000|  4   5  90   0   0   1
  95000   19000000|  4   6  90   0   0   0
  91000   17000000|  5   5  90   0   0   1
  85000   16000000|  6   4  89   2   0   0
  85000   17000000|  3   5  92   0   0   1
  86000   17000000|  4   5  90   0   0   0
  95000   18000000|  3   5  90   0   0   1
 100000   17000000|  4   6  90   0   0   0
 111000   20000000|  5   5  89   0   0   1
 137000   22000000|  4   6  90   1   0   0
 112000   24000000|  6   6  88   0   0   1
 117000   25000000|  5   5  89   0   0   1
 120000   27000000|  3   5  91   0   0   1
 108000   17000000|  5   5  89   0   0   1
  81000   17000000|  5   6  89   0   0   0
  91000   20000000|  5   6  88   1   0   1
 104000   21000000|  5   5  90   0   0   0
  96000   19000000|  4   6  89   0   0   1
  99000   21000000|  5   4  91   0   0   1
 104000   21000000|  5   5  89   0   0   1
 110000   23000000|  4   5  90   0   0   1
 112000   24000000|  5   4  90   1   0   1
 119000   25000000| 30   6  62   0   0   2
 123000   28000000| 30   7  62   0   0   1
 136000   30000000| 31   6  62   0   0   2
 145000   33000000| 31   6  61   0   0   1
 159000   34000000| 30   7  61   0   0   1
 165000   38000000| 30   8  60   1   0   1
 170000   32000000| 29   6  64   0   0   1
 140000   32000000|  4   5  89   0   0   1
 159000   35000000|  5   5  89   0   0   1
 132000   22000000|  5   4  91   0   0   0
  97000   21000000|  4   6  90   0   0   1
 111000   24000000|  5   4  89   1   0   1
 120000   24000000|  4   6  89   0   0   1
 113000   25000000|  4   6  89   0   0   1
 119000   26000000|  5   5  90   0   0   0
 123000   23000000|  4   5  90   0   0   1
 142000   24000000|  4   6  89   1   0   1
 135000   25000000|  6   5  89   0   0   1
 116000   26000000|  5   4  90   0   0   1
 133000   27000000|  5   5  90   0   0   1
 131000   29000000|  6   5  89   0   0   1
 149000   28000000|  4   6  90   0   0   1
 129000   25000000|  4   5  90   1   0   0
 124000   25000000|  5   5  89   0   0   1
 117000   23000000|  4   6  89   0   0   1
 115000   24000000|  4   5  91   0   0   0
 112000   24000000|  4   6  90   0   0   1
 116000   24000000|  4   4  92   0   0   1
 105000   22000000|  5   4  89   1   0   0
 105000   23000000|  4   5  90   0   0   1
 111000   21000000|  5   5  89   0   0   1
 100000   19000000|  4   5  90   0   0   1
  97000   19000000|  5   5  90   0   0   1
  97000   20000000|  4   6  90   0   0   0
 101000   21000000|  4   5  90   1   0   1
 103000   21000000|  5   4  91   0   0   0
 108000   22000000|  5   5  90   0   0   0
 108000   22000000|  4   5  91   0   0   0
 119000   23000000|  4   6  90   0   0   1
 115000   22000000|  5   5  90   0   0   0
 106000   23000000|  5   5  89   1   0   0
 115000   25000000|  4   5  90   0   0   1
 127000   26000000|  5   5  90   0   0   1
 130000   26000000|  4   5  90   0   0   1
 126000   23000000|  5   5  89   0   0   0
 104000   23000000|  3   6  91   0   0   1
 121000   23000000|  5   4  90   1   0   1
 102000   20000000|  5   6  90   0   0   0
  98000   21000000| 17   4  79   0   0   0
 111000   22000000| 28   6  64   0   0   1
 100000   20000000| 29   5  64   0   0   2
 105000   22000000| 30   5  64   0   0   1
 102000   22000000| 49   8  41   1   0   1
 114000   23000000| 57   9  33   0   0   1
 113000   24000000| 54   8  36   0   0   2
 118000   25000000| 29   5  64   0   0   1
 129000   25000000| 30   6  63   0   0   1
 104000   19000000| 30   5  64   0   0   1
  82000   17000000| 29   6  63   1   0   1
  93000   20000000| 15   5  79   0   0   1
 101000   20000000|  3   4  92   0   0   1
 100000   21000000|  4   4  92   0   0   0
 103000   19000000| 29   6  64   0   0   1
  81000   17000000| 30   4  65   0   0   1
 111000   19000000| 28   5  64   1   0   2
 126000   19000000| 29   5  65   0   0   1
  87000   19000000| 28   6  66   0   0   1
  94000   19000000|  4   5  90   0   0   1
  94000   18000000|  4   6  91   0   0   0
  77000   13000000|  4   5  91   0   0   0
 106000   16000000|  4   4  90   1   0   1
  96000   15000000|  5   4  91   0   0   0
  76000   15000000|  4   5  91   0   0   0
  70000   14000000|  4   4  91   0   0   1
  72000   12000000|  4   4  92   0   0   0
  81000   14000000|  3   5  91   0   0   0
  94000   14000000|  4   5  90   1   0   1
  90000   16000000|  4   5  92   0   0   0
  82000   16000000|  3   4  92   0   0   1
  84000   17000000|  4   5  91   0   0   0
  79000   15000000|  4   4  91   0   0   1
  80000   16000000|  5   5  90   0   0   0
  88000   15000000|  4   5  90   1   0   1
  82000   15000000|  4   4  93   0   0   0
  78000   16000000|  4   5  91   0   0   1
  82000   17000000|  3   5  92   0   0   0
  93000   18000000|  3   4  93   0   0   0
  92000   19000000|  4   5  91   0   0   1
 105000   19000000|  4   5  91   1   0   1
  92000   17000000|  4   5  90   0   0   1
  86000   18000000|  4   5  91   0   0   0
  91000   18000000|  4   5  90   0   0   1
  93000   20000000|  4   5  91   0   0   0
 101000   20000000|  5   4  91   0   0   0
 105000   23000000|  4   4  90   1   0   1
 111000   21000000|  4   6  90   0   0   1
 109000   21000000|  5   5  90   0   0   1
 104000   20000000|  4   6  89   0   0   1
  98000   20000000|  3   5  92   0   0   1
 105000   20000000|  4   4  91   0   0   1
  93000   19000000|  4   4  90   2   0   1
 102000   20000000|  4   5  91   0   0   0
  94000   20000000|  4   5  90   0   0   1
 101000   21000000|  4   5  91   0   0   0
 103000   18000000|  3   5  92   0   0   1
  85000   17000000|  4   5  91   0   0   1
  84000   18000000|  3   6  91   1   0   0
  87000   17000000|  4   4  92   0   0   0
  85000   18000000|  4   4  91   0   0   1
  86000   18000000|  5   5  90   0   0   1
  93000   19000000|  4   5  91   0   0   0
  91000   18000000|  3   5  91   0   0   0
  96000   20000000|  5   5  90   1   0   0
  99000   20000000| 13   6  80   0   0   1
 109000   20000000| 30   5  65   0   0   0
 108000   19000000| 29   5  65   0   0   1
  91000   16000000| 28   5  65   0   0   2
  93000   16000000| 29   6  64   0   0   1
  84000   14000000| 29   6  64   1   0   1
  77000   15000000| 29   4  66   0   0   1
  80000   14000000| 29   6  64   0   0   1
  74000   15000000| 29   5  65   0   0   1
  83000   16000000| 29   6  64   0   0   1
  85000   17000000| 31   5  64   0   0   1
  95000   18000000| 30   5  64   1   0   1
  87000   17000000| 29   6  64   0   0   1
  98000   20000000| 30   5  65   0   0   1
 100000   19000000| 29   6  64   0   0   1
  94000   17000000| 28   5  66   0   0   1
  77000   15000000| 30   5  64   0   0   1
  88000   15000000| 29   5  65   1   0   0
  70000   13000000| 30   5  65   0   0   1
  71000   14000000| 29   6  65   0   0   1
  72000   14000000| 29   5  66   0   0   1
  72000   15000000| 29   5  65   0   0   1
  72000   16000000| 20   5  75   0   0   1
  78000   17000000|  4   5  90   0   0   1
  83000   18000000|  4   4  92   0   0   1
  90000   18000000|  4   5  91   0   0   0
  77000   17000000|  3   5  91   0   0   1
  89000   16000000|  2   4  93   0   0   0
  80000   17000000| 27   6  64   2   0   2
  85000   17000000| 30   5  65   0   0   1
  79000   16000000| 29   5  66   0   0   1
  87000   16000000| 29   5  65   0   0   1
  92000   16000000| 29   4  66   0   0   1
  85000   17000000| 29   6  64   0   0   1
  99000   18000000| 29   4  65   1   0   1
  99000   18000000| 29   6  64   0   0   1
  89000   16000000| 30   4  65   0   0   1
  83000   15000000| 30   4  65   0   0   1
  81000   15000000| 29   5  66   0   0   0
  72000   15000000| 29   6  65   0   0   1
  76000   14000000| 29   5  64   2   0   1
  77000   14000000| 30   5  65   0   0   1
  65000   13000000| 29   5  66   0   0   1
  66000   13000000| 30   5  65   0   0   0
  67000   14000000| 29   4  66   0   0   1
  71000   15000000| 29   5  65   1   0   1
  73000   14000000| 29   4  65   0   0   1
  74000   15000000| 29   4  66   0   0   1
  81000   16000000| 29   6  64   0   0   1
  84000   18000000| 29   5  65   0   0   1
  97000   20000000| 29   6  64   0   0   1
 111000   23000000| 30   4  64   1   0   1
 125000   24000000| 31   5  63   0   0   1
 114000   21000000| 29   5  65   0   0   1
 112000   23000000| 29   6  64   0   0   1
 117000   23000000| 30   5  65   0   0   1
 124000   21000000| 30   5  64   0   0   2
 102000   22000000| 30   5  63   1   0   1
 108000   22000000| 29   6  63   0   0   1
 109000   22000000| 30   5  64   0   0   1
 105000   20000000| 29   5  65   0   0   1
 104000   19000000| 29   7  64   0   0   1
  92000   18000000| 30   5  65   0   0   1
  99000   18000000| 29   6  63   1   0   1
  83000   15000000| 31   5  64   0   0   1
  77000   15000000| 29   5  65   0   0   1
  82000   14000000| 29   5  65   0   0   1
  69000   14000000| 29   5  65   0   0   1
  69000   13000000| 30   5  64   1   0   1
  69000   13000000| 29   4  66   0   0   0
  70000   12000000| 30   5  65   0   0   0
  61000   12000000| 29   5  66   0   0   1
  61000   12000000| 29   4  67   0   0   0
  66000   13000000| 29   5  66   0   0   0
  70000   12000000| 28   4  67   1   0   0
  62000   13000000|  6   5  89   0   0   1
  69000   14000000|  4   5  91   0   0   0
  80000   15000000|  4   3  93   0   0   0
  74000   14000000|  3   4  93   0   0   0
  70000   14000000|  4   5  91   0   0   0
  73000   14000000|  4   4  90   2   0   0
  69000   14000000|  5   3  92   0   0   0
  65000   12000000|  3   4  93   0   0   0
  64000   13000000| 13   5  82   0   0   1
  63000   11000000| 28   5  66   0   0   1
  58000   12000000| 29   5  67   0   0   0
  62000   12000000| 29   4  66   1   0   1
  69000   13000000| 28   6  65   0   0   1
  85000   14000000| 28   5  65   0   0   2
 110000   15000000| 28   5  66   0   0   1
  87000   15000000| 29   6  65   0   0   1
  82000   17000000| 26   4  69   0   0   1
  85000   16000000|  2   5  92   1   0   0
  78000   16000000|  3   5  91   0   0   1
  61000   10000000|  4   4  92   0   0   0
  56000   11000000|  2   5  93   0   0   0
  59000   11000000|  4   4  92   0   0   0
  62000   11000000|  3   5  91   1   0   1
  52000 9833000|  4   5  91   0   0   0
  56000   11000000|  3   5  92   0   0   1
  65000   11000000|  3   5  92   0   0   1
  99000   14000000|  3   5  92   0   0   0
  94000   12000000|  3   5  92   0   0   1
  55000   11000000|  5   4  91   1   0   0
  60000   11000000|  3   5  92   0   0   0
  60000   12000000|  4   5  91   0   0   0
  63000   12000000|  4   4  91   0   0   0
  62000   12000000|  4   5  91   0   0   0
  60000   11000000|  3   4  92   0   0   0
  60000   11000000|  3   5  91   1   0   0
  56000   11000000|  4   5  92   0   0   0
  54000   11000000|  5   4  91   0   0   0
  61000   12000000|  4   5  91   0   0   1
  64000   12000000|  5   4  91   0   0   0
  62000   12000000|  4   5  91   0   0   0
  61000   13000000|  3   4  90   3   0   0
  68000   14000000|  3   5  91   0   0   0
  74000   13000000|  3   5  92   0   0   1
  64000   13000000|  4   4  92   0   0   1
  70000   14000000|  3   5  92   0   0   0
  76000   14000000|  3   4  93   0   0   0
  71000   14000000|  4   4  92   1   0   1
  76000   15000000|  3   5  91   0   0   1
  73000   14000000| 14   5  81   0   0   0
  75000   14000000| 28   5  66   0   0   1
  65000   14000000| 30   4  66   0   0   1
  76000   14000000| 28   5  66   0   0   1
  70000   14000000| 28   6  64   1   0   1
  75000   15000000| 29   4  66   0   0   1
  71000   12000000| 28   6  66   0   0   1
  64000   13000000| 29   5  65   0   0   1
  74000   15000000| 29   5  65   0   0   1
  72000   15000000| 30   5  65   0   0   1
  82000   17000000| 28   5  65   1   0   1
  83000   16000000| 29   5  66   0   0   1
  81000   17000000| 30   5  65   0   0   1
  88000   17000000| 28   5  66   0   0   1
  87000   19000000| 29   5  64   0   0   1
  89000   20000000| 29   6  64   0   0   1
  97000   21000000| 36   5  56   1   0   2
 104000   22000000| 56   8  34   0   0   2
 104000   23000000| 55   8  36   0   0   1
 117000   25000000| 31   6  62   0   0   1
 126000   25000000| 29   5  65   0   0   1
 122000   24000000| 29   7  63   0   0   2
 103000   22000000| 28   5  64   2   0   2
 111000   24000000| 28   6  65   0   0   1
  94000   17000000| 28   6  66   0   0   1
  85000   19000000| 29   5  64   0   0   2
  98000   21000000| 38   5  57   0   0   1
 103000   20000000| 46   7  46   0   0   1
 121000   22000000| 28   6  64   2   0   1
 154000   24000000| 28   5  67   0   0   0
 101000   20000000| 29   5  65   0   0   1
  99000   22000000| 28   5  66   0   0   2
 116000   22000000| 29   6  65   0   0   1
  98000   18000000| 28   5  65   1   0   1
  92000   19000000| 28   5  66   0   0   1
  92000   19000000| 28   5  67   0   0   1
  93000   20000000| 28   5  66   0   0   1
  98000   19000000| 29   5  66   0   0   1
  96000   20000000| 29   5  65   0   0   1
 110000   22000000| 29   5  65   1   0   1
 155000   23000000| 29   5  64   0   0   1
 123000   22000000| 28   5  65   0   0   1
 103000   22000000| 29   4  66   0   0   1
 107000   21000000| 11   6  83   0   0   1
  99000   21000000|  4   4  91   0   0   0
 102000   21000000|  4   4  89   2   0   1
  97000   20000000|  3   3  94   0   0   0
  94000   20000000|  3   5  92   0   0   1
  97000   19000000|  3   5  92   0   0   1
  88000   17000000|  3   5  92   0   0   0
  81000   16000000|  4   4  92   0   0   1
  81000   16000000|  4   4  91   1   0   0
  78000   16000000|  3   5  92   0   0   1
  79000   17000000|  3   4  92   0   0   1
  84000   17000000|  4   5  91   0   0   1
  96000   19000000|  3   4  92   0   0   0
  98000   17000000|  3   5  91   0   0   0
 100000   19000000|  4   5  90   1   0   1
 106000   18000000|  3   4  93   0   0   1
 102000   19000000|  3   5  92   0   0   0
  97000   21000000|  3   5  92   0   0   1
 105000   23000000|  4   4  92   0   0   0
 114000   25000000|  5   3  90   0   0   1
 140000   27000000|  4   5  90   1   0   1
 138000   27000000|  3   5  92   0   0   1
 130000   24000000|  4   5  90   0   0   0
 121000   23000000|  4   4  92   0   0   1
 112000   25000000|  4   3  92   0   0   1
 119000   23000000|  4   4  91   1   0   1
 117000   21000000|  4   3  92   0   0   1
 107000   20000000|  5   4  91   0   0   1
  95000   19000000|  3   4  93   0   0   1
  93000   19000000|  2   5  93   0   0   0
  91000   18000000|  4   5  91   0   0   1
  96000   18000000|  4   6  88   1   0   0
  87000   17000000|  3   4  93   0   0   0
  83000   17000000|  4   4  91   0   0   0
  89000   17000000|  4   4  92   0   0   1
  93000   16000000|  3   5  92   0   0   0
  78000   15000000|  3   5  91   0   0   1
  78000   16000000|  4   4  90   1   0   1
  74000   17000000|  4   4  93   0   0   0
  86000   16000000| 11   4  84   0   0   1
  79000   17000000| 29   4  66   0   0   1
  87000   18000000| 29   5  65   0   0   1
  88000   18000000| 28   4  67   0   0   1
  92000   20000000| 28   5  65   1   0   1
  95000   21000000| 29   4  66   0   0   1
 107000   21000000| 28   5  66   0   0   1
  99000   20000000| 28   5  66   0   0   1
  90000   20000000| 28   6  65   0   0   1
  99000   21000000| 37   5  56   0   0   2
  96000   22000000| 55   8  35   1   0   2
  96000   23000000| 55   9  34   0   0   2
 108000   24000000| 55   7  37   0   0   1
 119000   23000000| 41   5  53   0   0   1
 110000   23000000|  6   4  89   0   0   1
 104000   20000000|  3   3  94   0   0   1
  81000   17000000|  4   4  90   2   0   0
  70000   14000000|  2   5  93   0   0   1
  67000   14000000|  3   3  94   0   0   0
  73000   13000000|  3   4  93   0   0   0
  66000   12000000|  3   4  93   0   0   0
  65000   14000000| 12   4  83   1   0   1
 100000   17000000| 27   5  67   0   0   1
 137000   20000000| 27   6  66   0   0   1
  94000   18000000| 28   5  67   0   0   1
 101000   19000000| 27   4  68   0   0   1
 112000   17000000| 28   4  66   0   0   1
  89000   16000000| 27   4  66   1   0   1
  86000   17000000|  4   4  92   0   0   0
  86000   19000000|  3   3  93   0   0   0
  84000   16000000|  1   2  97   0   0   0
  79000   16000000|  2   1  97   0   0   0
  81000   17000000|  2   1  96   0   0   0
  88000   19000000|  1   2  95   2   0   0
  90000   16000000|  3   2  95   0   0   0
  66000   15000000|  2   2  96   0   0   0
  94000   15000000|  2   2  96   0   0   0
 100000   16000000|  2   2  97   0   0   0
 124000   23000000|  2   3  96   0   0   0
  86000   16000000|  2   2  95   1   0   0
  89000   19000000|  2   2  96   0   0   0
  83000   17000000|  2   2  96   0   0   0
  82000   19000000|  2   1  97   0   0   0
  95000   19000000|  1   1  98   0   0   0
  85000   20000000|  2   2  96   0   0   0
  98000   21000000|  3   2  94   1   0   0
  98000   20000000|  1   1  98   0   0   0
  94000   20000000|  2   1  97   0   0   0
 101000   21000000|  2   2  96   0   0   0
  99000   21000000|  2   2  96   0   0   0
 105000   22000000|  2   1  96   0   0   0
  99000   22000000|  2   2  95   1   0   0
 105000   23000000|  1   2  97   0   0   0
 106000   21000000|  2   1  97   0   0   0
 106000   21000000|  3   2  95   0   0   0
  96000   18000000|  2   1  97   0   0   0
  94000   20000000|  2   2  96   0   0   0
  91000   18000000|  2   2  96   1   0   0
  82000   19000000|  2   2  97   0   0   0
  86000   19000000|  2   1  97   0   0   0
  94000   19000000|  2   2  97   0   0   0
  87000   17000000|  2   1  97   0   0   0
  84000   18000000|  3   2  96   0   0   0
  86000   17000000|  2   2  95   1   0   0
  81000   17000000|  2   1  96   0   0   0
  87000   18000000|  1   2  97   0   0   0
  92000   17000000|  2   2  96   0   0   0
  80000   17000000|  2   1  97   0   0   0
  82000   18000000|  2   2  95   1   0   0
 104000   18000000|  1   1  98   0   0   0
  83000   16000000|  3   2  96   0   0   0
  81000   17000000|  2   1  97   0   0   0
  84000   17000000|  2   1  97   0   0   0
  86000   17000000|  2   1  97   0   0   0
  84000   17000000|  2   1  96   1   0   0
  83000   17000000|  2   2  97   0   0   0
  82000   16000000|  2   2  96   0   0   0
  85000   17000000|  2   1  97   0   0   0
  83000   16000000|  2   1  97   0   0   0
  83000   17000000|  8   2  90   0   0   0
  91000   17000000| 27   3  69   1   0   0
  84000   18000000| 26   3  70   0   0   1
  93000   18000000| 26   3  71   0   0   1
  96000   18000000| 26   2  72   0   0   1
  94000   18000000| 27   1  72   0   0   0
  86000   16000000| 26   2  72   0   0   1
  85000   16000000| 26   2  71   1   0   0
  73000   16000000| 27   1  72   0   0   1
  76000   16000000| 27   1  71   0   0   1
  79000   16000000| 27   2  71   0   0   1
  82000   15000000| 26   1  72   0   0   0
  72000   15000000|  8   2  90   0   0   0
  76000   16000000|  2   1  95   1   0   0
  82000   16000000|  2   2  97   0   0   0
  76000   15000000|  2   1  97   0   0   0
  78000   12000000|  2   1  97   0   0   0
  58000   12000000|  2   1  97   0   0   0
  58000   12000000|  1   1  98   0   0   0
  59000   12000000|  1   1  96   1   0   0
  66000   11000000|  2   1  97   0   0   0
  57000   10000000|  2   1  97   0   0   0
  48000 9602000|  1   2  97   0   0   0
  50000   10000000|  1   1  97   0   0   0
  57000   10000000|  2   1  98   0   0   0
  56000   10000000|  2   1  96   1   0   0
  51000   10000000|  2   1  98   0   0   0
  53000   10000000|  2   1  97   0   0   0
  56000   10000000|  2   1  97   0   0   0
  54000 9418000|  2   1  97   0   0   0
  49000 9954000|  1   1  98   0   0   0
  53000   10000000|  1   2  96   1   0   0
  53000   10000000|  2   1  96   0   0   0
  52000   11000000|  2   1  98   0   0   0
  57000   12000000|  1   2  97   0   0   0
  62000   13000000|  2   1  97   0   0   0
  68000   13000000|  1   1  98   0   0   0
  67000   14000000|  2   2  95   1   0   0
  72000   14000000|  2   1  97   0   0   0
  75000   13000000|  2   1  97   0   0   0
  63000   13000000|  2   2  96   0   0   0
  70000   14000000|  2   1  97   0   0   0
  70000   13000000|  2   1  97   0   0   0
  77000   12000000|  2   1  96   1   0   0
  58000   11000000|  2   1  97   0   0   0
  54000   11000000|  2   2  97   0   0   0
  57000   12000000|  1   1  97   0   0   0
  59000   11000000|  1   2  97   0   0   0
  56000   11000000|  2   1  97   0   0   0
  58000   12000000|  2   2  96   1   0   0
  59000   12000000|  2   1  97   0   0   0
  62000   12000000|  2   1  98   0   0   0
  57000   12000000|  2   1  97   0   0   0
  62000   12000000|  2   1  97   0   0   0
  60000   12000000|  2   2  96   0   0   0
  63000   13000000|  2   2  96   1   0   0
  63000   12000000|  2   1  97   0   0   0
  61000   13000000|  2   1  98   0   0   0
  60000   13000000|  2   2  97   0   0   0
  59000   13000000|  2   1  97   0   0   0
  64000   13000000|  2   2  96   0   0   0
  64000   12000000|  2   2  95   1   0   0
  56000   13000000|  2   1  97   0   0   0
  64000   14000000|  2   1  97   0   0   0
  66000   14000000|  2   2  97   0   0   0
  68000   15000000|  2   1  97   0   0   0
  77000   14000000|  2   2  96   0   0   0
  75000   14000000|  1   2  96   1   0   0
  69000   15000000|  2   2  97   0   0   0
  81000   17000000|  3   1  96   0   0   0
  81000   18000000|  2   2  96   0   0   0
  85000   18000000|  1   2  97   0   0   0
  84000   19000000|  2   2  96   0   0   0
  99000   23000000|  2   2  96   1   0   0
 101000   17000000|  2   1  97   0   0   0
  70000   16000000|  2   1  97   0   0   0
  82000   19000000|  2   1  98   0   0   0
  88000   19000000|  2   2  96   0   0   0
  96000   21000000|  2   1  97   0   0   0
  98000   20000000|  2   1  96   1   0   0
 103000   16000000|  1   2  97   0   0   0
  78000   15000000|  2   1  97   0   0   0
  78000   16000000|  2   2  97   0   0   0
  78000   17000000|  2   1  97   0   0   0
  89000   19000000|  2   1  96   0   0   0
  88000   17000000|  2   2  95   1   0   0
  90000   19000000|  2   1  97   0   0   0
  91000   20000000| 14   1  85   0   0   0
 100000   21000000| 27   2  71   0   0   1
 101000   21000000| 27   1  72   0   0   1
 115000   22000000| 27   2  71   0   0   0
 105000   21000000| 26   2  70   1   0   0
 100000   22000000| 26   2  72   0   0   0
 112000   23000000| 27   1  71   0   0   0
 103000   21000000| 26   2  72   0   0   0
 102000   22000000| 22   2  75   0   0   1
 100000   22000000| 26   2  72   0   0   0
  97000   20000000| 26   2  70   2   0   1
  75000   16000000| 26   2  73   0   0   0
  77000   18000000| 26   1  72   0   0   1
  81000   18000000| 22   1  76   0   0   0
  87000   20000000|  1   2  97   0   0   0
  92000   19000000|  1   1  96   2   0   0
  76000   17000000|  1   1  98   0   0   0
  83000   16000000|  1   1  98   0   0   0
  75000   18000000|  1   1  98   0   0   0
  82000   19000000|  1   2  97   0   0   0
  93000   21000000|  1   1  97   1   0   0
  99000   23000000|  1   1  98   0   0   0
 112000   24000000|  3   2  96   0   0   0
 107000   24000000| 26   1  72   0   0   1
 115000   22000000| 26   2  72   0   0   0
  94000   21000000| 26   1  73   0   0   0
  97000   21000000| 26   1  72   1   0   0
 111000   21000000| 34   1  64   0   0   1
  83000   18000000| 50   2  47   0   0   1
  86000   20000000| 32   2  66   0   0   1
  84000   18000000| 25   1  73   0   0   0
  61000   12000000| 18   1  81   0   0   0
  51000   12000000|  1   1  97   2   0   0
  42000 8138000|  1   0  99   0   0   0
  24000 5470000|  0   0 100   0   0   0
  27000 5537000| 24   1  75   0   0   0
  26000 5604000| 25   0  75   0   0   0
  26000 5403000| 25   0  74   2   0   0
  27000 5670000| 25   0  75   0   0   0
  27000 5403000| 25   0  75   0   0   0
  29000 5737000| 25   0  75   0   0   0
  27000 5537000| 25   0  75   0   0   0
  31000 6071000| 21   1  78   0   0   0
  37000 6138000|  0   0  98   1   0   0
  28000 4410000|  0   0 100   0   0   0
2362B  860B|  0   0 100   0   0   0
2168B    0|  0   0 100   0   0   0
