   0     0|  2   1  92   5   0   0
6239B 9197B| 16  15  69   0   0   0
  20000   16000|  5   5  89   1   0   0
  12000   18000|  8   5  87   0   0   1
8257B   11000|  6   4  89   0   0   0
7081B   16000|  6   6  88   0   0   0
2317B   10000|  5   5  89   0   0   0
2155B 3511B|  5   5  90   0   0   0
1673B 1855B|  6   6  88   1   0   0
1745B 3319B|  6   5  89   0   0   0
8033B  248000| 10  10  80   0   0   0
  25000 2081000|  9   5  86   0   0   0
 112000 9867000|  9   6  84   0   0   1
 308000   25000000| 10   9  78   1   0   2
 289000   21000000|  9   8  83   0   0   1
 125000   16000000| 10   7  82   0   0   1
 111000   16000000|  9   5  85   0   0   1
  79000   12000000|  9   6  84   0   0   1
  95000   14000000|  9   8  83   0   0   0
  76000   10000000|  8   8  83   1   0   1
  77000   13000000| 10   7  82   0   0   1
  84000   12000000|  8   8  83   0   0   1
  79000   13000000|  7   8  86   0   0   0
  74000   12000000|  9   8  82   0   0   1
  70000   12000000|  9   6  83   1   0   1
  69000   12000000|  9   7  84   0   0   0
  71000   14000000| 10   7  83   0   0   1
  78000   14000000|  9   6  84   0   0   1
  72000   14000000|  9   8  83   0   0   0
  74000   15000000|  8   6  85   0   0   1
  84000   17000000|  8   8  82   1   0   1
  82000   14000000| 10   7  83   0   0   0
  81000   16000000|  9   6  84   0   0   1
  96000   18000000| 10   6  82   0   0   1
  93000   18000000|  9   7  83   0   0   1
 108000   19000000|  9   7  82   1   0   1
 103000   21000000|  9   8  83   0   0   1
 116000   21000000| 10   7  82   0   0   1
 118000   24000000|  9   8  83   0   0   1
 125000   22000000|  9   7  83   0   0   1
 120000   21000000| 10   8  81   0   0   1
 108000   19000000| 10   7  81   1   0   1
 115000   21000000| 11   8  80   0   0   1
 109000   17000000|  9   6  85   0   0   0
 106000   20000000| 10   7  82   0   0   1
 107000   16000000|  9   7  83   0   0   1
  98000   17000000|  9   6  82   1   0   1
  98000   18000000| 10   7  82   0   0   2
  98000   16000000|  9   7  84   0   0   1
  96000   15000000| 10   7  83   0   0   1
  95000   16000000|  8   7  84   0   0   0
  96000   17000000| 10   7  83   0   0   0
 102000   15000000|  9   8  81   1   0   1
  80000   14000000|  8   8  84   0   0   1
  94000   17000000|  9   8  83   0   0   1
  97000   18000000|  9   7  84   0   0   0
 108000   19000000|  8   7  84   0   0   1
 105000   19000000|  9   7  83   1   0   0
 111000   21000000| 10   8  81   0   0   1
 104000   19000000|  8   7  85   0   0   0
 101000   19000000|  8   9  82   0   0   1
 107000   21000000| 10   7  83   0   0   1
 101000   16000000|  8   7  84   0   0   1
  95000   19000000| 10   8  80   1   0   1
 104000   21000000|  9   8  82   0   0   1
 110000   22000000|  8   7  84   0   0   1
 118000   24000000| 10   7  82   0   0   1
 123000   24000000|  8   8  83   0   0   1
 131000   21000000|  9   8  81   1   0   1
 112000   20000000| 10   8  81   0   0   1
 120000   20000000| 10   6  84   0   0   0
 123000   21000000|  9   7  83   0   0   1
 117000   20000000| 11   8  81   0   0   0
 131000   21000000|  9   7  83   0   0   1
 116000   16000000| 10   8  81   1   0   0
  88000   17000000|  8   7  83   0   0   1
 102000   19000000|  9   8  83   0   0   1
 102000   17000000| 10   7  81   0   0   1
 104000   18000000|  8   7  84   0   0   1
 101000   16000000| 11   5  83   1   0   0
  99000   16000000|  9   8  83   0   0   1
 103000   17000000|  8   7  85   0   0   1
  90000   15000000|  8   8  83   0   0   1
  98000   16000000| 10   7  83   0   0   0
  96000   17000000| 10   7  82   0   0   1
 103000   20000000|  9   9  81   1   0   0
 112000   17000000|  9   7  84   0   0   1
  95000   18000000|  8   7  85   0   0   0
 115000   20000000|  9   9  82   0   0   1
 111000   19000000| 10   7  83   0   0   1
 110000   19000000|  8   9  83   0   0   0
 121000   22000000| 11   8  80   1   0   1
 121000   22000000|  8   9  83   0   0   0
 132000   25000000| 10   6  82   0   0   1
 137000   26000000|  9   8  82   0   0   1
 143000   29000000|  7   9  83   0   0   1
 153000   28000000| 11   8  80   1   0   1
 163000   27000000| 10   7  83   0   0   1
 146000   28000000| 10   8  81   0   0   1
 160000   26000000| 10   8  81   0   0   1
 142000   24000000|  9   8  83   0   0   1
 131000   27000000| 10   7  81   0   0   1
 156000   28000000| 11   6  81   1   0   1
 138000   25000000| 10   9  81   0   0   0
 141000   23000000| 10   8  81   0   0   1
 140000   26000000|  9   8  83   0   0   1
 136000   23000000|  9   9  81   0   0   1
 126000   24000000|  9   8  82   0   0   1
 139000   26000000| 10   7  81   1   0   1
 130000   22000000|  8   8  83   0   0   1
 117000   23000000| 10   7  82   0   0   1
 134000   25000000| 10   8  82   0   0   1
 134000   26000000| 10   7  82   0   0   1
 135000   25000000|  8   8  82   1   0   1
 137000   25000000| 10   7  82   0   0   1
 134000   20000000|  9   7  83   0   0   1
 108000   19000000| 10   8  82   0   0   1
 101000   17000000|  9   7  83   0   0   1
 106000   21000000| 10   7  83   0   0   1
 116000   22000000| 10   8  80   1   0   1
 127000   23000000|  8   9  82   0   0   1
 118000   25000000| 11   7  81   0   0   1
 133000   23000000| 11   6  83   0   0   1
 117000   20000000| 10   8  82   0   0   1
 104000   20000000| 10   7  82   1   0   0
 113000   21000000|  8   7  84   0   0   1
 110000   16000000|  9   7  82   1   0   1
  94000   16000000|  8   9  80   3   0   1
  94000   16000000|  9   7  81   2   0   1
  94000   16000000| 10   8  81   0   0   1
  95000   16000000|  8   8  82   1   0   1
  87000   12000000|  9   8  82   0   0   0
  82000   13000000|  9   8  82   0   0   1
  80000   13000000|  9   8  83   0   0   0
  77000   11000000| 10   6  83   0   0   0
  70000   11000000|  8   8  82   1   0   1
  71000   12000000| 10   7  83   0   0   0
  74000   12000000|  9   6  85   0   0   1
  75000   12000000| 11   5  84   0   0   1
  81000   13000000|  9   6  85   0   0   0
  75000   12000000|  9   6  84   0   0   1
  78000   12000000|  8   7  83   2   0   1
  76000   14000000|  9   7  83   0   0   1
  80000   14000000|  9   7  84   0   0   0
  88000   14000000|  9   9  81   0   0   1
  78000   12000000| 10   7  83   0   0   0
  82000   14000000| 11   7  80   1   0   1
  86000   15000000|  9   7  83   0   0   0
  87000   16000000|  9   6  85   0   0   0
  85000   16000000|  9   6  85   0   0   1
  90000   17000000|  9   7  83   0   0   1
  92000   18000000|  8   7  85   0   0   0
 100000   19000000| 10   7  81   1   0   1
 106000   17000000| 10   9  81   0   0   1
  94000   16000000|  9   8  83   0   0   1
  98000   17000000| 11   7  82   0   0   1
 104000   18000000|  9   9  82   0   0   0
 106000   17000000|  9   8  82   1   0   0
 106000   17000000| 10   8  81   0   0   1
 116000   17000000|  9   6  84   0   0   1
 112000   19000000|  8   8  83   0   0   1
 117000   21000000| 11   8  81   0   0   1
 130000   24000000| 10   7  83   0   0   1
 155000   25000000| 10   9  79   1   0   1
 138000   25000000| 10   7  82   0   0   1
 130000   17000000|  8  10  81   0   0   1
 123000   22000000|  9   9  82   0   0   1
 136000   25000000| 10   8  82   0   0   1
 149000   22000000|  9   7  83   1   0   1
 128000   20000000| 11  10  79   0   0   1
 117000   19000000| 10   9  80   0   0   1
 120000   19000000|  9   8  83   0   0   1
 110000   18000000|  8   9  82   0   0   1
 114000   18000000|  8  11  81   0   0   1
 106000   16000000|  8   6  83   1   0   1
  92000   17000000| 10   7  83   0   0   1
  98000   18000000|  8   9  82   0   0   1
 107000   17000000| 11   7  82   0   0   0
  90000   16000000|  9  13  77   0   0   1
 103000   16000000|  9   6  83   1   0   1
  88000   14000000| 10   8  81   0   0   1
  87000   16000000| 10   7  82   0   0   1
  91000   17000000| 10   8  82   0   0   1
  99000   18000000| 10   7  82   0   0   1
 103000   19000000| 10   7  83   0   0   1
 119000   19000000|  9   9  80   1   0   1
 118000   21000000| 10   8  81   0   0   1
 128000   24000000|  9   7  83   0   0   1
 132000   23000000|  9   8  83   0   0   1
 121000   23000000| 10   7  82   0   0   1
 135000   21000000| 10   6  82   1   0   1
 116000   19000000|  8   8  84   0   0   1
 119000   22000000|  9   8  82   0   0   1
 133000   22000000| 10   7  82   0   0   1
 122000   21000000| 10   8  82   0   0   1
 128000   22000000|  9   7  83   0   0   1
 118000   20000000|  7   9  83   1   0   1
 123000   21000000|  9   8  83   0   0   1
 125000   22000000| 10   8  82   0   0   0
 129000   24000000|  9   8  83   0   0   1
 147000   26000000| 13   7  79   0   0   1
 107000   14000000| 11   8  79   1   0   1
  97000   17000000|  9   8  83   0   0   0
  98000   20000000|  8   8  83   0   0   1
 116000   19000000| 10   8  82   0   0   1
 108000   20000000| 12   9  78   0   0   1
 121000   24000000| 11   9  80   0   0   1
 119000   22000000|  9   8  81   1   0   1
 122000   25000000| 10  10  79   0   0   1
 127000   22000000| 10   9  81   0   0   1
 125000   25000000| 10   7  82   0   0   1
 138000   28000000|  9  15  76   0   0   1
 150000   31000000|  8  10  79   1   0   2
 160000   29000000| 10   8  80   0   0   1
 169000   32000000|  9   9  81   0   0   1
 171000   29000000|  9   8  82   0   0   1
 148000   27000000| 10   7  82   0   0   1
 162000   29000000| 10   9  80   0   0   1
 162000   30000000| 23  10  65   1   0   1
 176000   29000000| 35  15  49   0   0   2
 142000   26000000| 36  10  53   0   0   1
 161000   30000000| 36  10  53   0   0   1
 144000   28000000| 37   8  53   0   0   2
 152000   26000000| 37   9  51   1   0   2
 125000   18000000| 36   9  54   0   0   1
 110000   21000000| 35  10  54   0   0   2
 126000   21000000| 35  17  47   0   0   2
  98000   14000000| 34  14  50   0   0   2
 102000   18000000| 37  10  52   0   0   1
 107000   20000000| 36  12  50   1   0   1
 104000   16000000| 36  11  52   0   0   1
  93000   17000000| 36   9  54   0   0   1
  95000   18000000| 30   8  61   0   0   1
 106000   17000000|  8   6  85   1   0   1
 105000   20000000|  8   7  82   2   0   1
 116000   22000000|  8   8  84   0   0   1
 119000   23000000|  9   7  78   5   0   1
 115000   21000000|  9   7  83   0   0   1
 120000   23000000| 10   6  83   0   0   1
 125000   26000000|  9   7  84   0   0   1
 139000   25000000| 36   9  53   1   0   1
 145000   28000000| 36   9  53   0   0   2
 146000   25000000| 36   9  53   0   0   2
 175000   31000000| 37  10  52   0   0   1
 193000   30000000| 36  10  53   0   0   2
 167000   30000000| 35  10  52   1   0   2
 170000   35000000| 35  10  53   0   0   2
 175000   32000000| 35   9  54   0   0   2
   0     0| 21   9  68   0   0   1
   0     0| 36  12  50   0   0   2
   0     0| 36   9  54   0   0   2
   0     0| 36   9  53   1   0   1
   0     0| 37   8  53   0   0   2
   0     0| 35  10  54   0   0   2
   0     0| 34   8  57   0   0   1
   0     0| 15   8  76   0   0   1
   0     0| 10   7  81   2   0   1
   0     0| 20   8  70   0   0   2
   0     0| 35  10  53   0   0   2
   0     0| 35   9  55   0   0   1
   0     0| 34  11  54   0   0   1
   0     0| 37   9  53   0   0   2
   0     0| 37   9  53   0   0   1
   0     0| 36  10  53   0   0   1
   0     0| 36   8  55   0   0   2
   0     0| 37   9  53   0   0   1
   0     0| 36  10  53   0   0   1
   0     0| 48  11  39   0   0   2
   0     0| 65  14  18   0   0   3
   0     0| 68  12  19   0   0   2
   0     0| 65  13  19   0   0   3
   0     0| 67  12  19   0   0   2
   0     0| 66  14  19   0   0   2
   0     0| 66  13  19   0   0   2
   0     0| 64  13  20   0   0   3
   0     0| 63  11  24   0   0   2
4071000  724000000| 42   8  49   0   0   1
 116000   19000000| 15   8  77   0   0   0
 114000   17000000| 33   7  57   1   0   1
 101000   19000000| 34   8  56   0   0   1
 107000   17000000| 37  10  53   0   0   1
  90000   15000000| 34   9  57   0   0   1
  96000   15000000| 34   8  57   0   0   1
  92000   15000000| 35   8  56   0   0   1
  96000   16000000| 34   7  57   1   0   1
 101000   18000000| 36  10  54   0   0   1
 117000   19000000| 34   8  56   0   0   1
 128000   19000000| 34  10  55   0   0   1
 141000   19000000| 36   8  55   0   0   1
 149000   21000000| 35   9  54   1   0   1
 136000   22000000| 36   8  56   0   0   1
 128000   20000000| 35   8  56   0   0   1
 125000   22000000| 34   7  58   0   0   1
 124000   24000000| 42  10  48   0   0   1
 132000   23000000| 35   8  55   0   0   2
 133000   23000000| 35   9  54   1   0   1
 139000   25000000| 35   7  55   0   0   2
 154000   26000000| 34   8  57   0   0   1
 142000   26000000| 61  15  22   0   0   2
 151000   26000000| 65  13  20   0   0   2
 148000   23000000| 65  11  22   0   0   2
  99000   18000000| 63  13  22   0   0   2
 125000   21000000| 65  12  22   0   0   1
 147000   24000000| 65  13  21   0   0   2
 151000   28000000| 64  13  20   0   0   2
 176000   25000000| 64  14  20   0   0   3
 158000   20000000| 68   8  21   0   0   3
 125000   18000000| 79  12   8   0   0   2
 124000   19000000| 79  12   6   0   0   3
 100000   17000000| 80  10   8   0   0   2
 119000   21000000| 66  14  18   0   0   2
 120000   18000000| 63  11  24   0   0   2
 114000   21000000| 65  11  22   0   0   2
 127000   23000000| 63  13  22   0   0   2
 131000   22000000| 63  11  24   0   0   2
 117000   20000000| 61  11  26   0   0   2
 111000   21000000| 47   8  43   0   0   1
 132000   22000000| 35   8  55   2   0   1
 126000   22000000| 33   9  58   0   0   1
 131000   24000000| 34   7  58   0   0   1
 136000   25000000| 34   8  56   0   0   2
 156000   23000000| 32   9  58   0   0   1
 121000   19000000| 36  11  53   0   0   1
 139000   19000000| 33   8  58   0   0   1
 112000   18000000| 33   9  56   0   0   2
 117000   17000000| 34   7  58   0   0   2
 105000   16000000| 33   8  57   0   0   2
  97000   16000000| 35   8  56   0   0   1
 102000   16000000| 35   8  55   1   0   2
 111000   15000000| 33   8  57   0   0   1
 126000   17000000| 34   9  57   0   0   1
 115000   15000000| 35   7  57   0   0   1
 109000   14000000| 34   9  56   0   0   1
 104000   16000000| 34   8  56   1   0   2
  98000   15000000| 34   8  58   0   0   1
  84000   13000000| 33   9  57   0   0   1
  77000   13000000| 33   8  57   0   0   1
  90000   15000000| 35   7  57   0   0   1
  89000   15000000| 36   6  57   0   0   1
  98000   16000000| 34   8  55   1   0   1
 101000   19000000| 35   8  56   0   0   1
 110000   18000000| 33   7  59   0   0   1
 103000   20000000| 33   6  59   0   0   1
 121000   19000000|  7   8  84   0   0   1
  96000   16000000|  7   7  84   1   0   1
 105000   19000000|  7   6  86   0   0   1
 118000   23000000|  7   7  86   0   0   1
 130000   22000000|  6   5  88   0   0   1
 120000   20000000|  8   7  84   0   0   1
 113000   15000000|  6   6  87   0   0   1
  94000   15000000|  7   6  85   1   0   1
  99000   17000000|  7   6  86   0   0   1
 110000   18000000|  7   6  87   0   0   1
 116000   19000000|  7   7  86   0   0   1
 119000   17000000|  8   5  87   0   0   1
 123000   19000000|  6   7  85   1   0   1
 136000   18000000|  9   5  85   0   0   1
 115000   15000000|  9   5  85   0   0   1
 114000   17000000|  6   6  87   0   0   0
 102000   16000000|  8   5  86   0   0   1
 105000   17000000|  7   8  84   0   0   0
 107000   17000000|  6   6  86   1   0   1
 104000   17000000| 10   7  82   0   0   1
  93000   17000000|  8   5  87   0   0   0
  96000   17000000|  7   8  84   0   0   1
  96000   18000000|  7   7  86   0   0   0
 103000   19000000|  7   6  85   1   0   1
 108000   20000000|  8   6  85   0   0   1
 112000   17000000|  9   7  84   0   0   1
  94000   16000000|  7   6  87   0   0   1
  95000   17000000|  9   6  85   0   0   1
 105000   20000000|  8   7  85   0   0   1
 109000   19000000|  7   6  85   1   0   1
 113000   20000000|  8   7  84   0   0   1
 113000   21000000|  7   7  85   0   0   1
 123000   20000000|  7   7  85   0   0   1
 119000   21000000|  7   6  86   0   0   1
 120000   21000000|  8   6  84   2   0   0
 121000   21000000|  7   7  85   0   0   0
 114000   18000000|  7   6  86   0   0   1
 102000   19000000|  8   6  85   0   0   1
 115000   19000000|  8   6  84   0   0   1
 101000   16000000|  7   6  86   0   0   1
 105000   19000000|  7   5  86   1   0   1
  95000   15000000|  7   7  85   0   0   0
  94000   17000000|  6   6  87   0   0   0
  97000   18000000|  7   7  85   0   0   1
 102000   19000000|  7   7  85   0   0   0
 107000   20000000|  7   7  83   1   0   1
 117000   22000000|  7   6  86   0   0   1
 124000   18000000|  8   7  84   0   0   1
  98000   18000000|  8   6  86   0   0   1
 104000   17000000|  8   7  84   0   0   1
  97000   16000000|  8   6  85   0   0   1
 102000   17000000|  7   7  85   1   0   0
  99000   16000000|  7   7  85   0   0   0
  95000   17000000|  6   6  87   0   0   1
  98000   18000000|  7   6  86   0   0   1
 104000   16000000|  8   6  86   0   0   1
  97000   14000000|  7   7  83   2   0   1
  86000   14000000|  8   5  86   0   0   1
  91000   14000000|  7   7  86   0   0   0
  79000   14000000|  7   6  87   0   0   0
  83000   13000000|  8   6  86   0   0   1
  66000   11000000|  8   6  86   0   0   0
  68000   12000000|  7   6  85   1   0   0
  72000   13000000|  7   6  87   0   0   0
  70000   12000000|  7   6  87   0   0   0
  72000   12000000|  8   6  86   0   0   1
  71000   12000000|  8   6  86   0   0   0
  69000   12000000|  7   5  86   1   0   0
  74000   13000000|  9   5  85   0   0   1
  78000   13000000|  7   6  86   0   0   1
  80000   13000000|  8   7  84   0   0   1
  74000   12000000|  7   7  86   0   0   0
  82000   15000000|  7   6  87   0   0   1
  86000   13000000|  7   6  85   1   0   1
  82000   14000000|  7   7  85   0   0   0
  83000   14000000|  6   5  88   0   0   0
  93000   16000000|  7   5  87   0   0   1
  98000   16000000|  7   6  86   0   0   1
  86000   15000000|  7   5  86   1   0   1
  90000   15000000|  7   7  86   0   0   1
  88000   16000000|  8   6  85   0   0   1
  92000   14000000|  7   6  86   0   0   1
  89000   16000000|  8   6  85   0   0   1
  91000   14000000|  8   6  86   0   0   1
  87000   16000000|  7   6  85   1   0   1
  89000   15000000|  8   4  87   0   0   1
  89000   18000000|  6   7  86   0   0   0
  99000   20000000|  7   6  86   0   0   1
 109000   22000000|  7   7  85   0   0   1
 118000   20000000|  7   6  84   1   0   1
 117000   23000000|  9   7  84   0   0   1
 128000   23000000|  9   7  84   0   0   1
 122000   18000000|  7   6  86   0   0   1
 116000   19000000|  7   6  86   0   0   1
 107000   18000000|  7   5  87   0   0   1
 111000   19000000|  9   6  84   1   0   0
 106000   19000000|  9   6  84   0   0   1
 112000   19000000|  7   6  86   0   0   1
 103000   17000000|  6   7  87   0   0   1
 107000   18000000|  9   6  84   0   0   1
  99000   15000000|  7   6  85   1   0   1
 101000   18000000|  6   7  87   0   0   0
  88000   14000000|  7   6  87   0   0   1
  91000   16000000|  8   7  85   0   0   1
  97000   17000000|  8   7  85   0   0   1
 101000   16000000|  8   6  86   0   0   1
  99000   18000000|  6   6  86   1   0   1
 105000   18000000| 26   7  66   0   0   1
 108000   16000000| 33   8  57   0   0   1
  95000   17000000| 34   7  58   0   0   1
  96000   16000000| 34   7  58   0   0   1
  95000   17000000| 33   9  57   1   0   1
 107000   20000000| 33   7  59   0   0   1
 102000   22000000| 34  10  55   0   0   1
 117000   22000000| 34   8  57   0   0   2
  99000   20000000| 34   7  57   0   0   2
 112000   22000000| 36   7  55   0   0   1
 115000   21000000| 35   7  56   1   0   1
 122000   24000000| 34   7  57   0   0   1
 121000   22000000| 34   8  57   0   0   1
 120000   22000000| 34   9  57   0   0   1
 119000   22000000| 34   9  56   0   0   1
  95000   14000000| 33   7  58   1   0   1
  91000   19000000| 35   8  57   0   0   0
 102000   18000000| 34   8  57   0   0   2
 107000   17000000| 34   7  58   0   0   1
  87000   14000000| 33   6  59   0   0   1
  86000   15000000| 29   7  62   1   0   1
  88000   15000000|  6   6  87   0   0   1
  87000   15000000|  6   5  88   0   0   1
  86000   15000000|  7   6  87   0   0   0
  85000   14000000|  6   5  88   0   0   1
  79000   13000000|  9   7  84   0   0   0
  82000   14000000|  6   6  86   2   0   0
  92000   16000000|  8   7  85   0   0   0
 101000   15000000|  7   5  88   0   0   1
  85000   14000000|  7   7  85   0   0   0
  91000   16000000|  6   6  88   0   0   1
 107000   19000000|  7   7  84   1   0   1
 135000   20000000|  9   6  84   0   0   1
 131000   17000000|  6   7  86   0   0   0
 108000   18000000|  6   7  87   0   0   0
 105000   19000000|  7   7  85   0   0   1
 104000   14000000|  7   6  86   0   0   1
  84000   15000000|  6   7  85   1   0   1
  80000   13000000|  7   6  86   0   0   0
  80000   15000000|  7   6  86   0   0   0
  84000   13000000|  6   7  86   0   0   1
  76000   12000000|  8   6  86   0   0   0
  68000   12000000|  8   6  84   1   0   0
  77000   14000000|  8   5  87   0   0   1
  86000   14000000|  8   6  86   0   0   1
  89000   15000000|  7   6  86   0   0   1
  90000   16000000|  8   6  86   0   0   0
  90000   15000000|  7   7  86   0   0   1
  91000   15000000|  8   6  85   1   0   1
  85000   14000000|  6   6  87   0   0   1
  79000   14000000|  7   6  87   0   0   0
  87000   12000000|  8   5  87   0   0   0
  77000   13000000|  8   7  85   0   0   1
  79000   14000000|  7   5  86   1   0   1
  92000   15000000|  6   7  86   0   0   1
  88000   16000000|  6   6  87   0   0   0
  99000   16000000|  9   5  85   0   0   1
  81000   13000000|  7   7  86   0   0   1
  87000   14000000|  8   7  85   0   0   0
  85000   15000000|  6   5  86   1   0   1
  83000   15000000|  8   6  85   0   0   0
  97000   17000000|  7   6  87   0   0   1
  98000   17000000|  7   6  86   0   0   1
  94000   13000000|  8   6  85   0   0   1
  85000   14000000|  9   6  84   1   0   0
  84000   14000000|  7   6  86   0   0   0
  93000   17000000|  7   5  87   0   0   1
  94000   16000000|  7   6  86   0   0   1
  93000   18000000|  7   6  86   0   0   1
 104000   18000000|  8   6  85   0   0   1
 109000   17000000|  8   6  84   1   0   1
  80000   13000000|  7   6  87   0   0   0
  80000   13000000|  7   5  87   0   0   1
  81000   13000000|  9   6  85   0   0   1
  76000   14000000|  7   6  86   0   0   1
  82000   14000000|  9   7  83   1   0   1
  87000   15000000|  7   5  87   0   0   1
  82000   13000000|  7   7  85   0   0   0
  81000   14000000|  8   5  86   0   0   0
  87000   16000000|  7   6  87   0   0   0
  90000   14000000|  8   6  84   0   0   2
  85000   13000000|  8   6  84   1   0   1
  79000   14000000|  7   6  87   0   0   0
  91000   15000000|  8   6  85   0   0   1
  85000   15000000| 13   6  81   0   0   0
  90000   17000000| 34   8  57   0   0   1
 101000   17000000| 34   6  58   1   0   1
  95000   18000000| 34   8  57   0   0   1
 110000   19000000| 34   8  57   0   0   1
 100000   17000000| 34   8  57   0   0   1
 100000   18000000| 34   9  57   0   0   1
  95000   16000000| 34   7  58   0   0   1
  90000   17000000| 34   8  56   1   0   2
  99000   20000000| 33   8  58   0   0   2
 113000   22000000| 33   8  57   0   0   2
 118000   24000000| 33   8  58   0   0   2
 116000   19000000| 32   9  58   0   0   2
  99000   21000000| 34   7  56   1   0   2
 120000   20000000| 35   7  57   0   0   1
 101000   18000000| 33   7  58   0   0   1
 105000   17000000| 34   8  57   0   0   1
  89000   16000000| 32   8  58   0   0   2
  94000   18000000| 32   6  61   0   0   1
  92000   16000000| 21   8  70   1   0   0
  95000   16000000|  5   6  88   0   0   1
  87000   15000000|  7   6  86   0   0   1
  91000   15000000|  5   6  88   0   0   1
  88000   16000000|  7   7  85   0   0   0
  93000   17000000|  6   5  87   1   0   1
  98000   16000000|  8   6  85   0   0   1
  89000   16000000|  8   7  84   0   0   1
  95000   14000000|  7   6  86   0   0   1
  92000   14000000|  7   7  86   0   0   1
  80000   14000000|  7   5  87   0   0   1
  86000   15000000|  7   7  85   1   0   0
  86000   16000000| 29   8  62   0   0   1
  97000   15000000| 32   7  60   0   0   1
  90000   15000000| 33   8  58   0   0   1
  95000   15000000| 33   7  59   0   0   1
  94000   16000000| 33   6  59   1   0   1
  98000   16000000| 34   8  57   0   0   1
  94000   17000000| 34   7  59   0   0   1
 102000   19000000| 35   6  57   0   0   2
 107000   17000000| 33   7  59   0   0   2
  89000   16000000| 34   8  57   0   0   1
  85000   16000000| 35   6  58   1   0   1
  95000   15000000| 35   7  57   0   0   1
  86000   14000000| 33   7  58   0   0   1
  90000   16000000| 33   8  58   0   0   1
  88000   14000000| 34   8  58   0   0   1
  75000   14000000| 38   7  54   1   0   1
  90000   16000000| 62  13  23   0   0   2
  94000   16000000| 62  12  24   0   0   2
  89000   16000000| 62  11  25   0   0   2
  99000   16000000| 63  12  24   0   0   2
  93000   14000000| 62   9  28   0   0   1
  87000   15000000| 59  10  29   1   0   1
  90000   16000000| 58   9  32   0   0   2
  95000   16000000| 60  11  28   0   0   1
  93000   16000000| 60  11  27   0   0   2
  95000   18000000| 62  12  25   0   0   2
 102000   17000000| 70  11  17   0   0   2
  91000   18000000| 78  11   9   0   0   1
 101000   18000000| 62  12  25   0   0   1
  85000   16000000| 61  12  25   0   0   2
  86000   15000000| 62  11  26   0   0   1
  83000   14000000| 62   9  28   0   0   1
  73000   14000000| 62  10  26   0   0   2
  81000   15000000| 64  12  23   0   0   2
  85000   17000000| 63  12  24   0   0   1
  96000   19000000| 62  12  25   0   0   1
 109000   22000000| 61   9  28   0   0   2
 145000   23000000| 61  12  25   1   0   2
 143000   25000000| 60   8  31   0   0   2
 168000   25000000| 69   9  20   0   0   2
 141000   20000000| 65  12  21   0   0   2
 138000   22000000| 62  10  26   0   0   2
 137000   23000000| 62  11  25   0   0   3
 123000   20000000| 39   7  52   0   0   2
 108000   19000000| 32   7  61   0   0   1
  98000   16000000| 31   7  61   0   0   1
  85000   13000000|  8   6  84   0   0   1
  78000   13000000|  5   5  89   0   0   0
  80000   13000000|  6   5  87   1   0   0
  77000   11000000|  6   6  88   0   0   0
  73000   12000000|  6   5  89   0   0   0
  90000   14000000|  6   6  87   0   0   1
 103000   12000000|  6   6  87   0   0   1
  90000   12000000|  6   7  86   0   0   1
  78000   12000000|  5   5  88   1   0   1
  76000   11000000|  6   6  87   0   0   1
  64000   11000000|  5   7  88   0   0   0
  72000   11000000|  6   6  87   0   0   1
  81000   13000000|  7   6  87   0   0   1
 104000   16000000|  6   6  87   1   0   1
 130000   17000000|  8   6  85   0   0   1
  92000   15000000|  6   5  88   0   0   1
  93000   15000000|  6   6  87   0   0   1
  86000   13000000|  7   6  87   0   0   1
  83000   13000000|  6   5  89   0   0   0
  84000   12000000|  7   5  86   1   0   1
  66000   11000000|  6   5  88   0   0   1
  66000   10000000|  5   5  89   0   0   1
  61000   10000000|  6   6  87   0   0   1
  64000 9761000|  6   4  89   0   0   1
  52000 7618000|  6   4  88   1   0   0
  49000 8125000|  6   5  88   0   0   1
  48000 8756000|  7   5  88   0   0   0
  55000 9969000|  7   5  88   0   0   0
  58000   10000000|  6   5  88   0   0   1
  66000   11000000|  6   4  89   0   0   1
  61000 9307000|  6   6  87   1   0   1
  65000   10000000|  7   6  87   0   0   1
  65000   11000000|  8   6  87   0   0   0
  68000   12000000|  6   5  89   0   0   0
  74000   12000000| 20   6  73   0   0   1
  74000   12000000| 31   7  60   1   0   1
  73000   12000000| 32   6  61   0   0   1
  79000   13000000| 32   7  60   0   0   1
  71000   10000000| 33   6  60   0   0   1
  73000   11000000| 33   6  61   0   0   1
  60000 9711000| 32   6  61   0   0   1
  56000   10000000| 32   5  62   1   0   0
  59000   11000000| 32   7  60   0   0   1
  66000   11000000| 32   7  61   0   0   0
  62000   11000000| 32   6  61   0   0   1
  74000   13000000| 32   7  60   0   0   1
  75000   12000000| 32   6  60   1   0   1
  68000   12000000| 34   7  59   0   0   1
  71000   12000000| 32   6  61   0   0   1
  69000   13000000| 33   6  60   0   0   1
  84000   15000000| 32   7  60   0   0   1
  90000   16000000| 32   7  59   1   0   1
  77000   15000000| 30   7  63   0   0   0
  90000   17000000| 24   8  68   0   0   1
  96000   16000000| 31   6  62   0   0   1
  75000   12000000| 33   7  59   0   0   1
  71000   11000000| 32   7  61   0   0   1
  62000 8968000| 33   7  59   2   0   1
  57000   10000000| 32   6  62   0   0   1
  68000   12000000| 32   8  60   0   0   1
  78000   13000000| 31   6  62   0   0   1
  95000   16000000| 33   7  60   0   0   1
 119000   18000000| 33   7  58   1   0   1
 127000   19000000| 32   7  60   0   0   1
 119000   16000000| 51  12  37   0   0   1
  88000   15000000| 60  10  28   0   0   3
  93000   16000000| 59  11  28   0   0   2
  89000   16000000| 61  10  27   0   0   2
  92000   15000000| 62  11  25   0   0   2
  87000   14000000| 62  10  28   0   0   1
  91000   15000000| 64   9  26   0   0   1
  83000   14000000| 61   9  29   0   0   1
  88000   16000000| 62  10  26   0   0   2
  88000   13000000| 61  10  27   1   0   2
  71000   13000000| 60   9  31   0   0   1
  75000   12000000| 58   7  34   0   0   1
  89000   12000000| 35   8  56   0   0   2
  63000 9961000| 31   7  62   0   0   1
  64000   11000000| 31   5  63   0   0   1
  71000   12000000| 31   7  60   1   0   1
  76000   15000000| 31   7  61   0   0   1
  82000   15000000| 32   6  61   0   0   1
  89000   15000000| 31   6  62   0   0   1
  90000   16000000| 32   7  61   0   0   1
  85000   12000000| 33   7  59   1   0   1
  71000   11000000| 32   4  62   0   0   1
  65000   10000000| 32   5  62   0   0   1
  61000 8714000| 32   6  61   0   0   1
  58000   11000000| 32   7  61   0   0   1
  74000   12000000| 32   6  60   1   0   1
  87000   13000000| 30   6  62   0   0   2
  99000   14000000| 31   5  63   0   0   1
 107000   16000000| 32   5  62   0   0   1
 113000   17000000| 24   5  71   0   0   0
 103000   16000000|  6   7  87   0   0   0
  99000   13000000|  5   5  88   1   0   1
  68000   11000000|  5   5  89   0   0   1
  77000   12000000|  6   5  88   0   0   1
  72000   12000000|  5   6  89   0   0   0
  76000   12000000|  4   5  91   0   0   1
  72000   12000000|  6   6  87   1   0   0
  77000   14000000|  6   6  88   0   0   0
  77000   12000000|  5   4  90   0   0   0
  66000 9903000|  6   6  87   0   0   1
  54000 8558000|  4   4  91   0   0   0
  57000   10000000|  6   5  89   0   0   0
  62000   10000000|  5   5  89   1   0   0
  66000   11000000|  6   5  89   0   0   0
  67000   11000000|  7   5  88   0   0   1
  72000   12000000|  6   5  89   0   0   0
  86000   12000000|  5   6  88   0   0   1
  82000   13000000|  6   6  87   1   0   0
  87000   13000000|  7   5  88   0   0   1
  94000   13000000|  6   5  88   0   0   1
  83000   14000000|  5   6  88   0   0   1
  78000   13000000|  7   5  88   0   0   1
  77000   14000000|  5   6  89   0   0   1
  86000   14000000|  5   5  88   1   0   1
  84000   14000000|  5   6  88   0   0   0
  87000   16000000|  7   5  88   0   0   1
  92000   17000000|  6   6  87   0   0   1
  95000   18000000|  7   5  88   0   0   0
 105000   15000000|  5   6  88   1   0   1
  89000   14000000|  6   5  88   0   0   1
  83000   13000000|  6   5  88   0   0   1
  81000   15000000|  7   5  88   0   0   1
  90000   16000000|  6   6  88   0   0   1
  91000   15000000|  6   5  88   0   0   1
  89000   17000000|  6   6  87   1   0   0
 102000   16000000|  5   5  89   0   0   0
  91000   15000000|  6   5  88   0   0   1
  88000   15000000|  5   5  89   0   0   1
  84000   15000000|  6   4  89   0   0   1
  86000   14000000|  4   6  88   1   0   1
  71000   13000000|  7   4  88   0   0   1
  78000   13000000|  7   6  87   0   0   0
  77000   12000000|  6   5  88   0   0   1
  70000   12000000|  6   6  88   0   0   0
  72000   14000000|  5   5  89   0   0   1
  81000   14000000|  7   4  87   1   0   1
  82000   14000000|  5   6  88   0   0   1
  84000   15000000|  6   6  88   0   0   1
  85000   15000000|  6   6  87   0   0   1
  98000   15000000|  6   5  88   0   0   1
  77000   13000000|  4   6  89   1   0   0
  87000   15000000|  5   6  89   0   0   1
  82000   13000000|  6   5  88   0   0   1
  83000   15000000|  5   5  89   0   0   0
  84000   14000000|  6   5  88   0   0   1
  78000   12000000|  7   6  87   0   0   0
  82000   12000000|  5   6  88   1   0   1
  69000   11000000|  6   5  89   0   0   0
  74000   12000000|  6   5  88   0   0   1
  75000   12000000|  5   6  89   0   0   0
  75000   13000000|  4   5  90   0   0   1
  80000   13000000|  6   5  88   1   0   1
  73000   12000000|  6   6  88   0   0   1
  73000   13000000|  5   5  89   0   0   0
  70000   12000000|  5   7  88   0   0   1
  79000   12000000|  6   6  88   0   0   1
  64000   12000000|  7   4  89   0   0   1
  70000   13000000|  7   6  86   1   0   1
  78000   14000000|  5   5  90   0   0   1
  85000   15000000|  6   6  88   0   0   1
  87000   14000000|  7   4  88   0   0   1
  76000   13000000|  6   6  87   0   0   1
  80000   15000000|  6   6  87   1   0   1
  90000   17000000|  6   5  88   0   0   1
 102000   18000000|  6   5  88   0   0   1
 104000   18000000|  6   6  87   0   0   1
  97000   16000000|  6   5  89   0   0   1
  91000   16000000|  6   6  87   0   0   1
  97000   15000000|  6   6  87   1   0   0
  79000   15000000|  6   5  89   0   0   0
  81000   13000000|  5   5  90   0   0   0
  76000   12000000|  6   6  87   0   0   1
  75000   12000000|  7   5  87   0   0   1
  77000   13000000|  5   4  89   1   0   0
  79000   15000000|  6   6  88   0   0   1
  89000   15000000|  6   5  89   0   0   1
  86000   13000000|  6   5  88   0   0   1
  75000   13000000|  6   7  87   0   0   1
  75000   12000000|  6   5  88   0   0   1
  80000   14000000|  6   6  87   1   0   1
  86000   14000000|  5   6  89   0   0   1
  94000   16000000|  7   5  87   0   0   1
  89000   15000000|  6   5  88   0   0   1
  89000   14000000|  5   5  90   0   0   1
  83000   14000000|  5   6  87   1   0   0
  89000   15000000|  6   6  88   0   0   1
  88000   16000000|  6   6  87   0   0   1
  95000   17000000|  5   6  89   0   0   0
  99000   18000000|  5   6  88   0   0   1
 100000   18000000|  5   6  89   0   0   0
  93000   16000000|  5   7  86   1   0   1
  98000   18000000|  7   5  87   0   0   1
  96000   16000000|  6   6  88   0   0   0
  95000   18000000|  5   6  88   0   0   1
 103000   19000000|  5   6  88   0   0   1
 112000   21000000|  5   7  86   1   0   1
 121000   21000000|  6   7  87   0   0   1
 123000   20000000|  6   5  88   0   0   1
 105000   17000000|  6   5  88   0   0   1
 104000   19000000|  6   6  88   0   0   0
 106000   17000000|  5   5  90   0   0   1
 100000   19000000|  6   6  87   1   0   1
 102000   18000000|  6   7  87   0   0   1
 110000   19000000|  6   6  88   0   0   1
 104000   17000000|  7   5  88   0   0   1
 107000   19000000|  7   6  86   0   0   1
  98000   18000000|  4   7  88   1   0   0
 102000   19000000|  5   5  89   0   0   1
 104000   19000000|  7   5  87   0   0   1
 116000   19000000|  7   4  88   0   0   1
 103000   17000000|  5   6  89   0   0   1
  92000   16000000|  6   6  87   0   0   0
  89000   17000000|  6   6  87   1   0   1
  98000   18000000|  6   6  87   0   0   1
 100000   19000000|  4   6  88   0   0   1
  96000   18000000|  5   5  89   0   0   1
 100000   17000000|  6   7  86   0   0   1
  88000   18000000|  7   6  87   0   0   0
 103000   16000000|  7   6  86   1   0   0
  92000   15000000|  6   6  88   0   0   1
  90000   11000000|  5   6  89   0   0   1
  65000   11000000|  5   5  90   0   0   0
  75000   12000000|  6   6  88   0   0   1
  75000   12000000|  6   5  88   1   0   1
  70000   12000000|  7   6  86   0   0   0
  74000   12000000|  6   6  88   0   0   1
  62000 9828000|  6   5  89   0   0   0
  68000   12000000|  5   6  89   0   0   0
  70000   11000000|  6   6  87   0   0   1
  73000   12000000|  7   5  87   1   0   0
  72000   11000000|  7   5  88   0   0   1
  65000   11000000|  7   4  89   0   0   0
  65000   12000000|  6   5  89   0   0   1
  79000   14000000|  7   5  87   0   0   0
  91000   14000000|  6   6  87   1   0   0
  74000   12000000|  8   5  87   0   0   1
  73000   13000000|  6   5  88   0   0   1
  86000   14000000|  5   6  88   0   0   1
  76000   13000000|  7   6  87   0   0   1
  77000   15000000|  5   6  89   0   0   0
  85000   17000000|  6   5  87   1   0   0
  95000   17000000|  6   5  88   0   0   0
  95000   19000000| 21   6  72   0   0   1
 104000   17000000| 31   7  61   0   0   1
  83000   15000000| 33   7  60   0   0   0
  94000   17000000| 31   7  60   1   0   1
  87000   14000000| 32   6  61   0   0   1
  74000   15000000| 32   6  61   0   0   1
  84000   15000000| 32   8  60   0   0   1
  81000   15000000| 31   7  61   0   0   1
  79000   14000000| 32   5  61   0   0   1
  75000   13000000| 32   8  60   1   0   1
  78000   14000000| 30   7  62   0   0   1
  76000   13000000| 32   6  61   0   0   1
  81000   15000000| 33   6  61   0   0   1
  86000   16000000| 32   6  61   0   0   1
  85000   15000000| 32   5  61   1   0   1
  93000   15000000| 33   6  60   0   0   1
  80000   13000000| 31   7  61   0   0   1
  84000   15000000| 32   6  61   0   0   1
  82000   14000000| 31   8  60   0   0   2
  84000   14000000| 32   6  61   0   0   1
  84000   14000000| 32   6  60   1   0   1
  81000   14000000| 31   8  61   0   0   1
  88000   14000000| 32   5  62   0   0   1
  79000   14000000| 32   6  61   0   0   1
  82000   15000000| 32   5  62   0   0   1
  87000   15000000| 32   5  61   1   0   1
  83000   15000000| 31   7  61   0   0   1
  87000   17000000| 32   7  60   0   0   1
  93000   19000000| 31   7  61   0   0   2
 100000   20000000| 32   8  59   0   0   1
 105000   17000000| 32   6  61   0   0   1
  89000   17000000| 31   8  59   1   0   1
 103000   20000000| 32   6  61   0   0   1
 108000   22000000| 33   7  59   0   0   1
 114000   18000000| 32   6  60   0   0   1
 104000   20000000| 33   6  60   0   0   1
 113000   20000000| 32   7  59   0   0   2
 111000   21000000| 32   6  60   1   0   1
 111000   19000000| 33   6  60   0   0   2
 109000   18000000| 32   6  61   0   0   1
 101000   16000000| 33   7  59   0   0   1
  92000   17000000| 32   7  61   0   0   1
 107000   20000000| 32   7  59   1   0   1
 110000   19000000| 31   7  61   0   0   2
 102000   19000000| 32   8  59   0   0   1
  92000   18000000| 32   7  59   0   0   2
 102000   19000000| 33   6  60   0   0   1
 103000   18000000| 32   6  61   0   0   1
  92000   17000000| 34   7  58   1   0   1
 108000   20000000| 57   9  33   0   0   1
 118000   18000000| 39   8  51   0   0   2
  94000   15000000| 31   6  62   0   0   1
  90000   17000000| 31   8  60   0   0   1
 102000   18000000| 30   7  62   0   0   1
  89000   16000000| 31   8  58   2   0   1
  91000   15000000| 31   6  62   0   0   1
  86000   16000000| 31   6  62   0   0   1
  85000   15000000| 30   6  62   0   0   2
  94000   15000000| 32   7  60   0   0   1
  86000   15000000| 33   6  60   1   0   1
  94000   16000000| 33   5  62   0   0   1
 118000   19000000| 31   7  61   0   0   2
 121000   16000000| 32   6  60   0   0   1
  95000   17000000| 32   8  60   0   0   1
  93000   17000000| 33   7  59   0   0   1
  91000   18000000| 31   6  61   1   0   1
 110000   22000000| 32   8  59   0   0   1
 108000   19000000| 31   8  60   0   0   1
 120000   23000000| 31   7  62   0   0   1
 110000   16000000| 32   5  62   0   0   1
 100000   17000000| 14   6  78   1   0   1
  88000   15000000|  6   4  89   0   0   1
  88000   17000000|  6   5  88   0   0   1
  91000   15000000|  5   6  88   0   0   1
  90000   16000000| 14   6  80   0   0   1
  81000   14000000| 31   7  60   1   0   1
  78000   13000000| 31   6  62   0   0   1
  78000   14000000| 31   6  62   0   0   1
  83000   16000000| 31   6  62   0   0   1
  93000   16000000| 32   6  61   0   0   1
  96000   17000000| 31   7  61   0   0   1
 109000   18000000| 32   5  61   1   0   1
 109000   19000000| 32   6  61   0   0   1
 105000   18000000| 32   5  62   0   0   1
 114000   21000000| 31   7  61   0   0   1
 119000   17000000| 31   6  62   0   0   1
  85000   16000000| 31   5  61   1   0   1
  89000   13000000| 31   5  63   0   0   1
  83000   15000000| 31   6  61   0   0   1
  89000   16000000| 30   7  61   0   0   2
  88000   17000000| 31   7  62   0   0   1
  97000   15000000| 30   6  61   0   0   2
  77000   15000000| 31   6  61   1   0   1
  91000   18000000| 32   6  62   0   0   1
  99000   18000000| 31   7  61   0   0   1
 103000   19000000| 31   6  62   0   0   1
 103000   20000000| 31   7  61   0   0   1
 114000   19000000| 31   7  59   1   0   1
 107000   17000000| 32   6  61   0   0   2
  99000   18000000| 32   6  61   0   0   1
 104000   19000000| 30   7  62   0   0   1
 104000   17000000| 32   5  62   0   0   1
 107000   20000000| 31   8  60   0   0   1
 121000   22000000| 33   6  59   1   0   1
 125000   20000000| 33   5  60   0   0   2
 109000   20000000| 32   6  61   0   0   1
 103000   17000000| 33   5  61   0   0   1
 106000   19000000| 32   6  61   0   0   1
 104000   20000000| 31   7  60   1   0   1
 109000   22000000| 31   7  62   0   0   1
 120000   24000000| 32   5  63   0   0   1
 126000   24000000| 15   6  78   0   0   1
 122000   24000000| 16   6  77   0   0   1
 130000   25000000| 32   6  61   0   0   1
 116000   21000000| 31   7  59   1   0   2
 117000   22000000| 31   6  62   0   0   1
 126000   19000000| 31   7  61   0   0   2
  80000   14000000| 32   5  62   0   0   1
  82000   17000000| 30   6  62   0   0   1
 102000   19000000| 32   7  59   1   0   1
 113000   20000000| 31   6  61   0   0   2
 140000   22000000| 31   8  60   0   0   1
 138000   18000000| 32   5  62   0   0   1
 110000   20000000| 31   7  61   0   0   1
 109000   20000000| 30   6  63   0   0   1
 111000   18000000| 31   8  59   1   0   1
 106000   17000000| 51   8  40   0   0   1
  97000   16000000| 61   9  29   0   0   1
  92000   16000000| 59  11  28   0   0   2
  87000   14000000| 58  10  31   0   0   2
  91000   16000000| 59  10  29   0   0   3
  92000   16000000| 59   9  30   0   0   2
  92000   17000000| 63   6  29   0   0   1
  97000   16000000| 57  12  29   0   0   2
  97000   17000000| 58  10  29   0   0   2
  99000   17000000| 57  10  31   0   0   2
  96000   18000000| 58  10  29   1   0   2
  95000   18000000| 59  11  28   0   0   2
  92000   18000000| 57   8  32   0   0   2
 100000   18000000| 46   7  46   0   0   1
 108000   19000000| 58  10  31   0   0   2
 107000   21000000| 57  10  30   0   0   2
 107000   21000000| 60  11  28   0   0   2
 119000   23000000| 58   9  31   0   0   2
 133000   22000000| 56   8  35   0   0   1
 118000   19000000| 44   8  47   0   0   1
 131000   23000000| 30   6  63   0   0   1
 134000   24000000| 30   7  60   1   0   1
 127000   21000000| 42   7  50   0   0   1
 142000   21000000| 42   6  52   0   0   0
 134000   21000000| 29   6  63   0   0   3
 117000   19000000| 31   6  62   0   0   1
 100000   16000000| 30   5  63   1   0   1
 103000   19000000| 31   5  63   0   0   1
 105000   18000000| 30   6  63   0   0   1
  96000   18000000| 30   6  63   0   0   1
 104000   18000000| 30   6  63   0   0   1
 100000   15000000| 29   6  64   0   0   1
 119000   19000000| 29   5  63   2   0   1
 126000   19000000| 19   7  73   0   0   1
 130000   20000000| 29   6  63   0   0   2
 120000   18000000| 29   6  63   1   0   2
 128000   20000000| 30   6  63   0   0   1
  98000   14000000| 30   6  61   1   0   1
  85000   16000000| 29   6  64   0   0   1
  88000   13000000| 30   7  63   0   0   1
  77000   15000000| 30   4  65   0   0   1
  78000   14000000| 31   5  64   0   0   1
  81000   15000000| 31   5  63   0   0   1
  84000   14000000| 29   6  63   1   0   1
 102000   17000000| 31   5  63   0   0   1
 126000   20000000| 31   6  62   0   0   1
 104000   18000000| 31   5  63   0   0   1
  96000   18000000| 30   5  63   0   0   1
  99000   19000000| 29   7  62   1   0   1
  99000   18000000| 30   5  64   0   0   1
  99000   19000000| 31   5  63   0   0   1
 104000   18000000| 30   6  62   0   0   2
 106000   19000000| 31   6  62   0   0   1
 102000   19000000| 29   6  63   1   0   1
 109000   20000000| 41   7  49   0   0   2
  95000   16000000| 57   8  33   0   0   2
 100000   16000000| 56   8  23  11   0   2
 222000   18000000| 56  10   6  27   0   1
 390000   17000000| 51  10   2  36   0   1
1042000   15000000| 27   6   9  57   0   2
2631000   15000000| 30   6  15  48   0   1
3268000   17000000| 30   5   8  55   0   2
 645000   16000000| 31   6   2  60   0   1
 346000   16000000| 30   7   0  62   0   2
 352000   13000000| 31   6  32  30   0   1
  76000   13000000| 30   4  65   0   0   1
  78000   14000000| 29   8  63   0   0   1
  83000   12000000| 31   6  45  17   0   1
  69000   12000000| 31   5   3  61   0   0
  77000   13000000| 30   5  15  48   0   1
  67000   13000000| 29   6  63   1   0   2
  82000   13000000| 29   6  64   0   0   1
  71000   12000000| 31   5  63   0   0   1
  79000   13000000| 29   6  64   0   0   1
   0     0| 30   5  64   0   0   1
  81000   13000000| 30   5  63   1   0   1
  81000   13000000| 30   7  63   0   0   1
  76000   11000000| 30   5  64   0   0   1
  79000   13000000| 29   5  65   0   0   1
  80000 9787000| 31   6  63   0   0   0
  62000   11000000| 29   4  66   0   0   1
  69000   10000000| 30   5  64   1   0   1
  66000 9303000| 30   6  64   0   0   1
  59000 9582000| 29   4  66   0   0   1
  61000 9297000| 30   4  66   0   0   0
  58000 9841000| 29   5  66   0   0   0
  59000 8891000| 28   5  66   1   0   1
  55000 8609000|  7   5  88   0   0   0
  57000 9546000|  4   4  91   0   0   1
  57000 9916000|  3   5  92   0   0   0
  69000   10000000|  3   6  91   0   0   0
  66000   10000000|  5   5  90   0   0   0
  64000 9532000|  4   5  89   1   0   1
  58000 9002000|  3   6  86   5   0   1
  58000 9558000|  4   4  61  30   0   0
  57000 8991000|  3   1  73  23   0   0
  58000 9331000|  3   2  87   8   0   1
  64000 9306000|  3   3  36  58   0   0
  56000 9117000|  4   1  25  70   0   0
  60000 9097000|  3   3  37  57   0   0
  58000 9332000|  3   2  90   4   0   0
  60000   11000000|  3   3  95   0   0   0
  83000   12000000|  3   3  94   0   0   0
  73000   12000000|  3   2  94   1   0   0
  87000   13000000|  4   3  93   0   0   0
  91000   16000000|  4   2  94   0   0   0
 100000   16000000|  3   2  95   0   0   0
  84000   17000000|  4   3  93   0   0   1
 107000   19000000|  3   2  94   1   0   0
 107000   16000000|  4   2  93   0   0   0
  93000   18000000|  4   3  93   0   0   0
 105000   21000000|  4   2  94   0   0   0
 116000   15000000|  4   2  93   0   0   0
  84000   16000000|  3   2  95   0   0   0
  93000   16000000|  4   1  94   1   0   0
  91000   18000000|  3   3  94   0   0   0
 106000   18000000|  4   2  94   0   0   0
 101000   18000000|  3   2  95   0   0   0
 100000   16000000|  4   2  94   0   0   0
  92000   16000000|  4   3  92   1   0   0
  95000   15000000|  3   2  95   0   0   0
  90000   15000000|  3   2  95   0   0   0
  87000   15000000|  3   3  94   0   0   0
  87000   15000000|  3   2  95   0   0   0
  91000   13000000|  3   2  95   0   0   0
  77000   14000000|  4   1  94   1   0   0
  77000   13000000|  3   2  95   0   0   0
  72000   13000000|  3   1  95   0   0   0
  77000   14000000|  3   3  94   0   0   0
  76000   13000000|  3   2  95   0   0   0
  77000   15000000|  4   2  93   1   0   0
  84000   16000000|  3   2  95   0   0   0
  85000   15000000|  2   3  95   0   0   0
  91000   17000000|  4   2  94   0   0   0
 106000   16000000|  3   2  95   0   0   0
  78000   11000000|  3   2  95   0   0   0
  72000   12000000|  3   2  94   1   0   0
  70000   13000000|  3   2  94   0   0   0
  77000   13000000|  4   2  94   0   0   0
  71000   13000000|  4   2  94   0   0   0
  71000   13000000|  3   2  95   0   0   0
  76000   14000000|  4   2  93   1   0   0
  74000   12000000|  3   3  94   0   0   0
  71000   13000000|  3   2  95   0   0   0
  77000   14000000|  3   3  94   0   0   0
  88000   15000000|  3   2  95   0   0   0
  89000   14000000|  3   2  95   0   0   0
  85000   16000000|  4   3  92   1   0   0
  95000   19000000|  4   2  94   0   0   0
 106000   21000000|  4   2  94   0   0   0
 115000   22000000|  3   2  94   0   0   0
 117000   20000000|  4   2  94   0   0   0
 121000   19000000|  3   4  92   1   0   0
 116000   17000000|  3   2  96   0   0   0
  86000   16000000|  3   2  95   0   0   0
  98000   16000000|  4   2  94   0   0   0
  85000   13000000|  4   3  93   0   0   0
  73000   13000000|  3   2  95   0   0   0
  76000   14000000|  3   1  94   1   0   0
  82000   14000000|  4   3  94   0   0   0
  85000   13000000|  4   2  94   0   0   0
  69000   12000000|  3   2  95   0   0   0
  78000   13000000|  3   2  94   0   0   1
  78000   14000000|  4   2  94   1   0   0
  77000   15000000|  3   2  94   0   0   0
  81000   16000000|  3   2  94   0   0   0
  85000   16000000|  3   2  94   0   0   1
  98000   15000000|  3   3  94   0   0   0
  77000   13000000|  4   2  93   1   0   0
  78000   15000000|  3   3  94   0   0   0
  87000   17000000|  5   2  93   0   0   0
  92000   16000000|  4   2  94   0   0   0
  77000   12000000|  4   2  94   0   0   1
  77000   14000000|  4   2  94   0   0   0
  87000   15000000|  3   3  93   1   0   0
  83000   15000000|  4   2  94   0   0   0
  93000   16000000|  3   2  95   0   0   0
  80000   15000000|  3   3  94   0   0   0
  88000   17000000|  4   2  94   0   0   0
  96000   17000000|  3   2  94   1   0   0
 100000   16000000|  4   2  94   0   0   0
  82000   15000000|  4   2  94   0   0   0
  90000   17000000|  4   3  93   0   0   0
  87000   15000000|  3   2  95   0   0   0
  87000   15000000|  4   2  94   0   0   0
  90000   15000000|  3   2  94   1   0   0
  86000   15000000|  4   2  94   0   0   0
  86000   15000000|  4   2  94   0   0   1
  92000   15000000|  3   3  93   0   0   0
  78000   13000000|  4   3  94   0   0   0
  84000   15000000|  3   2  94   1   0   0
  80000   16000000|  4   3  94   0   0   0
  87000   16000000|  3   3  95   0   0   0
  94000   18000000|  4   3  94   0   0   0
 108000   15000000|  4   2  94   0   0   0
  80000   15000000|  4   3  92   0   0   0
  90000   14000000|  3   2  94   1   0   0
  80000   14000000|  4   2  94   0   0   1
  89000   15000000|  3   2  96   0   0   0
  84000   12000000|  5   3  92   0   0   0
  77000   12000000| 28   3  68   0   0   1
  69000   12000000| 28   2  70   0   0   0
  74000   13000000| 28   3  67   1   0   1
  79000   12000000| 27   3  70   0   0   0
  66000   11000000| 28   2  69   0   0   0
  69000   11000000| 28   1  70   0   0   1
  65000 9455000| 28   2  70   0   0   0
  69000 9650000| 28   2  69   1   0   1
  56000   10000000| 28   1  70   0   0   1
  63000   11000000| 28   2  70   0   0   1
  72000   11000000| 28   2  69   0   0   0
  72000   11000000| 29   2  70   0   0   0
  68000   12000000| 29   3  68   0   0   1
  76000   12000000| 28   3  67   1   0   0
  68000   10000000| 28   2  69   0   0   1
  67000   12000000| 28   3  69   0   0   0
  71000   12000000| 28   1  70   0   0   0
  68000   11000000| 29   2  69   0   0   0
  72000   13000000| 29   1  69   1   0   1
  71000   12000000| 28   3  69   0   0   0
  68000   10000000| 28   3  69   0   0   0
  66000   12000000| 29   2  69   0   0   0
  72000   13000000| 28   2  69   0   0   0
  79000   15000000| 29   2  67   1   0   1
  82000   15000000| 29   4  68   0   0   0
  90000   17000000| 27   3  69   0   0   1
  93000   17000000| 29   2  68   0   0   1
 102000   20000000| 28   3  68   0   0   0
 106000   17000000| 29   3  68   0   0   1
  89000   16000000| 28   2  69   1   0   1
  92000   15000000| 28   2  70   0   0   0
  85000   16000000|  3   4  93   0   0   0
  99000   17000000|  3   2  95   0   0   0
  94000   17000000|  2   2  96   0   0   0
  97000   15000000|  2   2  95   1   0   0
  87000   14000000|  4   3  94   0   0   0
  77000   13000000|  3   2  96   0   0   0
  73000   12000000|  3   2  95   0   0   0
  62000 9583000|  3   2  95   0   0   0
  60000   10000000|  3   2  96   0   0   0
  56000 8589000|  3   1  95   1   0   0
  59000 9868000|  3   2  95   0   0   0
  62000   11000000|  3   2  95   0   0   0
  67000   10000000|  3   2  96   0   0   0
  66000   11000000|  3   2  95   0   0   0
  70000   11000000|  3   3  93   1   0   0
  70000   13000000|  3   2  95   0   0   0
  82000   12000000|  2   2  95   0   0   0
  70000   11000000|  2   1  97   0   0   0
  66000   11000000|  3   2  94   0   0   0
  69000   12000000|  3   2  94   0   0   0
  71000   13000000|  3   2  94   1   0   0
  78000   14000000|  3   2  95   0   0   0
  80000   15000000|  3   2  95   0   0   0
  89000   16000000|  3   2  95   0   0   0
  82000   14000000|  3   2  96   0   0   0
  82000   16000000|  4   2  93   1   0   0
  89000   17000000|  3   2  95   0   0   0
  86000   12000000|  3   2  95   0   0   0
  68000   13000000|  3   2  95   0   0   0
  85000   13000000|  3   2  95   0   0   0
  66000   10000000|  3   2  95   0   0   0
  64000   11000000|  2   2  95   1   0   0
  66000   11000000|  4   2  94   0   0   0
  64000   11000000|  2   3  96   0   0   0
  64000   11000000|  3   1  96   0   0   0
  59000   11000000|  4   2  95   0   0   0
  65000   11000000|  3   2  95   1   0   0
  59000 9611000|  2   2  97   0   0   0
  64000   10000000|  3   3  95   0   0   0
  62000   11000000|  3   2  94   0   0   0
  65000 9293000|  4   2  95   0   0   0
  57000 9256000|  3   2  95   0   0   0
  57000 7719000|  4   2  93   1   0   0
  47000 7394000|  2   1  96   0   0   0
  47000 7542000|  3   1  96   0   0   0
  42000 7126000|  4   2  95   0   0   0
  43000 7448000|  3   2  95   0   0   0
  44000 7091000|  4   1  94   1   0   0
  46000 7865000|  3   2  95   0   0   0
  49000 7311000|  2   2  96   0   0   0
  47000 6974000|  3   2  96   0   0   0
  46000 7412000|  3   1  95   0   0   0
  51000 7831000|  3   2  95   0   0   0
  50000 8452000|  3   2  93   1   0   0
  54000 9675000|  3   2  95   0   0   0
  66000   11000000|  2   3  96   0   0   0
  66000   11000000|  2   1  96   0   0   0
  69000   11000000|  3   2  95   0   0   0
  67000   12000000|  3   1  94   1   0   0
  70000   10000000|  4   2  94   0   0   0
  67000   12000000|  8   2  90   0   0   0
  75000   14000000| 27   2  69   0   0   1
  84000   15000000| 27   3  70   0   0   0
  91000   16000000| 28   2  69   0   0   1
  95000   16000000| 27   3  68   1   0   0
  88000   15000000| 28   2  69   0   0   1
  87000   16000000| 28   2  69   0   0   1
  93000   15000000| 28   2  70   0   0   1
 100000   12000000| 28   1  70   0   0   1
  70000   10000000| 29   1  69   1   0   0
  66000   10000000| 27   2  71   0   0   0
  58000 9760000| 27   2  70   0   0   1
  60000   11000000| 28   3  69   0   0   0
  63000   11000000| 28   2  70   0   0   1
  62000   11000000| 27   3  70   0   0   0
  65000   11000000| 28   2  70   1   0   1
  68000   12000000| 27   3  70   0   0   0
  71000   10000000| 28   2  69   0   0   0
  60000   11000000| 28   3  69   0   0   1
  71000   12000000| 28   2  70   0   0   1
  74000   14000000| 28   3  68   1   0   1
  75000   14000000| 28   2  69   0   0   1
  89000   17000000| 28   3  69   0   0   0
  95000   16000000| 29   2  69   0   0   1
  88000   13000000| 27   2  70   0   0   1
  85000   14000000| 27   2  70   0   0   1
  83000   14000000| 27   3  69   1   0   1
  89000   15000000| 28   2  71   0   0   0
  87000   15000000|  3   4  93   0   0   0
  92000   15000000|  3   2  95   0   0   0
  86000   14000000|  3   2  95   0   0   0
  78000   12000000|  3   1  95   1   0   0
  76000   13000000|  3   2  95   0   0   0
  73000   12000000|  2   2  96   0   0   0
  66000   11000000|  2   2  95   0   0   0
  64000   11000000|  2   2  96   0   0   0
  64000 9035000|  2   2  96   0   0   0
  55000 9775000|  4   2  93   1   0   0
  58000   10000000|  3   1  96   0   0   0
  57000 8368000|  3   1  96   0   0   0
  56000 8719000|  2   2  96   0   0   0
  55000 7000000|  2   1  97   0   0   0
  49000 8291000|  2   1  95   1   0   0
  50000 8166000|  2   2  96   0   0   0
  49000 8271000|  3   2  96   0   0   0
  53000 8727000|  2   2  96   0   0   0
  56000 8193000|  2   1  96   0   0   0
  50000 8114000|  3   2  96   0   0   0
  50000 9364000|  3   2  94   2   0   0
  64000 9773000|  3   1  96   0   0   0
  52000 8104000|  3   2  95   0   0   0
  59000   10000000|  2   2  96   0   0   0
  66000   12000000|  2   2  96   0   0   0
  73000   13000000|  3   2  94   1   0   0
  75000   13000000|  3   1  95   0   0   0
  80000   15000000|  3   2  96   0   0   0
  89000   16000000|  3   2  95   0   0   0
 100000   16000000|  3   2  95   0   0   0
  85000   16000000|  3   2  94   0   0   0
  87000   13000000|  2   2  95   1   0   0
  87000   15000000|  3   2  95   0   0   0
  80000   12000000|  3   2  95   0   0   0
  76000   14000000|  3   2  96   0   0   0
  79000   13000000|  3   2  96   0   0   0
  80000   14000000|  3   2  93   1   0   0
  82000   14000000|  3   2  95   0   0   0
  79000   13000000|  3   2  95   0   0   0
  78000   11000000|  2   2  96   0   0   0
  72000   12000000|  3   2  95   0   0   0
  72000   13000000|  3   1  96   0   0   0
  78000   14000000|  3   2  94   1   0   0
  82000   12000000|  6   2  93   0   0   0
  70000   12000000| 27   4  69   0   0   1
  68000   12000000| 27   2  70   0   0   0
  73000   13000000| 28   2  70   0   0   0
  74000   12000000| 28   1  69   2   0   1
  72000   11000000| 28   2  70   0   0   0
  71000   12000000| 28   2  69   0   0   1
  72000   12000000| 28   1  70   0   0   1
  76000   12000000| 28   1  71   0   0   1
  68000   10000000| 28   1  70   0   0   1
  65000   10000000| 27   1  69   1   0   1
  64000   11000000| 28   2  70   0   0   0
  66000   10000000| 27   2  70   0   0   0
  63000   10000000| 28   2  70   0   0   0
  57000 9293000| 27   2  70   0   0   1
  57000 9327000| 27   2  69   2   0   1
  58000 7886000| 27   2  71   0   0   0
  45000 7545000| 52   4  44   0   0   1
  52000 8159000| 55   3  42   0   0   1
  51000 8342000| 55   4  40   0   0   1
  53000 8660000| 55   3  41   0   0   1
  49000 7702000| 56   3  40   1   0   1
  51000 8624000| 54   3  42   0   0   1
  50000 8027000| 55   4  41   0   0   1
  51000 7470000| 55   3  41   0   0   1
  49000 7502000| 55   4  40   0   0   1
  48000 6816000| 56   3  40   1   0   0
  40000 5562000| 54   3  42   0   0   1
  37000 5646000| 54   3  43   0   0   1
  36000 4963000| 55   3  41   0   0   1
  35000 5288000| 55   3  41   0   0   1
  36000 6321000| 55   3  41   0   0   1
  43000 8074000| 54   4  40   1   0   1
  53000 9060000| 55   2  43   0   0   1
  54000 8575000| 52   3  44   0   0   1
  47000 6623000| 54   3  43   0   0   0
  41000 6595000| 52   2  45   0   0   1
  39000 6564000| 41   3  54   2   0   1
  45000 7445000| 27   1  71   0   0   0
  48000 8647000| 35   2  62   0   0   0
  54000   10000000| 54   3  41   0   0   1
  66000 9551000| 55   3  42   0   0   0
  55000 8614000| 54   3  43   0   0   0
  61000 7619000| 54   3  40   2   0   1
  48000 7278000| 54   3  43   0   0   1
  43000 5855000| 54   3  42   0   0   1
  42000 6441000| 55   2  43   0   0   0
  39000 5304000| 54   4  42   0   0   1
  35000 5494000| 54   3  42   0   0   1
  33000 5209000| 54   2  43   0   0   0
  35000 5532000| 55   3  42   0   0   1
  37000 5488000| 55   2  42   0   0   1
  38000 6191000| 54   3  42   0   0   1
  40000 6897000| 54   3  43   0   0   1
  47000 7564000| 54   3  41   1   0   1
  46000 7281000| 66   3  30   0   0   1
  49000 7361000| 76   3  20   0   0   1
  45000 7987000| 76   3  20   0   0   1
  55000 8217000| 75   3  21   0   0   1
  45000 6301000| 76   2  22   0   0   0
  42000 6131000| 34   3  63   0   0   0
  41000 6344000| 51   2  47   0   0   1
  41000 6706000| 43   2  55   0   0   0
  44000 6975000| 26   2  72   0   0   0
  45000 6187000| 26   1  72   0   0   1
  39000 6442000| 34   2  62   2   0   1
  39000 6754000| 52   2  46   0   0   0
  39000 6923000| 52   2  46   0   0   1
  43000 7458000| 52   3  45   0   0   1
  41000 6223000| 52   2  46   0   0   1
  35000 5213000| 52   2  46   0   0   1
  33000 5081000| 53   1  46   0   0   1
  34000 5821000| 52   2  46   0   0   0
  36000 5725000| 51   2  47   0   0   0
  35000 5499000| 43   2  55   0   0   0
  41000 6714000| 33   2  64   1   0   1
  45000 6300000| 51   2  47   0   0   0
  38000 5150000| 52   1  47   0   0   0
  33000 5901000| 51   1  47   0   0   1
  36000 5837000| 51   1  48   0   0   0
  36000 6476000| 51   2  47   0   0   1
  34000 5395000| 51   1  47   1   0   0
  36000 4707000| 51   1  47   0   0   1
  31000 4942000| 51   1  47   0   0   0
  30000 5041000| 51   1  48   0   0   0
  28000 3753000| 52   1  47   0   0   0
  25000 2840000| 51   1  46   1   0   1
  22000 3583000| 52   1  47   0   0   0
  24000 3907000| 51   1  47   0   0   0
  25000 3940000| 51   1  47   0   0   0
  27000 4205000| 51   1  48   0   0   0
  26000 3995000| 51   1  48   0   0   0
  27000 2943000| 50   1  47   1   0   0
  17000 2580000| 50   1  48   0   0   0
  20000 3049000| 35   2  63   0   0   0
  24000 3337000| 26   1  74   0   0   0
  31000 3854000|  8   2  91   0   0   0
  27000 4389000|  0   1  97   2   0   0
  29000 4823000|  1   0  99   0   0   0
  28000 4165000|  1   0  99   0   0   0
  27000 4098000|  0   1  99   0   0   0
  25000 2692000|  0   0  99   0   0   0
  15000 2256000|  1   1  99   0   0   0
  14000 2235000|  0   1  98   2   0   0
  16000 1565000|  1   0  99   0   0   0
  11000 1285000|  0   1  99   0   0   0
  12000 1197000|  1   1  99   0   0   0
9657B 1279000|  1   0  99   0   0   0
7403B  568000|  1   0  98   2   0   0
5639B  603000|  1   0  99   0   0   0
4441B  511000|  0   1  99   0   0   0
6989B  611000|  1   0  99   0   0   0
5293B  487000|  1   0  99   0   0   0
8517B  803000|  1   0  99   0   0   0
5689B  736000|  1   0  98   2   0   0
9215B 1203000|  0   0  99   0   0   0
  11000 1470000|  1   0  99   0   0   0
  11000 1049000|  1   0  99   0   0   0
7719B 1203000|  1   0  99   0   0   0
  11000 1335000|  1   0  98   1   0   0
8737B  955000|  0   0  99   0   0   0
8921B 1199000|  1   0  99   0   0   0
9607B 1203000|  1   0  99   0   0   0
9341B 1175000|  1   1  99   0   0   0
8501B 1288000|  1   0  99   0   0   0
9502B 1214000|  1   0  98   2   0   0
9553B 1270000|  1   0  99   0   0   0
9377B 1337000|  1   0  99   0   0   0
  11000 1537000|  1   1  99   0   0   0
  11000 1598000|  1   0  99   0   0   0
  13000 1811000|  1   1  97   1   0   0
  14000 2204000|  1   0  99   0   0   0
  16000 2382000|  1   0  99   0   0   0
  11000 1260000|  0   0  99   0   0   0
  13000 1973000|  1   1  99   0   0   0
  16000 2538000|  1   0  99   0   0   0
  16000 2738000|  1   0  98   1   0   0
  15000 2625000|  0   0  99   0   0   0
  14000 1352000|  1   1  99   0   0   0
  13000 1806000|  0   1  99   0   0   0
  12000 1141000|  1   1  99   0   0   0
  16000 1604000|  1   0  98   1   0   0
  14000 1017000|  1   0  99   0   0   0
9117B 1154000|  0   0  99   0   0   0
  10000 1169000|  0   1  99   0   0   0
7055B  646000|  1   0  99   0   0   0
5211B  477000|  1   1  99   0   0   0
5283B  680000|  1   0  98   1   0   0
6395B  668000|  0   0  99   0   0   0
6535B  802000|  1   0  99   0   0   0
6338B  674000|  1   0  99   0   0   0
7004B  807000|  0   1  99   0   0   0
6452B  683000|  0   0  98   1   0   0
6929B  870000|  1   1  99   0   0   0
7940B  969000|  1   0  99   0   0   0
9389B 1504000|  1   1  99   0   0   0
  11000 1737000|  0   1  99   0   0   0
  16000 2391000|  0   1  99   0   0   0
  13000 1458000|  1   0  98   2   0   0
  13000 2263000|  1   1  99   0   0   0
  14000 2118000|  0   0  99   0   0   0
  16000 2538000|  1   1  99   0   0   0
  16000 2537000|  1   0  99   0   0   0
  18000 2604000|  0   0  97   1   0   0
  18000 1822000|  0   1  99   0   0   0
  12000 1860000|  1   1  99   0   0   0
  13000 2111000|  1   1  99   0   0   0
  14000 2297000|  1   1  99   0   0   0
  16000 2605000|  1   0  99   0   0   0
  16000 2537000|  0   1  98   2   0   0
  17000 2671000|  0   0  99   0   0   0
  13000 1307000|  1   0  99   0   0   0
  13000 1928000|  1   1  99   0   0   0
  13000 1355000|  1   0  99   0   0   0
  10000  708000|  1   0  98   2   0   0
6583B  560000|  1   0  99   0   0   0
5885B  570000|  0   0  99   0   0   0
5839B  585000|  1   0  99   0   0   0
6173B  735000|  1   0  99   0   0   0
6975B  802000|  0   1  99   0   0   0
5791B  692000|  0   1  98   2   0   0
6945B  793000|  1   0  99   0   0   0
6456B  704000|  0   0  99   0   0   0
6311B  779000|  1   0  99   0   0   0
5841B  870000|  0   0 100   0   0   0
9271B 1270000|  1   1  98   1   0   0
  11000 1670000|  0   0  99   0   0   0
  11000 1081000|  1   0  99   0   0   0
9958B  876000| 11   1  88   0   0   0
7459B  870000| 25   0  75   0   0   0
8489B 1085000| 25   1  74   0   0   0
9490B 1122000| 25   1  73   2   0   0
9047B 1091000| 25   0  75   0   0   0
9121B 1144000| 25   0  75   0   0   0
9024B 1108000| 26   0  74   0   0   0
9441B 1204000| 25   0  75   0   0   0
9789B 1138000| 25   0  73   1   0   0
  11000 1412000| 25   0  75   0   0   0
  11000 1134000| 25   0  75   0   0   0
6675B  870000| 25   0  74   0   0   0
8872B  634000| 25   0  75   0   0   0
6034B  333000| 25   0  74   0   0   0
4523B  357000| 25   0  73   1   0   0
4647B  252000| 25   0  75   0   0   0
4133B  329000| 25   0  75   0   0   0
4835B  398000| 25   0  74   0   0   0
4671B  402000| 25   0  75   0   0   0
4683B  416000| 25   0  73   2   0   0
4639B  379000| 25   0  75   0   0   0
5061B  461000| 25   0  75   0   0   0
4909B  474000| 25   0  74   0   0   0
5521B  631000| 25   0  75   0   0   0
5861B  670000| 25   0  73   2   0   0
9645B 1137000| 25   0  74   0   0   0
8633B 1270000| 25   0  75   0   0   0
  13000 2071000| 25   0  74   0   0   0
  13000 2337000| 25   0  75   0   0   0
  18000 1820000| 25   1  74   0   0   0
  11000 1768000| 25   0  73   2   0   0
  14000 1322000| 25   0  75   0   0   0
  10000  949000| 25   0  75   0   0   0
  14000 1011000| 25   0  75   0   0   0
  11000 1148000| 25   1  75   0   0   0
9042B 1200000| 25   0  73   2   0   0
9599B 1252000| 25   1  74   0   0   0
8765B 1226000| 25   1  75   0   0   0
8833B 1203000| 25   0  75   0   0   0
9287B 1260000| 25   0  75   0   0   0
9479B 1347000| 25   0  75   0   0   0
  11000 1337000| 25   1  73   1   0   0
9733B  799000| 25   1  75   0   0   0
6924B  594000| 11   3  87   0   0   0
7715B  790000|  0   0 100   0   0   0
7327B  836000|  0   0 100   0   0   0
6619B  826000|  0   0  98   2   0   0
6851B  803000|  1   0 100   0   0   0
7067B  870000|  0   0 100   0   0   0
7067B  624000|  0   0  99   0   0   0
6569B  653000|  0   0 100   0   0   0
  13000  803000|  0   0 100   0   0   0
6541B  877000|  0   0  98   1   0   0
6641B  848000|  0   0 100   0   0   0
8909B  710000|  0   0 100   0   0   0
2871B 3701B|  0   0 100   0   0   0
1775B 2651B|  0   0 100   0   0   0
