   0     0|  2   1  94   3   0   0
 525000   48000| 19  18   0  62   0   0
 895000   96000|  6   5   3  86   0   0
 184000  127000|  9   4   0  86   0   0
  10000  147000|  5   6   0  89   0   0
  41000   82000|  6   5   0  89   0   0
 213000   27000|  5   6   0  89   0   0
 509000   19000|  5   4   0  91   0   0
 628000   60000|  5   6   6  82   0   0
  64000  141000|  5   6  20  69   0   0
 257000  197000|  7   9  24  59   0   0
 681000   85000|  5   5  35  54   0   0
 692000  866000| 12  10  32  46   0   0
  83000 5854000|  9   7  41  42   0   1
 244000   18000000| 12   7  40  40   0   2
 375000   24000000| 10   8  33  47   0   2
 304000   21000000| 11   8  22  58   0   1
 263000   22000000| 10   9  29  51   0   1
 161000   18000000| 10   9  56  24   0   1
 147000   18000000| 11   8  61  20   0   1
 124000   16000000| 10   6  62  21   0   0
 122000   15000000|  9   7  63  20   0   0
 100000   14000000| 10   8  54  27   0   1
 120000   15000000|  9   8  57  24   0   1
 100000   14000000|  8   8  69  15   0   1
 106000   15000000| 11   6  82   0   0   1
 100000   15000000| 11   8  80   0   0   1
  99000   16000000|  9   8  82   0   0   1
 101000   17000000| 11   8  81   0   0   1
 117000   20000000| 10   8  81   1   0   1
 135000   19000000| 10   7  82   0   0   1
 122000   20000000|  9   6  74  10   0   1
 107000   18000000| 12   7  61  20   0   1
 125000   17000000|  8   8  83   0   0   1
  98000   17000000| 11   8  81   0   0   1
 103000   17000000| 10   8  80   1   0   1
 111000   17000000| 10   7  82   0   0   1
  95000   16000000|  9   7  84   0   0   1
  97000   17000000| 10   7  82   0   0   1
 113000   17000000| 10   7  70  12   0   1
 107000   17000000| 11   8  61  20   0   1
 106000   16000000|  9   8  66  16   0   1
 110000   17000000| 10   6  54  29   0   1
 113000   18000000|  9   8  61  20   0   1
 113000   20000000| 10   8  68  14   0   0
 129000   18000000| 10   7  83   0   0   1
 121000   20000000| 10   7  83   0   0   1
 119000   20000000| 11   9  79   1   0   1
 123000   21000000| 10   9  81   0   0   1
 138000   22000000| 11   8  81   0   0   1
 131000   22000000|  9   7  82   0   0   1
 148000   24000000|  9   8  70  11   0   1
 160000   21000000| 11   7  51  30   0   1
 118000   20000000| 10   9  60  21   0   1
 136000   18000000| 10   9  79   0   0   2
 120000   18000000| 10   9  60  21   0   1
 109000   19000000| 11   8  67  13   0   1
 123000   18000000| 11   7  80   0   0   1
 119000   20000000| 11   7  82   0   0   1
 117000   23000000| 11   9  78   1   0   1
 137000   19000000| 10   7  81   0   0   1
 127000   18000000| 10   9  81   0   0   0
 107000   19000000|  9   9  81   0   0   1
 114000   19000000|  9   7  83   0   0   1
 123000   21000000| 10   9  80   0   0   1
 127000   24000000| 10   9  79   1   0   1
 156000   22000000| 10   8  81   0   0   1
 149000   22000000|  8   9  82   0   0   1
 124000   19000000|  9   8  82   0   0   1
 132000   19000000|  8   8  83   0   0   1
 138000   22000000| 11   8  80   0   0   1
 127000   21000000| 10   7  82   1   0   1
 140000   20000000|  9   9  82   0   0   1
 132000   22000000| 10   6  83   0   0   1
 120000   21000000|  9   9  81   0   0   1
 125000   20000000| 11   7  81   0   0   1
 112000   19000000| 11   9  80   0   0   1
 108000   20000000|  9   8  81   1   0   1
 123000   22000000| 10   9  81   0   0   1
 136000   23000000| 10  10  79   0   0   1
 137000   26000000| 12   7  81   0   0   1
 158000   25000000| 10   9  80   0   0   1
 160000   28000000| 10   9  81   0   0   1
 150000   27000000| 10   9  78   1   0   2
 169000   25000000| 10   7  82   0   0   1
 166000   26000000| 10  10  80   0   0   1
 139000   22000000|  9   8  83   0   0   1
 137000   24000000| 10   8  82   0   0   1
 139000   25000000| 10   9  81   0   0   1
 138000   26000000| 10  10  79   1   0   1
 147000   24000000|  9   7  83   0   0   1
 140000   23000000| 10  10  79   0   0   1
 131000   23000000|  9   7  84   0   0   1
 139000   23000000| 10  10  79   0   0   1
 145000   23000000| 11   6  81   0   0   1
 132000   22000000|  9   8  80   1   0   1
 137000   23000000| 10   7  82   0   0   1
 141000   23000000|  9   8  82   0   0   1
 133000   22000000| 10   6  83   0   0   1
 155000   22000000| 11   7  81   0   0   1
 139000   21000000| 10   8  81   0   0   1
 115000   19000000|  8   9  81   1   0   1
 128000   19000000| 10   7  82   0   0   1
 116000   20000000| 10   9  80   0   0   1
 126000   23000000| 10   8  81   0   0   1
 143000   24000000|  9   7  83   0   0   1
 142000   27000000| 10   7  82   0   0   2
 154000   26000000| 10   8  81   1   0   1
 166000   29000000| 10   8  81   0   0   1
 172000   31000000| 10   8  81   0   0   1
 160000   28000000|  9   9  81   0   0   1
 200000   33000000| 10  10  79   0   0   1
 194000   32000000| 10   8  82   0   0   1
 153000   28000000| 10   9  79   1   0   1
 169000   22000000|  9   8  78   4   0   1
 142000   24000000|  8   9  82   0   0   1
 120000   18000000| 10  10  79   0   0   1
 128000   22000000| 10  16  72   0   0   2
 125000   21000000| 11   8  80   0   0   1
 112000   21000000| 11   9  78   1   0   1
 121000   21000000|  9   9  80   2   0   1
 122000   22000000| 10   8  81   0   0   1
 122000   22000000| 10   8  82   0   0   1
 133000   21000000| 10   8  80   0   0   1
 122000   21000000| 10   8  81   0   0   1
 124000   19000000| 11  11  77   1   0   1
 131000   22000000| 11   8  81   0   0   1
 142000   23000000| 10   8  82   0   0   1
 134000   22000000| 11   8  80   0   0   1
 150000   23000000| 10   8  81   0   0   1
 148000   24000000| 10   8  82   0   0   0
 142000   27000000| 10  10  78   1   0   1
 177000   24000000| 12   7  79   0   0   1
 136000   23000000| 10   9  80   0   0   1
 145000   20000000| 10   7  82   0   0   1
 130000   19000000| 10   8  80   0   0   1
 123000   21000000|  9   9  81   0   0   1
 122000   22000000| 10  10  78   1   0   0
 138000   19000000| 11  10  78   0   0   1
 126000   20000000|  9   9  81   0   0   1
 127000   20000000| 10   8  81   0   0   1
 130000   23000000| 11   8  72   8   0   1
 190000   22000000| 12  13   0  75   0   1
 293000   22000000| 11  15   0  73   0   1
 419000   22000000| 11   8   0  80   0   1
 724000   19000000| 11  10   0  78   0   1
1121000   21000000| 16  13   3  67   0   1
1893000   25000000| 11   9   0  79   0   1
3116000   23000000|  9   9   0  81   0   2
2414000   24000000| 10   7   0  82   0   1
1170000   23000000|  9   9   0  81   0   1
4459000   23000000| 11  10   2  76   0   1
2022000   25000000| 13  10  25  51   0   1
 242000   23000000| 11   7  80   0   0   1
 133000   21000000| 10  10  79   1   0   1
 138000   22000000| 10   7  82   0   0   1
 126000   20000000| 11   8  79   0   0   1
 129000   20000000| 11   9  27  54   0   1
 116000   18000000| 10   9   0  81   0   1
 132000   19000000|  9   9   7  74   0   1
 116000   17000000| 10  12  74   4   0   1
 106000   17000000| 11   8  80   0   0   1
  99000   17000000| 10   8  81   0   0   1
 109000   18000000| 11  10  78   0   0   1
 104000   18000000| 10   9  81   0   0   0
 109000   20000000| 10   9  80   0   0   2
 126000   21000000| 10  10  78   1   0   1
 122000   21000000| 10   8  81   0   0   1
 150000   22000000| 11   9  79   0   0   1
 125000   25000000| 10  11  78   0   0   1
 167000   24000000|  9   9  82   0   0   0
 139000   24000000| 11  10  79   0   0   1
 150000   23000000| 10  10  78   1   0   1
 136000   23000000| 10  12  77   0   0   1
 140000   26000000| 10  11  78   0   0   1
 155000   23000000| 13  10  77   0   0   1
 143000   25000000|  8  12  79   0   0   1
 159000   21000000| 11   7  82   0   0   1
 116000   22000000| 10  11  77   2   0   1
 146000   21000000| 11   9  80   0   0   1
 109000   20000000|  9  10  48  31   0   1
 139000   21000000| 10  10  24  54   0   1
 138000   20000000| 12   9   0  78   0   1
 145000   20000000| 11  12   0  76   0   1
 142000   19000000| 11  12   2  74   0   1
 112000   16000000| 10  10   4  76   0   1
 116000   16000000| 10   8   2  79   0   1
 106000   17000000| 10   9  49  31   0   1
  97000   20000000|  9   9  81   0   0   1
 125000   19000000| 12  10  78   0   0   1
 130000   24000000| 11   9  79   1   0   0
 138000   26000000| 11   9  80   0   0   1
 147000   23000000| 10  10  80   0   0   1
 133000   21000000| 11  12  77   0   0   1
 141000   22000000| 10  10  79   0   0   0
 131000   21000000| 11  10  78   0   0   1
 121000   22000000| 10  10  78   1   0   1
 138000   20000000| 10  11  78   0   0   1
 117000   22000000| 10   9  80   0   0   1
 138000   21000000| 10  12  77   0   0   1
 117000   21000000| 11  10  79   0   0   1
 130000   21000000| 11  10  78   0   0   1
 117000   22000000| 10  14  74   1   0   1
 142000   21000000| 11   8  79   0   0   1
 123000   23000000| 10  13  77   0   0   1
 143000   23000000| 10  10  79   0   0   1
 140000   18000000|  9  10  79   0   0   1
 105000   19000000|  9  11  79   0   0   0
 120000   20000000| 10  11  78   1   0   1
 119000   19000000|  9   9  81   0   0   1
 124000   20000000| 11  11  78   0   0   1
 137000   22000000| 11  10  79   0   0   1
 148000   23000000| 10  12  77   0   0   1
 139000   23000000|  9  13  76   0   0   2
 151000   24000000| 10   9  78   1   0   1
 147000   23000000| 11  11  77   0   0   1
 137000   24000000| 11  15  73   0   0   1
 150000   23000000|  9  11  79   0   0   1
 120000   23000000| 11  14  74   0   0   1
 152000   25000000|  9  12  78   0   0   1
 125000   24000000| 10  12  76   1   0   1
 154000   24000000| 11  10  79   0   0   1
 129000   23000000| 11  12  75   0   0   2
 157000   24000000| 11  11  77   0   0   1
 138000   20000000|  9  12  79   0   0   1
 118000   23000000| 11   9  80   0   0   0
 143000   22000000| 10   8  79   1   0   1
 134000   23000000| 11   9  79   0   0   1
 142000   22000000| 10   9  81   0   0   1
 138000   22000000|  9  13  78   0   0   1
 129000   24000000| 11  10  79   0   0   1
 119000   25000000| 11  11  76   1   0   1
 119000   25000000| 11   9  80   0   0   0
 127000   26000000| 11   9  79   0   0   1
 130000   26000000| 10  18  71   0   0   1
 127000   27000000| 10  13  76   0   0   1
 135000   29000000| 11  16  73   0   0   1
 145000   30000000| 12  13  74   1   0   1
 147000   31000000| 11  20  68   0   0   1
 144000   30000000| 10  14  75   0   0   1
 151000   36000000| 12  19  68   0   0   1
 177000   40000000| 11  18  69   0   0   1
 171000   39000000| 10  15  74   0   0   1
 193000   45000000| 12  22  64   1   0   2
 196000   46000000| 11  17  70   0   0   1
 190000   38000000| 12  20  65   0   0   2
 231000   37000000| 10  26  61   0   0   3
 186000   30000000| 11  19  69   0   0   2
 172000   31000000| 12  14  73   0   0   1
 187000   26000000| 11  29  57   1   0   1
 152000   24000000|  8  23  68   0   0   1
 133000   24000000| 11   8  80   0   0   1
 144000   24000000| 12   7  81   0   0   1
 142000   25000000| 10   8  82   0   0   1
 149000   23000000| 11   8  79   0   0   2
 127000   21000000| 11  13  74   1   0   1
 119000   20000000|  9  12  78   0   0   1
 130000   22000000| 10   8  81   0   0   1
 118000   23000000|  9  14  77   0   0   1
 146000   24000000| 12   7  80   0   0   1
 129000   25000000| 11   7  82   0   0   1
 145000   24000000| 10  10  78   1   0   1
 133000   23000000|  9  10  81   0   0   1
 155000   24000000| 10   7  82   0   0   1
 136000   21000000|  8   8  83   0   0   1
 135000   22000000|  9   8  82   0   0   1
 135000   21000000| 10  10  79   0   0   1
 135000   19000000|  9   7  81   1   0   1
 127000   19000000| 11   7  82   0   0   0
 102000   19000000|  9   8  81   0   0   1
 132000   18000000| 11   8  80   0   0   1
 104000   18000000| 11   7  82   0   0   1
 124000   19000000|  9   7  84   0   0   0
 106000   21000000| 28   9  60   1   0   1
 135000   21000000| 37  11  51   0   0   1
 118000   23000000| 37  10  53   0   0   1
 150000   24000000| 37   8  53   0   0   2
 152000   27000000| 36   9  53   0   0   1
 158000   30000000| 38  12  49   0   0   2
 175000   31000000| 37  11  50   1   0   2
 177000   34000000| 38   8  52   0   0   2
 182000   23000000| 38  12  49   0   0   1
 130000   24000000| 37   8  53   0   0   2
 145000   22000000| 34   8  57   0   0   2
 139000   22000000| 10   7  82   0   0   1
 130000   24000000| 24   9  65   1   0   1
 142000   21000000| 39   7  53   0   0   2
 120000   21000000| 38   8  49   4   0   1
 127000   22000000| 36  11  51   1   0   2
 121000   24000000| 36  11  51   0   0   1
 152000   25000000| 37   8  54   0   0   1
 142000   28000000| 37  10  51   1   0   1
 155000   30000000| 38  10  50   0   0   2
 182000   27000000| 38  11  50   0   0   1
 156000   27000000| 38   9  51   0   0   2
 188000   29000000| 36  10  51   0   0   2
 194000   28000000| 37  10  51   0   0   2
 153000   27000000| 38   8  52   1   0   1
 170000   28000000| 37  10  50   0   0   2
 152000   27000000| 37  11  52   0   0   1
 170000   30000000| 38   8  52   0   0   2
 187000   31000000| 37  10  52   0   0   2
 167000   28000000| 37  11  51   0   0   2
 168000   22000000| 35  10  53   1   0   1
 119000   21000000| 37  11  51   0   0   1
 119000   23000000| 38   8  53   0   0   2
 132000   20000000| 38   9  52   0   0   1
 123000   19000000| 37   9  52   0   0   1
  92000   16000000| 37  10  52   0   0   1
 112000   19000000| 39  12  47   1   0   1
 101000   19000000| 66  15  17   0   0   2
 111000   18000000| 66  12  20   0   0   2
 115000   19000000| 65  14  19   0   0   2
 102000   18000000| 68  11  19   0   0   2
 111000   20000000| 62  20  16   1   0   2
 107000   21000000| 63  15  19   0   0   3
 133000   24000000| 62  11  26   0   0   1
   0     0| 35  10  53   0   0   2
   0     0| 37   7  55   0   0   2
   0     0| 36  11  51   0   0   1
   0     0| 35   7  56   1   0   1
 709000  118000000| 10   9  80   0   0   0
 134000   21000000| 33   8  57   0   0   2
 118000   23000000| 36   9  53   0   0   2
 131000   21000000| 38  10  51   0   0   1
 127000   22000000| 36   9  53   0   0   2
 119000   23000000| 36  11  51   1   0   1
 152000   22000000| 36   9  53   0   0   2
 146000   22000000| 36   9  53   0   0   2
 142000   19000000| 37   9  53   0   0   1
 150000   21000000| 38   8  53   0   0   1
 158000   22000000| 37   9  53   0   0   1
 159000   22000000| 36   9  53   0   0   2
 145000   22000000| 59  13  26   0   0   2
 129000   21000000| 66  12  19   0   0   2
 121000   22000000| 77  11   9   0   0   3
 146000   24000000| 80  11   6   0   0   2
 138000   24000000| 81  10   6   0   0   3
 128000   25000000| 80  11   5   0   0   4
 156000   23000000| 79  12   6   0   0   3
 124000   22000000| 80  11   6   0   0   3
 125000   23000000| 71  13  14   0   0   2
 153000   23000000| 61  11  26   0   0   2
 129000   22000000| 59  11  29   0   0   1
 141000   24000000| 65  14  19   1   0   2
 150000   24000000| 64  11  22   0   0   2
 128000   19000000| 43   9  46   0   0   1
 129000   19000000| 36   8  56   0   0   1
 133000   19000000| 34   7  57   0   0   2
 130000   16000000| 33   9  56   0   0   1
 118000   17000000| 35   8  56   1   0   1
 128000   18000000| 50  10  38   0   0   1
 130000   17000000| 54  10  34   0   0   2
 117000   17000000| 63  15  20   0   0   2
 136000   17000000| 65  12  22   0   0   2
 121000   20000000| 65  11  21   0   0   3
 121000   18000000| 65  14  18   1   0   2
 127000   19000000| 64  12  22   0   0   2
 125000   18000000| 67  12  20   0   0   1
 172000   23000000| 64  13  21   0   0   3
 184000   25000000| 63  15  20   0   0   3
 202000   26000000| 66  12  20   0   0   2
 152000   24000000| 68  12  18   0   0   2
 165000   26000000| 72  13  13   0   0   3
 154000   25000000| 78  13   7   0   0   2
 159000   23000000| 79  11   7   0   0   3
 144000   24000000| 78  13   6   0   0   3
 152000   27000000| 77  13   7   0   0   3
 173000   25000000| 79  12   7   0   0   2
 144000   25000000| 78  11   8   0   0   3
 142000   24000000| 77  14   6   0   0   3
 149000   23000000| 80  12   6   0   0   3
 126000   23000000| 79  12   7   0   0   2
 136000   23000000| 67  10  21   0   0   2
 145000   24000000| 44   9  45   1   0   2
 137000   23000000| 34   9  55   0   0   2
 128000   19000000| 35   7  57   0   0   1
 118000   22000000| 35   8  56   0   0   1
 125000   22000000| 53  10  35   0   0   2
 135000   21000000| 63  12  23   0   0   2
 144000   20000000| 63  12  22   0   0   3
 114000   17000000| 61   9  28   0   0   2
 122000   19000000| 38   8  53   0   0   1
 115000   20000000| 36   7  56   0   0   1
 119000   21000000| 34   9  55   0   0   2
 136000   20000000| 34   9  54   2   0   1
 145000   22000000| 35  10  54   0   0   1
 146000   22000000| 37   8  54   0   0   1
 173000   20000000| 33   9  57   0   0   2
 141000   18000000| 32   7  61   0   0   1
 133000   20000000|  8   7  84   0   0   0
 136000   17000000| 10   6  83   1   0   1
 117000   16000000|  8   5  86   0   0   1
  89000   13000000|  7   7  85   0   0   0
  98000   14000000| 18   6  75   0   0   1
 109000   15000000| 35   7  57   0   0   2
  95000   15000000| 35   7  56   0   0   2
 121000   16000000| 35   9  54   1   0   2
  99000   17000000| 34   9  56   0   0   1
 104000   18000000| 36   6  57   0   0   1
 137000   19000000| 36   8  55   0   0   1
 150000   22000000| 34   8  56   0   0   2
 133000   21000000| 34   8  56   1   0   1
 154000   24000000| 34   9  55   0   0   2
 140000   26000000| 36   7  56   0   0   1
 146000   24000000| 40  11  49   0   0   1
 165000   24000000| 61  10  27   0   0   2
 135000   23000000| 49   9  41   0   0   1
 124000   21000000| 63  12  23   0   0   2
 128000   22000000| 63  13  23   0   0   2
 113000   20000000| 62  14  22   0   0   2
 123000   19000000| 60  10  29   0   0   1
 119000   20000000| 44  10  45   0   0   1
 119000   19000000| 34   8  57   0   0   1
 127000   19000000| 36   7  55   1   0   1
 134000   22000000| 33   7  59   0   0   2
 149000   23000000| 34   7  57   0   0   2
 139000   22000000| 34  10  55   0   0   1
 160000   25000000| 36   7  56   0   0   1
 133000   25000000| 33   9  56   0   0   2
 160000   26000000| 34   9  54   1   0   2
 157000   28000000| 34  10  55   0   0   1
 165000   31000000| 34  10  54   0   0   2
 202000   26000000| 36   7  56   0   0   1
 196000   28000000| 34   9  54   0   0   2
 177000   26000000| 33  10  55   0   0   2
 186000   25000000| 34   8  53   2   0   2
 163000   24000000| 34   8  57   0   0   2
 136000   23000000| 33   8  58   0   0   2
 147000   24000000| 23   7  69   0   0   1
 152000   23000000|  6   7  86   0   0   1
 140000   24000000|  9   6  84   1   0   1
 135000   20000000|  8   7  85   0   0   1
 136000   22000000|  6   7  86   0   0   1
 134000   23000000|  8   7  85   0   0   1
 124000   19000000|  8   6  85   0   0   1
 140000   20000000|  8   8  81   2   0   1
 127000   18000000|  6   7  86   0   0   1
 103000   18000000|  7   7  86   0   0   0
 117000   18000000|  6   8  86   0   0   1
 110000   18000000|  8   7  85   0   0   1
 116000   18000000|  7   7  86   0   0   0
 124000   18000000|  9   7  82   1   0   1
 121000   19000000|  7   7  86   0   0   1
 117000   18000000|  9   6  85   0   0   0
 131000   20000000|  8   6  86   0   0   0
 128000   23000000|  7   6  86   0   0   1
 135000   27000000|  8   6  85   0   0   1
 170000   26000000|  8   7  83   1   0   1
 150000   27000000|  7   7  85   0   0   1
 142000   29000000|  9   8  82   0   0   1
 193000   32000000|  7   7  85   0   0   1
 175000   28000000|  9   7  83   0   0   1
 153000   26000000|  7   8  84   0   0   1
 160000   28000000|  7   8  83   1   0   1
 172000   26000000|  7   7  86   0   0   1
 149000   18000000|  8   6  86   0   0   0
 114000   19000000|  8   6  85   0   0   1
 108000   20000000|  6   6  86   0   0   1
 116000   20000000|  7   6  86   0   0   1
 127000   20000000|  8   6  83   1   0   1
 119000   19000000|  7   7  84   0   0   1
 123000   18000000|  9   6  84   0   0   1
 126000   18000000|  8   7  85   0   0   1
 118000   20000000|  8   6  85   0   0   1
 117000   20000000|  9   8  83   0   0   1
 128000   19000000|  8   6  85   1   0   0
 116000   20000000|  7   7  85   0   0   1
 132000   19000000|  8   6  85   0   0   1
 119000   19000000|  7   7  85   0   0   1
 126000   19000000|  8   7  85   0   0   1
 132000   18000000|  7   6  86   0   0   1
 105000   17000000|  7   7  85   1   0   0
 114000   18000000|  8   6  86   0   0   0
 105000   18000000|  7   7  85   0   0   1
 125000   17000000|  7   7  85   0   0   1
 126000   18000000|  7   7  85   0   0   1
 118000   19000000|  8   6  84   0   0   1
  97000   16000000|  9   6  84   1   0   1
 109000   17000000|  8   6  85   0   0   1
 113000   19000000|  7   7  86   0   0   1
 109000   22000000|  7   7  85   0   0   1
 132000   21000000|  8   7  84   0   0   1
 137000   21000000|  8   6  85   0   0   1
 137000   23000000|  8   8  83   1   0   1
 140000   26000000|  7   6  85   0   0   1
 169000   21000000|  7   6  85   0   0   1
 119000   21000000|  7   8  84   0   0   1
 139000   23000000|  7   7  86   0   0   1
 128000   25000000|  8   7  84   0   0   1
 157000   24000000|  9   8  81   1   0   1
 154000   24000000|  8   6  85   0   0   1
 136000   25000000|  8   7  84   0   0   1
 161000   27000000|  6   7  86   0   0   1
 163000   25000000|  8   9  83   0   0   1
 128000   21000000|  7   7  85   0   0   1
 129000   25000000|  7   7  84   1   0   1
 151000   27000000|  7   8  84   0   0   1
 143000   23000000|  8   7  84   0   0   1
 154000   25000000|  7   8  84   0   0   1
 155000   26000000|  7   7  85   0   0   1
 167000   26000000|  7   8  84   0   0   1
 163000   22000000|  8   7  83   1   0   1
 148000   26000000|  8   6  84   0   0   1
 168000   21000000|  7   7  86   0   0   1
 131000   22000000|  8   6  84   0   0   2
 133000   17000000|  8   6  86   0   0   1
  99000   18000000|  8   7  85   0   0   1
 120000   17000000|  8   6  83   1   0   1
 113000   16000000|  9   7  84   0   0   0
  94000   16000000|  8   7  85   0   0   1
 113000   18000000|  8   7  85   0   0   1
 104000   18000000|  9   8  83   0   0   1
 124000   17000000|  7   6  86   0   0   1
 103000   18000000|  7   6  84   1   0   1
 119000   18000000|  8   5  86   0   0   1
 127000   18000000|  8   6  85   0   0   1
 101000   20000000|  8   7  85   0   0   1
 125000   20000000|  8   7  85   0   0   1
 121000   22000000|  9   8  83   0   0   1
 147000   21000000|  8   7  84   1   0   1
 141000   21000000| 10   6  84   0   0   1
 112000   21000000|  8   7  84   0   0   1
 138000   23000000|  8   7  84   0   0   1
 142000   23000000|  8   6  86   0   0   1
 135000   24000000|  8   7  85   0   0   0
 147000   25000000|  8   6  84   1   0   1
 149000   26000000|  8   6  85   0   0   1
 155000   28000000|  9   7  83   0   0   1
 181000   29000000|  9   7  82   0   0   1
 164000   25000000|  9   6  85   0   0   1
 170000   28000000|  9   7  83   0   0   1
 171000   29000000|  7   8  84   1   0   0
 177000   26000000|  6   8  84   0   0   1
 163000   22000000|  8   6  84   0   0   1
 135000   22000000|  8   7  84   0   0   1
 135000   21000000|  7   7  86   0   0   1
 137000   24000000|  7   6  86   0   0   1
 151000   24000000|  6   7  85   1   0   1
 138000   27000000|  9   7  84   0   0   1
 172000   24000000|  7   7  85   0   0   1
 152000   26000000|  8   6  85   0   0   1
 180000   24000000|  9   6  84   0   0   1
 156000   24000000|  8   5  87   0   0   1
 140000   21000000|  6   8  84   1   0   1
 156000   21000000|  8   7  84   0   0   2
 135000   20000000|  8   6  86   0   0   1
 122000   22000000|  7   7  85   0   0   1
 117000   24000000| 10   7  83   0   0   1
 172000   23000000|  7   7  85   0   0   1
 147000   24000000|  8   7  85   1   0   0
 162000   26000000|  7   7  85   0   0   1
 178000   22000000|  8   9  83   0   0   1
 134000   21000000|  8   5  86   0   0   1
 118000   24000000|  9   8  83   0   0   1
 157000   24000000|  8   6  85   0   0   1
 155000   20000000|  8   7  83   1   0   1
 126000   22000000| 10   5  84   0   0   1
 131000   22000000|  7   6  86   0   0   1
 136000   25000000|  9   6  84   0   0   1
 173000   26000000|  8   7  84   0   0   2
 168000   24000000|  8   7  84   0   0   1
 135000   22000000|  8   7  84   1   0   1
 144000   20000000|  7   7  85   0   0   1
 130000   22000000|  8   5  86   0   0   1
 130000   24000000|  8   7  85   0   0   1
 144000   22000000|  7   6  85   0   0   1
 124000   22000000|  9   7  84   0   0   1
 137000   22000000|  9   6  83   1   0   1
 134000   23000000|  8   6  85   0   0   1
 123000   23000000| 10   7  83   0   0   0
 160000   23000000|  9   5  84   0   0   2
 116000   21000000|  8   6  86   0   0   1
 128000   22000000|  9   6  84   0   0   1
 123000   22000000|  6   7  86   1   0   0
 140000   22000000|  7   8  85   0   0   1
 150000   25000000|  9   7  83   0   0   1
 133000   24000000|  8   7  85   0   0   1
 159000   26000000|  9   7  83   0   0   1
 143000   23000000|  9   7  84   0   0   1
 143000   21000000|  7   6  85   1   0   1
 141000   24000000|  7   8  84   0   0   1
 159000   25000000|  8   7  84   0   0   1
 157000   29000000|  8   7  84   0   0   1
 204000   26000000|  7   8  84   0   0   1
 147000   26000000|  7   7  85   0   0   1
 153000   29000000|  8   7  83   1   0   1
 204000   30000000|  7   7  84   0   0   1
 180000   26000000|  8   7  84   0   0   1
 127000   23000000|  9   6  85   0   0   1
 149000   25000000|  9   6  85   0   0   0
 149000   24000000|  9   6  84   0   0   1
 130000   20000000|  9   7  82   1   0   1
 124000   20000000|  7   6  86   0   0   0
 130000   22000000|  9   7  84   0   0   0
 123000   23000000|  7   6  85   0   0   2
 150000   20000000|  9   5  85   0   0   0
 124000   19000000|  9   6  84   0   0   1
 113000   21000000|  8   7  83   2   0   1
 131000   21000000|  7   6  86   0   0   1
 132000   22000000|  8   6  85   0   0   0
 129000   25000000|  7   7  85   0   0   1
 157000   24000000| 10   6  83   0   0   1
 158000   26000000|  8   6  85   0   0   1
 150000   21000000|  6   8  84   1   0   1
 132000   23000000|  7   6  86   0   0   1
 137000   26000000|  8   7  84   0   0   1
 154000   28000000|  7   7  85   0   0   1
 186000   28000000|  9   7  84   0   0   1
 148000   25000000|  7   7  84   1   0   0
 145000   26000000|  8   7  84   0   0   1
 161000   24000000|  9   6  84   0   0   1
 125000   24000000|  9   7  84   0   0   0
 145000   26000000|  9   7  84   0   0   1
 157000   26000000|  8   7  84   0   0   1
 158000   25000000| 10   7  81   1   0   1
 141000   21000000|  8   7  85   0   0   0
 134000   23000000|  8   5  86   0   0   1
 145000   23000000|  9   7  83   0   0   1
 130000   20000000|  8   8  83   0   0   1
 114000   18000000|  7   7  86   0   0   1
 112000   20000000|  7   6  86   1   0   1
 119000   20000000|  8   8  84   0   0   1
 135000   19000000|  7   7  85   0   0   1
 115000   21000000|  8   6  86   0   0   1
 125000   23000000|  7   8  84   0   0   1
 150000   21000000|  6   6  87   0   0   1
 127000   23000000|  7   8  83   1   0   1
 135000   21000000|  8   6  85   0   0   1
 147000   22000000|  8   7  84   0   0   1
 140000   24000000|  7   8  84   0   0   1
 141000   22000000|  8   6  85   0   0   0
 147000   23000000|  7   6  85   0   0   1
 147000   24000000|  8   6  83   2   0   1
 149000   24000000|  9   6  84   0   0   1
 162000   22000000|  7   6  86   0   0   1
 135000   21000000|  8   8  84   0   0   1
 129000   21000000|  7   7  85   0   0   1
 152000   22000000|  9   8  83   0   0   1
 140000   21000000|  7   7  84   1   0   1
 116000   21000000|  7   7  86   0   0   1
 136000   23000000|  8   7  84   0   0   1
 146000   25000000|  9   6  85   0   0   1
 133000   23000000| 21   8  70   0   0   1
 144000   25000000| 34   8  57   0   0   1
 154000   26000000| 33  10  54   0   0   2
 135000   25000000| 35   7  56   0   0   2
 143000   26000000| 33   8  57   0   0   2
 162000   27000000| 34   8  57   0   0   2
 151000   28000000| 35   8  56   0   0   1
 157000   26000000| 33   8  58   0   0   2
 148000   22000000| 34   8  55   1   0   2
 132000   24000000| 34   8  56   0   0   2
 139000   22000000| 34   9  56   0   0   1
 128000   18000000| 18   7  74   0   0   1
 116000   20000000|  7   5  86   0   0   1
 121000   19000000|  8   6  85   0   0   1
 109000   17000000| 30   8  60   1   0   1
  94000   16000000| 32   8  59   0   0   1
  88000   15000000| 33   8  58   0   0   1
  98000   16000000| 34   7  57   0   0   1
  94000   16000000| 34   8  57   0   0   1
  93000   16000000| 34   7  58   0   0   1
 119000   17000000| 47   9  41   1   0   2
 136000   18000000| 62  13  23   0   0   2
 127000   19000000| 65  11  23   0   0   2
 144000   21000000| 62  12  23   0   0   2
 136000   18000000| 60  12  26   0   0   3
 114000   18000000| 74  11  10   1   0   4
 113000   17000000| 78  12   8   0   0   2
 120000   19000000| 81  11   7   0   0   2
 112000   20000000| 82  11   5   0   0   2
 128000   20000000| 88  10   0   0   0   2
 137000   23000000| 87  10   0   0   0   3
 127000   23000000| 88  11   0   0   0   2
 145000   26000000| 83  11   2   0   0   4
 146000   29000000| 79  13   5   0   0   3
 197000   33000000| 88   9   0   0   0   3
 193000   31000000| 86  10   0   0   0   4
 170000   27000000| 87   9   0   0   0   4
 129000   23000000| 89   9   0   0   0   2
 152000   27000000| 88   8   0   0   0   4
 140000   26000000| 87  10   0   0   0   3
 169000   29000000| 86  10   0   0   0   4
 164000   29000000| 88   9   0   0   0   3
 170000   31000000| 81  10   6   0   0   3
 178000   26000000| 76  11   9   1   0   3
 152000   28000000| 71  10  17   0   0   2
 185000   23000000| 51  10  38   0   0   2
 125000   21000000| 38  10  51   0   0   2
 139000   23000000| 30   7  62   0   0   2
 161000   24000000| 31   7  60   0   0   1
 138000   23000000| 32   7  60   0   0   2
 146000   22000000| 32   8  59   0   0   1
 150000   23000000| 33   6  59   0   0   2
 160000   24000000| 33   5  61   0   0   1
 154000   24000000| 32   8  57   0   0   2
 153000   21000000| 46   7  46   0   0   1
 148000   22000000| 34   9  55   1   0   1
 127000   20000000| 33   8  58   0   0   1
 123000   19000000| 33   6  60   0   0   1
 145000   21000000| 32   6  60   0   0   1
 156000   21000000| 45   8  47   0   0   1
 216000   25000000| 61  11  26   0   0   3
 179000   23000000| 58  11  28   1   0   2
 138000   22000000| 61  13  24   0   0   2
 147000   23000000| 61  11  26   0   0   1
 148000   22000000| 62  10  26   0   0   2
 167000   25000000| 60  12  26   0   0   2
 172000   21000000| 59  12  26   0   0   3
 147000   22000000| 61  12  25   0   0   2
 136000   22000000| 60  12  25   0   0   3
 126000   21000000| 61  10  27   0   0   2
 142000   23000000| 61  10  26   0   0   3
 128000   24000000| 61  13  23   0   0   2
 139000   23000000| 59  12  27   0   0   3
 131000   23000000| 57  10  31   1   0   2
 122000   22000000| 57   7  34   0   0   2
 129000   24000000| 29   8  61   0   0   2
 152000   25000000| 55  11  33   0   0   2
 129000   23000000| 61  10  27   0   0   3
 133000   24000000| 44   7  48   0   0   1
 150000   27000000| 31   7  59   2   0   2
 155000   27000000| 32   8  58   0   0   2
 132000   21000000| 32   5  61   0   0   2
 130000   20000000| 31   7  61   0   0   1
 115000   21000000| 31   8  60   0   0   1
 110000   19000000| 31   6  61   0   0   1
 129000   20000000| 33   8  57   1   0   1
 118000   21000000| 32   5  62   0   0   1
 133000   24000000| 30   6  63   0   0   1
 168000   26000000| 31   9  59   0   0   2
 164000   23000000| 31   6  61   0   0   2
 134000   21000000| 31   8  60   0   0   1
 167000   23000000| 31   7  58   2   0   2
 159000   23000000| 32   6  62   0   0   1
 136000   25000000| 33   7  60   0   0   1
 135000   22000000| 32   7  60   0   0   1
 144000   23000000| 32   7  59   0   0   1
 152000   22000000| 32   8  59   0   0   2
 162000   21000000| 32   6  59   1   0   1
 153000   21000000| 32   7  60   0   0   1
 119000   20000000| 33   6  60   0   0   1
 139000   23000000| 31   7  61   0   0   2
 149000   21000000| 32   7  60   0   0   1
 124000   19000000| 32   6  61   0   0   1
 121000   19000000| 31   6  60   1   0   2
 127000   20000000| 31   7  61   0   0   1
 119000   21000000| 31   7  60   0   0   2
 136000   20000000| 31   6  61   0   0   2
 126000   20000000| 33   7  59   0   0   2
 118000   21000000| 31   7  61   0   0   1
 130000   22000000| 38   6  54   1   0   1
 136000   23000000| 40   8  51   0   0   1
 126000   23000000| 30   7  62   0   0   1
 146000   26000000| 32   7  59   0   0   2
 162000   28000000| 32   6  61   0   0   1
 153000   28000000| 29   4  66   0   0   1
 174000   29000000| 30   4  65   1   0   1
 193000   29000000| 30   4  66   0   0   0
 142000   27000000| 29   3  67   0   0   1
 147000   25000000| 30   4  65   0   0   1
 168000   27000000| 30   3  66   0   0   1
 168000   25000000| 30   4  66   0   0   0
 165000   28000000| 30   3  65   1   0   1
 195000   29000000| 17   4  79   0   0   1
 155000   28000000|  5   3  92   0   0   0
 150000   26000000|  4   3  93   0   0   0
 161000   26000000|  4   4  92   0   0   0
 142000   26000000|  4   3  93   0   0   0
 144000   26000000|  4   3  92   2   0   1
 163000   23000000|  3   3  94   0   0   0
 135000   23000000|  5   3  92   0   0   0
 149000   22000000|  3   3  94   0   0   0
 135000   20000000|  4   4  92   0   0   0
 127000   21000000|  4   4  93   0   0   0
 120000   18000000|  4   2  93   1   0   0
 119000   19000000|  6   2  92   0   0   0
 123000   20000000|  4   3  93   0   0   0
 111000   18000000| 25   4  71   0   0   1
 101000   17000000| 29   4  67   0   0   1
 108000   18000000| 30   1  68   0   0   1
 107000   17000000| 28   3  67   1   0   1
 103000   18000000| 28   3  67   0   0   1
 121000   17000000| 29   2  68   0   0   1
 106000   16000000| 30   3  67   0   0   1
  90000   16000000| 30   2  68   0   0   1
 111000   16000000| 29   3  68   0   0   1
  98000   17000000| 29   3  66   1   0   1
 101000   18000000| 29   3  68   0   0   1
 122000   19000000| 30   2  68   0   0   0
 108000   17000000| 29   3  67   0   0   1
  95000   15000000| 29   2  68   0   0   1
 101000   16000000| 30   2  68   0   0   0
 108000   18000000| 29   3  66   1   0   1
 108000   19000000| 30   3  67   0   0   1
 131000   17000000| 29   3  67   0   0   1
 104000   16000000| 30   3  67   0   0   0
 123000   18000000| 30   2  68   0   0   1
 129000   18000000| 30   3  68   0   0   0
 128000   19000000| 28   3  68   1   0   1
 129000   20000000| 28   4  67   0   0   1
 147000   20000000| 29   3  68   0   0   0
 135000   19000000| 11   3  87   0   0   0
 123000   19000000|  4   2  94   0   0   0
  99000   19000000|  4   3  94   0   0   0
 102000   19000000|  4   3  93   1   0   0
 110000   16000000|  6   2  92   0   0   0
 102000   16000000|  3   2  95   0   0   0
 104000   18000000|  5   2  93   0   0   0
 112000   17000000|  3   3  94   0   0   0
  93000   16000000|  4   2  94   0   0   0
  92000   17000000|  5   2  92   1   0   0
 109000   17000000|  4   2  94   0   0   0
 105000   18000000|  4   3  94   0   0   0
  97000   19000000|  3   2  95   0   0   0
 115000   18000000|  3   4  93   0   0   0
 106000   17000000|  5   2  92   1   0   0
 103000   16000000|  4   3  93   0   0   0
 112000   17000000|  4   3  94   0   0   0
  93000   17000000|  4   2  94   0   0   0
 104000   18000000|  5   3  92   0   0   0
 113000   16000000|  4   2  94   0   0   0
  95000   18000000|  3   3  93   1   0   0
 106000   18000000|  3   3  94   0   0   0
 124000   19000000|  4   3  93   0   0   0
 103000   18000000|  4   3  93   0   0   0
  96000   16000000|  3   3  94   0   0   0
 111000   17000000|  4   2  94   0   0   0
  93000   15000000|  4   2  93   1   0   0
  99000   17000000|  3   2  95   0   0   0
 108000   18000000|  4   3  93   0   0   0
  91000   16000000|  3   3  94   0   0   0
 103000   18000000|  3   3  94   0   0   0
 103000   19000000|  4   2  94   0   0   0
 121000   20000000|  5   2  91   1   0   0
 118000   19000000|  4   2  94   0   0   0
 112000   21000000|  4   3  93   0   0   0
 138000   20000000|  4   2  94   0   0   0
 118000   20000000|  5   2  94   0   0   0
 107000   18000000|  4   4  93   0   0   0
 124000   19000000|  5   3  92   1   0   0
 101000   20000000|  4   2  94   0   0   0
 128000   18000000|  4   3  93   0   0   0
 109000   17000000|  3   2  95   0   0   0
 108000   19000000|  5   2  93   0   0   0
 126000   19000000|  4   3  93   0   0   1
  96000   20000000|  4   3  92   1   0   0
 119000   17000000|  4   3  93   0   0   0
 111000   18000000|  4   3  93   0   0   0
 118000   18000000|  5   2  93   0   0   0
 119000   19000000|  4   3  93   0   0   0
 113000   18000000|  4   3  93   0   0   0
 107000   17000000|  3   1  95   1   0   0
 108000   19000000|  4   3  93   0   0   0
 104000   17000000|  4   2  93   0   0   0
 117000   18000000|  3   3  95   0   0   0
 102000   17000000|  4   3  94   0   0   0
  90000   16000000|  4   3  94   0   0   0
 111000   18000000|  5   2  92   1   0   0
 111000   19000000|  4   3  94   0   0   0
 115000   17000000|  4   2  94   0   0   0
 103000   16000000|  4   2  94   0   0   0
  97000   15000000|  4   2  94   0   0   0
  93000   15000000|  4   2  94   0   0   0
  86000   15000000|  2   2  95   1   0   0
  86000   14000000|  4   2  94   0   0   0
  94000   16000000|  4   2  94   0   0   0
  89000   18000000|  5   2  93   0   0   0
 125000   20000000|  4   3  93   0   0   0
 116000   18000000|  4   3  93   0   0   0
 122000   17000000|  4   2  93   1   0   0
 118000   17000000|  4   2  94   0   0   0
 107000   17000000|  4   3  94   0   0   0
 106000   17000000|  3   2  95   0   0   0
 112000   20000000|  4   2  94   0   0   0
 142000   17000000|  5   2  93   0   0   0
 110000   17000000|  5   2  93   1   0   0
 112000   17000000|  5   3  93   0   0   0
 113000   17000000|  5   2  93   0   0   0
  96000   19000000|  5   2  93   0   0   0
 116000   19000000|  4   3  93   0   0   0
 104000   20000000|  4   2  94   0   0   0
 129000   22000000|  4   3  91   1   0   0
 130000   22000000|  4   3  93   0   0   0
 134000   24000000|  4   4  93   0   0   0
 154000   24000000|  4   3  93   0   0   0
 118000   21000000|  5   3  92   0   0   0
 141000   23000000|  4   3  93   0   0   0
 147000   24000000|  5   3  92   1   0   0
 147000   24000000|  4   4  92   0   0   0
 145000   26000000|  4   3  94   0   0   0
 175000   25000000|  3   3  94   0   0   0
 145000   26000000|  3   3  94   0   0   0
 148000   21000000|  5   3  92   0   0   0
 127000   23000000|  5   2  92   1   0   0
 132000   22000000|  5   2  93   0   0   0
 137000   20000000|  4   3  94   0   0   0
 107000   18000000|  5   2  93   0   0   0
 116000   19000000|  3   3  94   0   0   0
 113000   19000000|  3   4  93   0   0   0
 113000   20000000|  4   2  93   1   0   0
 119000   21000000|  4   3  94   0   0   0
 131000   21000000|  4   2  94   0   0   0
 130000   22000000|  4   2  94   0   0   0
 141000   23000000|  4   3  94   0   0   0
 148000   23000000|  4   4  92   0   0   0
 125000   22000000|  5   3  92   1   0   0
 145000   17000000|  4   3  93   0   0   0
 110000   19000000|  4   2  94   0   0   0
 113000   20000000|  3   2  95   0   0   0
 125000   19000000|  4   3  93   0   0   0
 107000   19000000|  3   3  94   0   0   0
 121000   18000000|  4   2  93   1   0   0
 107000   18000000|  3   3  93   0   0   0
 130000   17000000|  4   3  93   0   0   0
  97000   16000000|  4   3  93   0   0   0
 105000   17000000|  3   3  94   0   0   0
  92000   18000000|  3   3  94   0   0   0
 111000   14000000|  4   2  92   1   0   0
  85000   17000000|  5   3  93   0   0   0
 112000   18000000|  4   3  94   0   0   0
 112000   19000000|  6   2  92   0   0   0
 123000   19000000|  4   4  92   0   0   0
 126000   21000000|  4   2  94   0   0   0
 115000   21000000|  4   3  92   1   0   0
 138000   24000000|  5   2  93   0   0   0
 138000   28000000|  4   4  92   0   0   0
 181000   25000000|  4   4  92   0   0   0
 142000   21000000|  4   3  93   0   0   0
 123000   20000000|  3   4  94   0   0   0
 123000   21000000|  4   3  91   1   0   0
 127000   23000000|  4   3  93   0   0   0
 132000   22000000|  4   4  93   0   0   0
 132000   25000000|  5   2  93   0   0   0
 153000   25000000|  5   2  93   0   0   0
 161000   25000000|  4   4  92   0   0   0
 138000   24000000|  5   2  92   1   0   0
 160000   27000000|  5   3  92   0   0   0
 156000   26000000|  4   3  93   0   0   0
 154000   28000000|  4   3  93   0   0   0
 155000   22000000| 16   4  79   0   0   1
 127000   25000000| 30   4  67   0   0   0
 152000   20000000| 29   4  66   1   0   1
 132000   20000000| 29   3  67   0   0   1
 117000   20000000| 30   3  67   0   0   1
 138000   18000000| 29   3  67   0   0   1
 104000   17000000| 29   3  68   0   0   0
 117000   16000000| 29   2  68   0   0   1
  83000   12000000| 29   2  67   1   0   0
  94000   14000000| 29   3  68   0   0   1
  91000   16000000| 29   3  68   0   0   0
  99000   15000000| 30   2  68   0   0   0
  91000   16000000| 28   3  68   0   0   1
 107000   17000000| 29   3  67   0   0   0
  98000   18000000| 29   3  67   1   0   0
 110000   17000000| 30   3  67   0   0   0
  98000   20000000| 29   3  67   0   0   0
 132000   21000000| 29   3  68   0   0   0
 112000   18000000| 29   3  68   0   0   1
 107000   17000000| 30   3  67   0   0   0
 107000   16000000| 28   2  68   1   0   0
  99000   16000000| 29   3  67   0   0   1
 118000   16000000| 29   3  68   0   0   0
  99000   17000000| 30   3  67   0   0   0
 111000   19000000| 30   3  67   0   0   0
 108000   21000000| 30   3  67   0   0   1
 139000   21000000| 30   2  66   1   0   0
 103000   20000000| 29   3  68   0   0   1
 138000   24000000| 29   3  68   0   0   0
 148000   21000000| 29   3  67   0   0   1
 129000   22000000| 10   3  87   0   0   0
 127000   21000000| 29   3  67   0   0   1
 129000   22000000| 29   3  66   1   0   1
 140000   23000000| 29   2  69   0   0   0
 134000   24000000| 30   3  67   0   0   0
 150000   23000000| 29   2  69   0   0   1
 137000   21000000| 29   2  69   0   0   1
 129000   21000000| 29   2  68   0   0   1
 134000   20000000| 29   3  67   1   0   0
 115000   21000000| 29   2  69   0   0   0
 135000   19000000| 28   4  67   0   0   1
 117000   18000000| 29   2  69   0   0   0
 128000   19000000| 28   4  67   0   0   1
 122000   17000000| 28   2  70   0   0   0
 112000   16000000| 29   4  65   1   0   1
  84000   14000000| 29   2  69   0   0   0
  93000   13000000| 28   3  69   0   0   0
  80000   12000000| 29   1  70   0   0   1
  82000   12000000| 28   3  69   0   0   1
  80000   12000000| 29   2  69   0   0   0
  84000   13000000| 29   2  67   1   0   1
  86000   13000000| 28   3  69   0   0   0
  90000   14000000| 29   2  69   0   0   0
  99000   16000000| 29   3  68   0   0   0
  90000   16000000| 28   2  70   0   0   0
 109000   17000000| 29   3  67   1   0   0
 120000   20000000| 27   2  70   0   0   0
 115000   21000000| 29   2  69   0   0   0
 128000   20000000| 28   3  69   0   0   0
 129000   24000000|  7   2  91   0   0   0
 142000   25000000|  4   3  93   0   0   0
 163000   19000000|  3   2  93   2   0   0
 108000   19000000|  4   3  94   0   0   0
 119000   18000000|  2   2  96   0   0   0
 123000   18000000|  4   2  94   0   0   0
  95000   18000000|  4   2  95   0   0   0
 106000   18000000|  3   3  94   0   0   0
 111000   16000000|  3   2  94   1   0   0
  95000   15000000|  4   2  94   0   0   0
  93000   17000000|  3   2  95   0   0   0
  94000   15000000|  4   3  94   0   0   0
  81000   13000000|  3   2  95   0   0   0
  97000   14000000|  4   2  94   0   0   0
  82000   14000000| 26   2  70   1   0   1
  80000   13000000| 28   2  70   0   0   0
  83000   12000000| 28   2  69   0   0   1
  70000   12000000| 27   2  70   0   0   1
  84000   13000000| 28   2  70   0   0   0
  89000   13000000| 28   1  70   0   0   1
  80000   13000000| 27   2  69   1   0   1
  85000   14000000| 28   3  69   0   0   0
  88000   16000000| 28   2  70   0   0   1
  95000   17000000| 28   2  70   0   0   1
 106000   18000000| 49   4  46   0   0   1
  94000   17000000| 54   5  39   0   0   1
 107000   19000000| 57   5  37   1   0   1
 118000   21000000| 55   5  39   0   0   1
 123000   24000000| 56   5  38   0   0   1
 141000   23000000| 56   6  38   0   0   1
 146000   24000000| 55   4  39   0   0   1
 130000   23000000| 36   4  58   0   0   2
 130000   22000000| 55   4  37   2   0   2
 151000   23000000| 55   4  40   0   0   1
 115000   20000000| 55   4  40   0   0   1
 113000   20000000| 46   3  50   0   0   1
 122000   19000000| 51   3  44   0   0   1
 105000   19000000| 54   4  40   0   0   2
  88000   16000000| 55   4  40   1   0   1
  91000   13000000| 54   3  41   0   0   2
  73000   12000000| 54   4  41   0   0   1
  71000   12000000| 55   3  42   0   0   1
  68000   11000000| 53   4  42   0   0   2
  75000   12000000| 53   4  42   0   0   1
  71000   13000000| 53   3  42   1   0   1
  93000   14000000| 49   3  46   0   0   1
  86000   15000000| 27   3  70   0   0   0
  98000   17000000| 26   2  71   0   0   1
  89000   13000000| 26   2  72   0   0   0
  63000 8419000| 27   1  73   0   0   0
  44000 8383000| 27   2  71   1   0   0
  53000 9339000| 26   1  73   0   0   1
  58000 8940000| 27   1  73   0   0   0
  49000 8005000| 27   1  72   0   0   0
  48000 6853000| 26   1  72   0   0   0
  48000 7479000| 27   1  72   0   0   0
  45000 7900000| 27   1  71   1   0   0
  51000 7846000| 26   1  73   0   0   0
  53000 7886000| 26   1  73   0   0   0
  52000 9360000| 27   1  72   0   0   0
  66000 9098000| 27   1  72   0   0   0
  63000 9972000| 27   1  72   0   0   0
  67000   10000000| 48   4  47   1   0   1
  62000 9504000| 53   2  45   0   0   1
  64000 8872000| 54   3  43   0   0   0
  65000   10000000| 53   4  43   0   0   0
  53000 7495000| 52   3  44   0   0   1
  55000 7759000| 53   3  44   0   0   1
  42000 7443000| 53   3  43   0   0   1
  48000 8146000| 54   3  44   0   0   0
  50000 8090000| 53   2  44   0   0   1
  42000 6446000| 54   3  43   0   0   0
  46000 7996000| 53   3  44   0   0   1
  50000 8438000| 53   2  44   0   0   1
  55000   10000000| 53   4  41   1   0   1
  61000   11000000| 59   2  39   0   0   1
  75000   13000000| 75   3  20   0   0   1
  72000   13000000| 77   3  20   0   0   1
  96000   14000000| 89   4   4   0   0   2
  79000   14000000| 79   3  16   0   0   2
  90000   17000000| 74   3  20   1   0   2
 108000   14000000| 95   2   2   0   0   1
  64000   12000000| 78   3  19   0   0   1
  78000   14000000| 61   3  34   0   0   2
  76000   12000000| 51   2  47   0   0   0
  58000   10000000| 42   2  56   0   0   0
  71000   12000000| 21   2  76   1   0   0
  79000   14000000| 13   1  86   0   0   0
  57000 8346000| 25   0  75   0   0   0
  34000 4382000| 25   0  75   0   0   0
  22000 3669000| 25   1  74   0   0   0
  21000 3736000| 25   0  75   0   0   0
  21000 3736000| 25   0  74   1   0   0
  23000 3802000| 25   0  75   0   0   0
  22000 4003000| 25   0  75   0   0   0
  25000 4003000| 25   0  75   0   0   0
  22000 4203000| 25   0  75   0   0   0
  24000 4536000| 25   0  75   0   0   0
  30000 3447000| 15   1  83   1   0   0
  26000 3803000|  0   0 100   0   0   0
  27000 3141000|  0   0 100   0   0   0
5420B  263000|  0   0 100   0   0   0
 324B    0|  0   0 100   0   0   0
 128B    0|  0   0 100   0   0   0
