   0     0|  1   1  95   2   0   0
 668B 1140B| 20  17  63   0   0   0
  20000   20000|  5   4  90   0   0   0
  20000   15000|  8   6  85   0   0   0
  13000   20000|  6   5  88   0   0   0
6742B   11000|  6   5  89   0   0   0
5418B   22000|  6   6  87   1   0   0
 454B    0|  5   5  90   0   0   0
 324B    0|  6   5  89   0   0   0
 352B    0|  7   4  89   0   0   0
 708B    0|  6   5  89   0   0   0
6556B  128000| 12  11  76   0   0   0
  28000 2336000| 10   6  82   1   0   0
 138000   11000000| 11   7  81   0   0   1
 429000   33000000| 11  10  76   0   0   3
 556000   28000000| 11   8  80   0   0   1
 249000   30000000| 11   9  78   0   0   2
 245000   38000000| 11   9  79   0   0   1
 260000   35000000| 12   9  78   1   0   1
 205000   37000000| 10   9  79   0   0   1
 194000   37000000| 11   8  79   0   0   1
 232000   33000000| 10   9  80   0   0   1
 187000   34000000| 10   8  79   0   0   2
 196000   30000000| 11   9  79   0   0   1
 206000   29000000| 12   6  80   1   0   1
 163000   29000000| 11   9  80   0   0   1
 182000   32000000| 12  10  78   0   0   1
 224000   35000000| 12   8  79   0   0   1
 226000   34000000| 12   9  78   0   0   1
 202000   34000000| 10   9  79   0   0   2
 241000   37000000| 11   9  79   1   0   1
 215000   38000000| 10   9  79   0   0   1
 238000   39000000| 13   9  76   0   0   1
 256000   41000000| 13   8  78   0   0   1
 254000   43000000| 12  10  77   0   0   1
 186000   33000000| 11   9  79   0   0   1
 222000   36000000| 11   8  79   1   0   1
 188000   33000000| 11   9  79   0   0   1
 196000   36000000| 10   8  80   0   0   2
 221000   34000000| 11   9  79   0   0   1
 199000   36000000| 12   8  80   0   0   1
 195000   35000000| 14   9  77   0   0   1
 249000   35000000| 12   9  78   1   0   1
 205000   37000000| 11  10  78   0   0   1
 215000   39000000|  9  11  78   0   0   2
 257000   42000000| 12  10  77   0   0   1
 248000   44000000| 11  10  78   0   0   2
 249000   40000000| 11   9  78   0   0   2
 264000   41000000| 11   7  79   1   0   1
 244000   43000000| 10  10  78   0   0   2
 250000   38000000| 11  10  78   0   0   1
 280000   42000000| 11   8  80   0   0   1
 250000   39000000| 11  10  77   0   0   2
 221000   35000000| 14   8  77   0   0   2
 212000   38000000| 11   9  78   1   0   1
 215000   38000000| 11   9  79   0   0   1
 196000   35000000| 12   9  78   0   0   1
 217000   37000000| 10   8  81   0   0   1
 232000   36000000| 12   9  79   0   0   1
 201000   36000000| 13   9  77   0   0   1
 211000   37000000| 13   9  76   1   0   1
 241000   36000000| 11   8  80   0   0   1
 208000   36000000| 12   8  79   0   0   1
 203000   34000000| 11   9  78   0   0   2
 236000   35000000| 12   8  79   0   0   1
 199000   35000000| 11  10  78   0   0   2
 245000   28000000|  9   8  73   8   0   2
 194000   27000000| 12  10  78   0   0   1
 159000   29000000| 10  10  80   0   0   1
 183000   31000000| 11  12  75   0   0   2
 199000   30000000| 11  12  76   0   0   1
 194000   29000000| 13  10  77   0   0   1
 187000   30000000| 12  13  74   1   0   1
 173000   30000000| 12  10  78   0   0   1
 178000   31000000| 11   8  80   0   0   1
 201000   31000000| 10   8  80   0   0   1
 204000   26000000| 11   8  81   0   0   1
 166000   24000000| 11   7  81   0   0   1
 158000   20000000| 13   9  76   1   0   1
 149000   21000000|  9   8  82   0   0   1
 147000   20000000| 10  10  79   0   0   1
 156000   20000000|  9  18  72   0   0   1
 121000   19000000| 10   8  81   0   0   1
 132000   20000000| 11   8  80   0   0   1
 130000   20000000| 10  12  76   1   0   1
 119000   13000000| 10   8  80   0   0   1
  86000   11000000| 10   8  82   0   0   0
  88000   12000000| 10  10  80   0   0   1
  82000   11000000| 10   9  81   0   0   0
  81000   12000000| 10   7  82   0   0   1
  83000   13000000|  9   8  81   1   0   1
  85000   12000000| 10   6  84   0   0   0
  82000   11000000| 10   7  82   0   0   1
  79000   12000000| 11   8  81   0   0   0
  90000   13000000| 10   7  82   0   0   1
  96000   14000000| 11   9  80   0   0   0
  90000   15000000| 11   7  80   1   0   1
  92000   11000000| 10   8  81   0   0   0
  79000 9631000|  8   8  84   0   0   1
  71000 9806000| 10   7  83   0   0   0
  74000 9081000|  9   8  82   0   0   1
  68000 9649000| 11   6  83   0   0   0
  70000 9120000| 10   8  80   1   0   1
  64000 9668000| 11   8  80   0   0   1
  75000 9637000| 10   8  81   0   0   1
  70000 7981000| 10   7  82   0   0   1
  54000 8422000|  9   7  84   0   0   0
  67000 8623000| 10   7  82   0   0   0
  59000 8144000| 10   6  81   1   0   1
  66000 7514000| 10   7  83   0   0   0
  64000 7698000| 10   7  83   0   0   0
  58000 8855000| 11  10  79   0   0   0
  65000 9034000| 10  11  79   0   0   1
  61000 9138000| 11   8  81   0   0   0
  69000 9788000| 11   7  80   1   0   0
  62000 9056000| 11   6  83   0   0   1
  74000   11000000| 10   6  83   0   0   1
  74000   11000000| 10   8  81   0   0   0
  71000   11000000| 10   7  82   0   0   1
  79000   11000000|  9   6  84   0   0   1
  72000   11000000|  8   9  82   1   0   0
  76000   11000000|  9  12  79   0   0   0
  73000   11000000| 10  13  77   0   0   1
  82000   10000000|  9   9  82   0   0   0
  70000   11000000|  9   9  82   0   0   1
  82000   10000000| 10   8  82   0   0   0
  73000   11000000| 10   6  82   1   0   1
  71000   11000000|  9   8  82   0   0   1
  80000   10000000| 11   7  82   0   0   0
  67000 7673000| 10   7  83   0   0   1
  59000 8294000| 10   8  82   0   0   0
  58000 9170000| 11   7  81   0   0   1
  66000 8723000| 10   7  81   1   0   1
  63000 8764000| 11   8  81   0   0   1
  54000 8093000| 12   7  81   0   0   1
  63000 8362000|  9   8  82   0   0   1
  52000 8158000| 10   6  83   0   0   0
  65000 9267000| 10   7  82   0   0   0
  74000 8878000|  9  10  79   1   0   1
  61000 9990000| 11   7  82   0   0   0
  71000 9115000| 11   7  81   0   0   0
  67000   10000000| 11   7  82   0   0   0
  72000   11000000| 10   7  83   0   0   1
  75000   11000000| 10   7  82   0   0   1
  84000   11000000| 10   7  82   1   0   0
  81000   10000000| 11   9  80   0   0   1
  67000 8494000| 10   8  81   0   0   1
  68000 9458000|  9   7  83   0   0   0
  58000 8324000| 11   8  81   0   0   1
  65000 8681000| 10  11  78   0   0   1
  60000 7560000|  9   8  82   1   0   1
  65000 7970000| 10   7  83   0   0   0
  55000 8665000| 12  11  77   0   0   0
  66000 9354000| 11   9  80   0   0   1
  66000 9898000| 11   8  81   0   0   0
  76000   10000000| 11   7  81   0   0   1
  71000   10000000| 11   7  80   1   0   1
  81000   11000000|  9  10  80   0   0   0
  78000   11000000|  8   7  85   0   0   1
  77000 9633000|  9   7  83   0   0   1
  68000   10000000| 10   8  82   0   0   0
  76000   11000000| 10   7  82   0   0   1
  84000   14000000| 10   7  81   1   0   0
  95000   14000000|  9   8  83   0   0   1
  98000   16000000| 13   8  78   0   0   1
 108000   18000000| 11   7  81   0   0   1
 106000   22000000| 12   6  81   0   0   1
 144000   25000000|  9   8  82   0   0   1
 166000   20000000| 10   8  81   1   0   1
 144000   20000000|  9  11  78   0   0   2
 139000   22000000| 11   8  81   0   0   1
 156000   24000000| 10  11  79   0   0   1
 140000   19000000| 11  11  77   0   0   1
 132000   21000000| 11   7  81   0   0   1
 142000   22000000| 10   8  79   1   0   2
 133000   21000000| 11   6  82   0   0   1
 132000   18000000| 12   9  78   0   0   1
 112000   20000000| 11   8  80   0   0   1
 135000   19000000| 10  16  73   0   0   2
 116000   17000000| 11  11  76   0   0   1
 101000   14000000| 10   8  81   1   0   0
  93000   12000000| 12  10  78   0   0   1
  87000   14000000| 11   8  80   0   0   1
 103000   14000000| 10   7  82   0   0   1
  83000   11000000| 11   7  81   0   0   1
  75000   11000000| 11   8  81   0   0   1
  78000   11000000| 10   8  81   1   0   0
  79000   12000000|  8   8  84   0   0   1
  84000   12000000| 10   8  81   0   0   1
  78000   10000000| 10   7  82   0   0   1
  76000   10000000| 11   5  84   0   0   1
  69000   10000000|  9  10  81   0   0   1
  78000   11000000| 11   6  81   1   0   1
  75000   10000000| 10   7  83   0   0   0
  71000   11000000| 10   6  83   0   0   1
  78000   12000000|  9   8  83   0   0   1
  81000   13000000|  9   7  83   0   0   0
  86000   13000000|  9   9  81   0   0   1
  85000   13000000| 10   8  81   1   0   1
  87000   12000000| 10   8  82   0   0   0
  96000   15000000| 10   9  81   0   0   1
 103000   15000000| 10   7  83   0   0   1
 101000   15000000| 11   6  82   0   0   1
 108000   17000000|  9  15  76   0   0   1
 118000   18000000| 10  12  76   1   0   1
 109000   17000000| 10   8  81   0   0   1
 108000   18000000| 11  10  77   0   0   1
 135000   20000000| 13   8  78   0   0   0
 123000   21000000| 10   7  82   0   0   1
 136000   20000000| 12   8  79   0   0   1
 109000   17000000| 11   8  81   0   0   1
 116000   19000000|  9   9  82   0   0   1
 114000   19000000| 11   8  81   0   0   1
 118000   18000000| 12   8  80   0   0   1
 121000   18000000| 10   9  80   0   0   1
 104000   17000000| 11   7  82   0   0   1
 133000   19000000| 10   8  80   1   0   0
 114000   17000000| 11   9  79   0   0   1
 119000   19000000| 12   7  81   0   0   1
 114000   17000000| 11   8  80   0   0   1
 104000   15000000| 11   7  81   0   0   1
 113000   15000000| 11   8  81   0   0   0
  99000   17000000| 11   7  81   1   0   1
 116000   18000000| 10  10  79   0   0   1
 121000   20000000|  9   9  81   0   0   1
 117000   21000000| 10  13  77   0   0   1
 142000   23000000|  9  12  78   0   0   1
 129000   22000000| 11   9  80   0   0   1
 158000   22000000| 10  16  71   1   0   2
 115000   19000000| 10  13  76   0   0   1
 131000   22000000| 10   9  80   0   0   1
 144000   23000000| 31  14  54   0   0   1
 138000   24000000| 39  18  42   0   0   1
 140000   21000000| 39  21  39   0   0   2
 141000   23000000| 38  13  47   1   0   2
 152000   21000000| 38   8  53   0   0   2
 139000   20000000| 38  10  51   0   0   2
 137000   19000000| 38   9  51   0   0   2
 110000   18000000| 38   9  52   0   0   1
 112000   17000000| 37  10  53   0   0   1
 116000   19000000| 38   9  51   0   0   2
 117000   18000000| 39  10  51   0   0   1
 127000   18000000| 38   9  52   0   0   1
 113000   17000000| 37  12  50   0   0   1
 117000   19000000| 38  10  51   0   0   2
 137000   20000000| 37   9  52   0   0   2
 120000   20000000| 37  10  51   1   0   1
 123000   22000000| 37  10  51   0   0   1
 153000   23000000| 36  10  53   0   0   1
 138000   23000000| 16  10  73   1   0   1
 146000   21000000|  9   7  82   0   0   1
 138000   22000000|  9   6  82   1   0   1
 126000   23000000| 11   8  81   0   0   1
 127000   21000000| 10   8  75   6   0   1
 132000   17000000| 10   8  82   0   0   1
 108000   18000000|  9   7  83   0   0   1
 106000   19000000| 10   9  80   0   0   1
 124000   21000000| 10   9  80   1   0   1
 134000   23000000| 11  10  78   0   0   1
 140000   20000000| 10   7  82   0   0   1
 153000   22000000|  9   7  82   0   0   1
 136000   23000000| 10   8  81   0   0   1
 127000   19000000| 10   9  81   0   0   1
 134000   20000000| 11   7  80   1   0   1
 132000   21000000| 10   7  82   0   0   1
 127000   18000000| 11   9  79   0   0   1
 118000   18000000| 10   8  82   0   0   0
 110000   18000000| 11   8  81   0   0   1
 119000   18000000| 10   8  81   0   0   1
 122000   17000000| 12   7  80   1   0   1
 104000   14000000| 11   6  83   0   0   0
  96000   15000000| 10   9  81   0   0   1
 103000   14000000|  9   8  81   0   0   1
  93000   13000000|  9  10  81   0   0   1
  83000   13000000| 10  15  74   0   0   1
  98000   14000000| 12   8  79   1   0   0
  97000   14000000|  8  13  77   0   0   1
  83000   14000000|  9  14  76   0   0   1
  86000   12000000| 10   7  81   0   0   1
  90000   12000000|  9   8  82   0   0   1
  78000   13000000| 11   6  82   0   0   1
  88000   15000000| 10   7  81   1   0   1
 101000   16000000|  9   7  82   0   0   1
 105000   18000000| 11   7  81   0   0   1
 116000   20000000| 11   8  81   0   0   0
 144000   23000000| 10   9  80   0   0   1
 113000   18000000| 10   8  81   0   0   1
 133000   19000000|  9   8  81   1   0   1
 115000   19000000| 11   9  79   0   0   1
 123000   17000000| 11   7  82   0   0   1
 120000   19000000| 10   9  80   0   0   1
 124000   19000000| 11   8  81   0   0   1
 112000   18000000| 11   8  80   0   0   1
 116000   16000000| 11  10  78   1   0   1
 105000   17000000| 10   9  81   0   0   0
  90000   16000000|  8   7  85   0   0   1
 112000   18000000| 12  11  77   0   0   1
 104000   17000000| 11   9  80   0   0   1
 109000   18000000| 11   8  81   0   0   0
 119000   20000000| 10   9  80   1   0   1
 123000   19000000| 11   8  81   0   0   0
 115000   18000000| 10   8  81   0   0   1
 136000   20000000| 10   8  82   0   0   1
 134000   20000000| 10   8  81   0   0   1
 130000   19000000|  9   8  83   0   0   1
 128000   18000000| 11   8  79   1   0   1
 107000   16000000| 11   8  81   0   0   1
 110000   16000000|  9   8  81   0   0   1
 112000   15000000|  9   7  83   0   0   1
  98000   14000000|  9   7  83   0   0   0
  99000   13000000|  8   7  84   0   0   1
  94000   14000000| 10  10  79   1   0   0
  89000   14000000| 10   8  82   0   0   1
  79000   13000000| 10   7  83   0   0   0
  95000   15000000| 11   7  82   0   0   0
  91000   15000000|  9   7  83   0   0   1
 102000   16000000|  9   9  81   0   0   1
 109000   16000000| 11   6  82   1   0   1
 108000   18000000|  9   8  82   0   0   0
 113000   16000000|  9   8  83   0   0   1
 120000   19000000|  8  18  74   0   0   1
 113000   20000000| 10  10  80   0   0   1
 125000   18000000| 10   8  82   0   0   1
 124000   18000000| 10  10  79   1   0   0
 125000   19000000|  8   8  83   0   0   1
 115000   17000000| 10   7  82   0   0   1
 115000   17000000| 10   8  81   0   0   1
 107000   16000000|  9   9  81   0   0   1
 106000   15000000| 10   7  82   0   0   1
 109000   16000000| 11   9  79   1   0   1
 113000   18000000|  9   7  84   0   0   1
 123000   15000000| 10   9  79   0   0   1
  91000   15000000|  9   9  82   0   0   1
 104000   15000000|  9   7  84   0   0   0
 105000   15000000| 10   6  83   0   0   1
  98000   14000000| 10  10  79   1   0   1
 107000   14000000| 11  14  74   0   0   1
  95000   14000000| 11  20  69   0   0   1
 107000   14000000| 11  12  76   0   0   1
 103000   10000000| 11   7  82   0   0   1
  69000 8650000| 10   9  81   0   0   1
  67000 9367000| 11   8  80   1   0   0
  73000 9591000| 11   9  80   0   0   1
  67000 9302000| 12   7  80   0   0   1
  65000 8340000| 10   7  82   0   0   1
  64000 9445000|  9  10  80   0   0   1
  60000 9547000| 10   7  83   0   0   0
  75000   10000000|  9   7  82   1   0   1
  73000   11000000|  9   8  83   0   0   0
  75000   12000000| 11   8  80   0   0   1
  80000   14000000| 10   8  82   0   0   1
 104000   17000000| 10  22  66   0   0   1
 143000   21000000|  9  10  81   0   0   1
 156000   21000000| 11  10  77   1   0   1
 149000   23000000| 11   9  79   0   0   1
 171000   26000000| 10  14  76   0   0   1
 157000   29000000| 14   8  77   0   0   1
 226000   26000000| 38  10  51   0   0   1
 183000   24000000| 37   9  52   0   0   2
 166000   24000000| 37  21  39   0   0   2
 192000   26000000| 39  10  50   0   0   2
 199000   28000000| 35   9  54   0   0   2
 219000   28000000|  8   9  83   0   0   1
 214000   24000000|  8   9  82   0   0   1
 144000   21000000|  9   8  82   0   0   1
 159000   21000000| 10   9  79   2   0   1
 188000   24000000|  9   8  82   0   0   1
 192000   25000000| 11   7  80   0   0   1
 223000   26000000| 10   7  82   0   0   1
 216000   26000000| 24  11  64   0   0   2
 224000   31000000| 37   9  50   0   0   3
 284000   32000000| 37  11  49   1   0   2
 220000   29000000| 37  10  52   0   0   2
 214000   30000000| 38  10  51   0   0   2
 191000   27000000| 37   9  52   0   0   2
 222000   29000000| 39   8  51   0   0   2
 177000   30000000| 38  11  50   0   0   1
 214000   32000000| 37  11  50   1   0   2
 204000   29000000| 39  10  50   0   0   1
 191000   31000000| 38  11  50   0   0   2
 220000   29000000| 36  10  51   0   0   2
 192000   32000000| 38   9  51   0   0   2
 213000   30000000| 37  13  48   0   0   2
 189000   32000000| 41  21  35   1   0   2
 219000   31000000| 64  12  21   0   0   3
 181000   30000000| 66  16  16   0   0   2
 222000   33000000| 67  15  17   0   0   2
 212000   34000000| 66  14  16   0   0   3
 233000   37000000| 67  17  12   1   0   4
 257000   34000000| 78  11   8   0   0   4
   0     0| 73  14  11   0   0   3
 494000   74000000| 64  14  19   0   0   3
 203000   36000000| 76  13   8   0   0   2
 224000   32000000| 78  11   8   0   0   3
 179000   34000000| 77  13   6   0   0   4
 230000   29000000| 70  13  12   0   0   4
 201000   26000000| 65  12  20   0   0   3
 189000   25000000| 64  13  21   0   0   2
 171000   26000000| 43  10  46   0   0   2
 182000   24000000| 34  11  52   0   0   3
 194000   23000000| 36   8  54   1   0   2
 170000   22000000| 37   8  54   0   0   1
 226000   26000000| 46  10  42   0   0   2
 217000   26000000| 36   9  53   0   0   2
 220000   28000000| 34   9  56   0   0   2
 181000   29000000| 46  14  38   0   0   3
 215000   29000000| 63  14  19   1   0   3
 206000   33000000| 65  15  17   0   0   2
 275000   33000000| 62  16  19   0   0   4
 206000   31000000| 66  13  18   0   0   3
 238000   32000000| 64  11  23   0   0   2
 207000   29000000| 64  15  19   0   0   3
 197000   33000000| 65  14  17   0   0   4
 237000   31000000| 64  15  19   0   0   2
 200000   29000000| 65  13  19   0   0   2
 237000   33000000| 64  15  18   0   0   3
 219000   35000000| 75  14   9   0   0   3
 265000   38000000| 75  15   6   0   0   4
 294000   37000000| 71  12  14   0   0   3
 233000   35000000| 66  14  17   0   0   3
 230000   36000000| 60  11  26   0   0   3
 225000   34000000| 42   9  47   0   0   2
 244000   32000000| 36  10  52   0   0   2
 174000   28000000| 33   8  56   0   0   3
 178000   27000000| 35   7  57   1   0   1
 187000   26000000| 35   7  55   0   0   3
 175000   29000000| 34   9  55   0   0   2
 173000   28000000| 52  14  32   0   0   2
 199000   26000000| 62  11  24   0   0   3
 183000   23000000| 59  10  30   0   0   2
 153000   20000000| 32  11  55   1   0   2
 178000   24000000| 33  10  55   0   0   2
 172000   25000000| 61  13  23   0   0   2
 163000   23000000| 64  12  22   0   0   2
 164000   24000000| 65  13  20   0   0   2
 149000   23000000| 63  12  22   0   0   3
 146000   24000000| 64  14  19   1   0   3
 167000   22000000| 65  12  22   0   0   2
 153000   23000000| 62  12  24   0   0   2
 151000   23000000| 61  13  24   0   0   2
 178000   24000000| 64  12  22   0   0   3
 157000   24000000| 63  15  20   0   0   3
 145000   22000000| 63  12  22   0   0   3
 183000   23000000| 65  12  21   0   0   2
 167000   24000000| 63  13  22   0   0   2
 155000   25000000| 62  14  22   0   0   2
 164000   22000000| 62  11  24   0   0   3
 143000   23000000| 63  11  24   0   0   2
 145000   25000000| 59  11  29   0   0   2
 164000   27000000| 43  11  44   0   0   2
 191000   30000000| 33   8  57   0   0   2
 195000   32000000| 33   8  58   0   0   1
 186000   28000000| 31   7  61   0   0   1
 194000   29000000| 19   8  71   0   0   1
 188000   30000000|  7   7  84   2   0   1
 187000   31000000|  7   7  85   0   0   2
 235000   33000000|  6   9  84   0   0   1
 240000   37000000|  7   8  84   0   0   2
 234000   35000000|  8   7  84   0   0   1
 219000   32000000|  8   7  84   0   0   1
 257000   35000000|  9   7  82   1   0   1
 276000   36000000|  8   8  83   0   0   1
 256000   39000000|  8   8  83   0   0   1
 241000   39000000|  8   7  83   0   0   2
 270000   40000000|  7   8  83   0   0   1
 243000   43000000|  9   8  82   0   0   1
 267000   46000000|  8   7  83   1   0   1
 265000   44000000|  9   9  81   0   0   2
 324000   41000000|  8   8  82   0   0   2
 253000   39000000|  8   9  82   0   0   1
 241000   38000000|  9   7  81   0   0   2
 236000   41000000|  8   8  83   0   0   1
 262000   41000000|  9   7  82   1   0   1
 269000   42000000| 10   7  82   0   0   1
 247000   43000000|  9   7  82   0   0   2
 353000   45000000|  7   9  83   0   0   1
 234000   27000000| 10   7  82   0   0   1
 225000   33000000|  8   9  82   0   0   1
 213000   37000000| 10   6  83   1   0   1
 223000   35000000|  9   8  82   0   0   1
 214000   34000000| 10   6  82   0   0   1
 212000   31000000|  8   8  82   0   0   1
 206000   32000000|  8   7  84   0   0   1
 194000   32000000|  9   8  82   0   0   1
 190000   30000000|  9   7  82   1   0   1
 205000   29000000|  7   7  85   0   0   1
 180000   24000000|  8   8  83   0   0   1
 168000   27000000|  8   5  86   0   0   1
 191000   27000000|  8   7  84   0   0   1
 193000   29000000|  8   6  85   0   0   1
 183000   28000000|  8   8  82   1   0   1
 211000   26000000|  9   7  84   0   0   0
 186000   26000000|  8   7  84   0   0   1
 167000   25000000| 11   6  82   0   0   1
 162000   25000000|  8   7  83   0   0   2
 161000   22000000|  8   6  85   0   0   1
 146000   22000000|  8   7  83   1   0   1
 143000   24000000|  8   8  84   0   0   1
 150000   23000000|  9   8  83   0   0   1
 169000   25000000|  8   5  86   0   0   1
 146000   26000000|  8   7  84   0   0   1
 168000   30000000|  8   7  84   0   0   1
 195000   31000000|  8   8  82   1   0   1
 194000   34000000|  9   7  82   0   0   1
 212000   35000000|  8   6  85   0   0   1
 251000   36000000|  9   7  83   0   0   1
 221000   35000000| 10   7  82   0   0   1
 229000   34000000| 10   6  83   0   0   1
 239000   33000000|  9   6  84   1   0   1
 227000   35000000| 11   6  83   0   0   1
 228000   33000000|  8   6  84   0   0   1
 177000   29000000|  9   7  83   0   0   1
 193000   27000000|  9   8  82   0   0   1
 180000   30000000|  9   7  84   0   0   0
 205000   24000000|  8   6  84   1   0   1
 143000   25000000|  8   8  84   0   0   1
 173000   28000000|  7   8  84   0   0   1
 175000   28000000| 10   6  84   0   0   1
 174000   27000000|  8   7  84   0   0   1
 176000   28000000|  8   7  84   0   0   1
 203000   30000000|  7   7  83   1   0   1
 180000   25000000|  6   7  86   0   0   1
 177000   27000000|  8   7  84   0   0   1
 189000   29000000|  9   7  83   0   0   1
 176000   30000000|  9   7  84   0   0   1
 196000   31000000|  8   7  84   0   0   1
 202000   32000000|  9   8  82   1   0   1
 190000   36000000|  9   7  82   0   0   2
 229000   37000000|  7   9  83   0   0   1
 218000   34000000|  8   8  83   0   0   1
 183000   32000000|  7   7  84   0   0   1
 220000   36000000|  7   9  84   0   0   1
 233000   37000000|  9   7  81   1   0   1
 235000   38000000|  8   8  83   0   0   1
 230000   38000000|  9   6  84   0   0   0
 277000   43000000|  9  20  69   0   0   2
 266000   46000000|  9  55  33   0   0   4
 283000   44000000|  9  22  67   0   0   2
 272000   37000000|  8  11  79   1   0   1
 299000   38000000|  9   8  81   0   0   1
 198000   32000000|  8   8  84   0   0   0
 207000   38000000|  8   7  83   0   0   1
 213000   36000000|  9  10  80   0   0   1
 256000   32000000|  8   7  84   0   0   1
 191000   28000000|  7   7  84   1   0   1
 203000   27000000|  8  10  81   0   0   1
 218000   30000000| 10   7  83   0   0   0
 178000   29000000|  8  10  81   0   0   1
 193000   29000000|  9   8  83   0   0   1
 191000   28000000|  8   6  85   0   0   1
 202000   29000000|  8   9  81   1   0   1
 195000   29000000|  8   7  84   0   0   1
 215000   31000000|  9   7  84   0   0   1
 206000   33000000|  9   9  82   0   0   1
 193000   32000000|  8   7  84   0   0   1
 226000   34000000|  7  12  80   0   0   1
 248000   37000000|  9   7  80   1   0   2
 250000   38000000|  9  10  79   0   0   1
 277000   38000000|  7  10  81   0   0   1
 250000   35000000|  9   8  82   0   0   1
 250000   37000000|  7  11  80   0   0   2
 283000   36000000|  8   8  82   0   0   1
 238000   33000000|  8   7  83   1   0   1
 193000   36000000| 10   7  82   0   0   1
 235000   38000000|  8   7  84   0   0   1
 271000   39000000|  9  10  79   0   0   1
 263000   32000000|  8   9  81   0   0   1
 217000   30000000|  9   6  83   0   0   1
 223000   32000000|  9   6  82   1   0   1
 213000   34000000|  9  12  78   0   0   1
 211000   33000000|  8   7  84   0   0   1
 253000   31000000|  8   7  84   0   0   1
 201000   32000000|  8   8  83   0   0   1
 224000   32000000|  9   7  83   0   0   1
 211000   31000000| 10  11  78   1   0   1
 206000   30000000|  9   5  85   0   0   2
 204000   26000000|  7   7  86   0   0   1
 180000   25000000| 10   9  81   0   0   1
 188000   23000000|  8   6  86   0   0   1
 141000   21000000|  8   6  85   0   0   1
 158000   22000000|  9  10  80   1   0   1
 146000   22000000| 10   7  82   0   0   0
 148000   19000000| 33   8  57   0   0   1
 137000   20000000| 34   8  57   0   0   1
 137000   19000000| 34  14  50   0   0   2
 137000   20000000| 35  10  54   0   0   2
 134000   20000000| 33   9  56   1   0   2
 155000   21000000| 34   9  55   0   0   2
 132000   22000000| 32  10  55   0   0   2
 159000   20000000| 34   8  56   0   0   1
 140000   20000000| 34   9  55   0   0   1
 150000   21000000| 33   8  57   0   0   2
 157000   21000000| 32  10  55   1   0   2
 142000   24000000| 34   9  57   0   0   1
 170000   20000000| 35   8  55   0   0   2
 129000   22000000| 33   7  57   0   0   3
 161000   19000000| 34   9  56   0   0   1
 124000   20000000| 34   9  56   0   0   2
 140000   22000000| 34   7  55   2   0   2
 129000   23000000| 34   8  56   0   0   2
 141000   24000000| 34   8  57   0   0   2
 176000   26000000| 34   8  56   0   0   2
 151000   27000000| 35   9  54   0   0   2
 191000   28000000| 36   7  56   1   0   1
 173000   29000000| 32  10  56   0   0   2
 196000   25000000| 34  10  55   0   0   1
 174000   28000000| 35   7  56   0   0   2
 208000   28000000| 34   9  56   0   0   1
 165000   27000000| 35   8  56   0   0   2
 184000   29000000| 58  13  26   1   0   2
 178000   27000000| 63  12  23   0   0   3
 209000   27000000| 61  18  17   0   0   3
 152000   23000000| 63  14  22   0   0   1
 151000   25000000| 63  11  24   0   0   2
 143000   27000000| 56  21  19   0   0   4
 170000   29000000| 61  19  18   0   0   2
 183000   31000000| 61  10  27   0   0   2
 173000   32000000| 57  14  27   0   0   2
 229000   32000000| 64  12  22   0   0   2
 176000   34000000| 63  13  21   0   0   3
 214000   29000000| 63  14  20   0   0   3
 177000   33000000| 73  11  13   0   0   4
 227000   33000000| 80  11   5   0   0   4
 207000   32000000| 78  11   8   0   0   3
 186000   34000000| 76  13   9   0   0   3
 182000   27000000| 67  12  18   0   0   3
 160000   29000000| 46   9  42   0   0   2
 217000   30000000| 30   8  59   1   0   2
 219000   29000000| 33   8  58   0   0   1
 157000   25000000| 15   8  76   0   0   1
 156000   24000000|  6   7  87   0   0   1
 146000   25000000|  6   7  87   0   0   1
 158000   23000000|  7   7  86   0   0   1
 193000   23000000|  8   6  83   2   0   1
 171000   24000000|  7   7  85   0   0   1
 176000   28000000|  6   7  86   0   0   1
 264000   32000000|  8   7  84   0   0   1
 247000   27000000|  7   7  85   0   0   1
 192000   29000000|  8   7  85   0   0   1
 237000   29000000|  7   6  85   1   0   2
 223000   31000000|  7   7  86   0   0   1
 197000   29000000|  7   8  84   0   0   1
 166000   29000000| 30   8  60   0   0   2
 168000   31000000| 32   9  57   0   0   2
 196000   33000000| 32   8  58   0   0   2
 203000   34000000| 35   6  57   1   0   1
 185000   34000000| 32   9  57   0   0   2
 227000   35000000| 33   8  57   0   0   2
 211000   35000000| 33   9  56   0   0   2
 190000   31000000| 33   8  58   0   0   2
 211000   35000000| 33   8  57   0   0   2
 220000   40000000| 49  13  35   1   0   2
 243000   43000000| 62  11  23   0   0   4
 261000   37000000| 60  13  23   0   0   4
 249000   42000000| 58  15  25   0   0   2
 238000   44000000| 60  13  24   0   0   4
 282000   40000000| 38  10  51   0   0   2
 240000   40000000| 33   9  55   1   0   2
 192000   35000000| 31   8  59   0   0   1
 227000   34000000| 51  12  35   0   0   2
 200000   30000000| 32   8  58   0   0   2
 160000   28000000| 32   7  60   0   0   1
 174000   26000000| 33   8  58   0   0   1
 159000   28000000| 32   7  57   1   0   2
 179000   30000000| 32   8  59   0   0   1
 240000   30000000| 33   7  58   0   0   2
 226000   29000000| 33   8  58   0   0   1
 171000   28000000| 32   7  60   0   0   1
 181000   29000000| 32   8  58   0   0   1
 183000   29000000| 16   6  76   1   0   1
 176000   33000000| 28   8  62   0   0   2
 192000   27000000| 32   8  58   0   0   2
 166000   26000000| 32   7  59   0   0   2
 186000   28000000| 31   8  59   0   0   2
 198000   31000000| 32   8  59   0   0   1
 196000   32000000| 52  12  33   2   0   2
 192000   31000000| 59  13  26   0   0   2
 195000   31000000| 59  12  25   0   0   3
 210000   37000000| 60  13  25   0   0   2
 248000   38000000| 62  13  23   0   0   3
 262000   40000000| 61  13  24   0   0   2
 238000   38000000| 74  12  10   0   0   4
 209000   40000000| 74  14   8   0   0   4
 248000   37000000| 75  12   9   0   0   5
 207000   40000000| 75  13   8   0   0   4
 237000   40000000| 76  11  10   0   0   3
 276000   40000000| 68  11  17   0   0   4
 209000   38000000| 61  11  24   0   0   4
 242000   40000000| 58  13  26   0   0   3
 248000   40000000| 53   9  36   0   0   2
 212000   35000000| 30  10  58   0   0   2
 216000   31000000| 32   8  59   0   0   1
 186000   29000000| 30   8  59   1   0   2
 176000   32000000| 30   8  60   0   0   2
 190000   30000000| 31   8  59   0   0   2
 195000   29000000| 32   8  59   0   0   1
 181000   31000000| 30   7  61   0   0   2
 174000   26000000| 15   8  77   0   0   0
 184000   28000000|  5   6  87   1   0   0
 201000   30000000|  8   6  85   0   0   2
 207000   32000000|  7   6  86   0   0   1
 237000   30000000|  6   7  87   0   0   1
 217000   33000000|  5   6  87   0   0   1
 245000   35000000|  5   3  92   0   0   0
 239000   35000000|  5   4  90   1   0   1
 208000   35000000|  5   4  92   0   0   0
 215000   41000000|  5   4  91   0   0   0
 236000   37000000|  5   3  92   0   0   0
 179000   33000000|  4   3  92   0   0   0
 214000   36000000|  5   5  91   0   0   0
 260000   40000000|  7   4  89   1   0   0
 217000   37000000|  5   3  91   0   0   0
 244000   38000000|  7   4  90   0   0   0
 229000   39000000|  4   3  92   0   0   0
 205000   36000000|  5   5  90   0   0   0
 256000   35000000|  6   4  91   0   0   0
 213000   36000000|  6   4  89   1   0   0
 203000   34000000|  4   4  92   0   0   1
 224000   33000000|  4   3  93   0   0   0
 212000   31000000| 23   5  71   0   0   1
 177000   30000000| 30   4  65   0   0   1
 188000   32000000| 30   4  66   0   0   1
 193000   32000000| 30   4  64   1   0   1
 189000   30000000| 30   3  66   0   0   1
 188000   30000000| 31   4  65   0   0   1
 191000   32000000| 31   4  65   0   0   1
 190000   33000000| 30   4  65   0   0   1
 221000   29000000| 30   5  63   1   0   1
 185000   29000000| 29   4  65   0   0   1
 183000   32000000| 30   4  65   0   0   1
 199000   30000000| 31   3  65   0   0   1
 208000   34000000| 31   5  64   0   0   1
 208000   36000000| 31   4  64   0   0   1
 253000   35000000| 32   3  64   1   0   1
 229000   35000000| 30   5  64   0   0   1
 212000   36000000| 31   4  64   0   0   1
 220000   34000000| 31   3  66   0   0   0
 222000   38000000| 30   4  64   0   0   1
 196000   39000000| 30   5  64   1   0   0
 238000   37000000|  9   4  86   0   0   1
 210000   33000000|  4   4  92   0   0   0
 180000   35000000|  5   3  92   0   0   0
 226000   36000000|  6   3  91   0   0   0
 224000   38000000|  5   4  91   0   0   0
 194000   36000000| 28   4  66   2   0   1
 223000   33000000| 29   4  66   0   0   1
 191000   30000000| 31   4  65   0   0   0
 164000   33000000| 31   4  65   0   0   1
 231000   35000000| 30   4  65   0   0   1
 217000   37000000| 29   5  65   0   0   1
 240000   32000000| 30   4  65   1   0   1
 194000   26000000| 30   4  65   0   0   0
 168000   26000000| 30   4  66   0   0   1
 189000   27000000| 29   3  67   0   0   1
 153000   27000000| 30   3  67   0   0   0
 173000   25000000| 31   3  65   0   0   0
 150000   26000000| 30   4  64   1   0   1
 179000   28000000| 30   3  66   0   0   1
 162000   29000000| 30   4  66   0   0   1
 199000   29000000| 31   4  65   0   0   1
 168000   30000000| 30   3  67   0   0   1
 199000   29000000| 31   4  66   0   0   0
 171000   31000000| 12   3  82   2   0   1
 243000   32000000|  4   3  93   0   0   0
 172000   27000000|  3   3  93   0   0   0
 203000   32000000|  5   3  93   0   0   0
 208000   31000000|  6   4  91   0   0   0
 187000   33000000|  4   2  94   0   0   0
 246000   30000000|  6   3  90   2   0   0
 163000   27000000|  5   2  93   0   0   0
 180000   29000000|  6   2  92   0   0   0
 173000   29000000|  4   3  93   0   0   0
 186000   29000000|  4   3  93   0   0   0
 195000   26000000|  3   3  93   0   0   0
 157000   24000000|  4   4  92   1   0   0
 152000   23000000|  6   2  92   0   0   0
 134000   25000000|  4   4  92   0   0   0
 156000   26000000|  5   3  92   0   0   0
 148000   27000000|  4   3  93   0   0   0
 177000   28000000|  5   3  92   0   0   0
 202000   26000000|  4   3  93   1   0   0
 146000   25000000|  4   3  93   0   0   0
 198000   27000000|  4   3  93   0   0   0
 155000   26000000|  5   4  91   0   0   0
 170000   28000000|  3   3  94   0   0   0
 180000   26000000|  6   3  91   0   0   0
 152000   25000000|  5   4  91   1   0   0
 164000   25000000|  3   3  95   0   0   0
 159000   26000000|  4   3  93   0   0   0
 175000   24000000|  4   3  93   0   0   0
 151000   25000000|  5   3  93   0   0   0
 179000   27000000|  4   3  94   0   0   0
 165000   27000000|  6   3  91   1   0   0
 191000   27000000|  5   3  92   0   0   0
 159000   28000000|  4   3  93   0   0   0
 189000   24000000|  5   3  92   0   0   0
 157000   25000000| 17   4  79   0   0   1
 154000   28000000| 29   5  66   0   0   1
 170000   27000000| 28   3  67   1   0   1
 147000   28000000| 29   3  67   0   0   1
 171000   24000000| 29   3  68   0   0   1
 150000   29000000| 29   4  66   0   0   0
 190000   30000000| 30   3  67   0   0   1
 176000   32000000| 29   4  66   0   0   1
 198000   30000000| 29   3  67   1   0   1
 188000   30000000| 29   4  67   0   0   1
 185000   32000000| 28   3  67   0   0   1
 216000   34000000| 25   5  69   0   0   2
 220000   37000000| 30   3  66   0   0   1
 201000   32000000| 29   3  68   0   0   1
 206000   36000000| 29   5  64   1   0   1
 197000   35000000| 29   3  67   0   0   1
 268000   36000000| 29   4  66   0   0   0
 220000   33000000| 29   4  66   0   0   1
 189000   37000000| 30   4  65   0   0   1
 220000   35000000| 29   5  66   0   0   1
 221000   35000000| 29   4  65   1   0   1
 186000   31000000| 29   4  67   0   0   1
 218000   33000000| 29   4  67   0   0   1
 197000   27000000| 29   3  68   0   0   0
 166000   27000000| 29   3  67   0   0   1
 173000   29000000| 29   4  67   0   0   1
 199000   28000000| 29   3  66   1   0   1
 152000   26000000| 30   3  67   0   0   0
 155000   24000000| 29   2  68   0   0   0
 157000   25000000| 29   3  67   0   0   0
 139000   26000000| 29   4  67   0   0   1
 157000   25000000| 28   2  69   0   0   0
 158000   26000000| 39   5  54   1   0   1
 146000   27000000| 57   6  35   0   0   2
 172000   29000000| 55   5  38   0   0   2
 169000   28000000| 55   7  36   0   0   2
 136000   26000000| 56   7  36   0   0   1
 171000   29000000| 56   5  37   0   0   2
 175000   29000000| 55   7  36   1   0   2
 161000   24000000| 42   4  53   0   0   1
 151000   24000000| 28   3  69   0   0   1
 137000   23000000|  8   4  87   0   0   1
 131000   21000000|  3   1  95   0   0   0
 123000   19000000|  3   1  96   0   0   0
 112000   18000000|  2   3  94   2   0   0
 119000   17000000|  3   1  96   0   0   0
 107000   19000000|  2   2  97   0   0   0
 119000   21000000|  3   2  95   0   0   0
 143000   22000000|  3   2  95   0   0   0
 128000   17000000|  2   2  95   0   0   0
 118000   19000000|  3   2  95   1   0   0
 124000   21000000|  2   2  96   0   0   0
 131000   23000000|  6   2  92   0   0   0
 153000   21000000| 28   3  69   0   0   1
 135000   24000000| 28   2  70   0   0   1
 147000   24000000| 28   2  70   0   0   1
 179000   22000000| 27   3  68   1   0   1
 124000   22000000| 27   3  69   0   0   1
 136000   21000000| 28   2  70   0   0   1
 144000   23000000| 27   3  69   0   0   1
 129000   23000000| 27   3  70   0   0   1
 149000   24000000| 27   3  70   0   0   1
 151000   25000000| 27   3  68   1   0   1
 137000   25000000| 28   2  69   0   0   1
 164000   27000000| 27   2  70   0   0   1
 153000   29000000| 27   3  69   0   0   1
 166000   27000000| 28   3  69   0   0   1
 177000   27000000| 27   3  70   0   0   1
 146000   27000000| 27   2  70   1   0   1
 167000   25000000|  6   3  91   0   0   1
 151000   27000000|  1   2  97   0   0   0
 122000   22000000|  2   1  97   0   0   0
 142000   24000000|  2   3  95   0   0   0
 148000   27000000| 15   2  83   0   0   1
 146000   24000000| 27   3  68   1   0   1
 155000   25000000| 26   2  71   0   0   1
 134000   24000000| 27   2  70   0   0   1
 162000   23000000| 27   2  71   0   0   1
 140000   25000000| 26   3  70   0   0   2
 148000   26000000| 31   3  65   0   0   1
 177000   22000000| 26   3  70   1   0   1
 121000   22000000| 26   3  71   0   0   1
 141000   20000000| 27   1  72   0   0   1
 115000   17000000| 27   2  71   0   0   0
  95000   17000000| 21   2  76   0   0   0
 106000   18000000|  7   2  89   2   0   0
 111000   18000000| 26   2  72   0   0   1
  85000   13000000| 26   2  72   0   0   0
  84000   14000000| 36   2  62   0   0   0
  96000   14000000| 53   3  43   0   0   1
  81000   14000000| 53   3  44   0   0   1
 103000   13000000| 53   3  43   1   0   1
  87000   14000000| 53   3  44   0   0   1
  86000   15000000| 52   3  45   0   0   1
  92000   15000000| 53   3  43   0   0   1
 101000   14000000| 53   2  44   0   0   1
  83000   14000000| 52   3  44   0   0   1
  90000   13000000| 52   3  43   1   0   0
  81000   13000000| 52   2  46   0   0   0
  73000   13000000| 28   2  69   0   0   1
  87000   13000000| 23   1  76   0   0   0
  65000 9617000|  2   1  97   0   0   0
  64000 8997000|  1   1  98   0   0   0
  52000 7762000| 23   1  75   1   0   0
  31000 4371000| 26   1  73   0   0   0
  27000 3902000| 26   1  73   0   0   0
  24000 3344000| 25   1  73   0   0   0
  23000 3844000| 25   1  73   0   0   0
  23000 3973000| 26   1  74   0   0   0
  28000 4315000| 26   0  73   1   0   0
  26000 4256000| 26   1  74   0   0   0
  29000 4680000| 26   1  74   0   0   0
  34000 5188000| 25   0  74   0   0   0
  36000 5457000| 25   1  74   0   0   0
  35000 6644000| 26   1  74   0   0   0
  49000 8066000| 26   0  73   1   0   0
  52000 9218000| 25   1  73   0   0   1
  58000 8156000| 15   1  84   0   0   0
  61000 9780000|  1   1  99   0   0   0
  58000 9803000|  1   1  98   0   0   0
  38000 6258000|  1   1  99   0   0   0
  44000 4127000|  1   0  98   2   0   0
  24000 3891000|  0   1  99   0   0   0
  26000 4136000|  1   0  99   0   0   0
  27000 4096000|  0   1  99   0   0   0
  26000 4010000|  1   1  99   0   0   0
  26000 3198000|  0   1  99   0   0   0
  24000 3525000|  1   1  98   1   0   0
  23000 2834000|  1   0  99   0   0   0
  19000 3144000|  1   0  99   0   0   0
  23000 3309000| 19   1  80   0   0   0
  18000 3048000| 25   1  75   0   0   0
  22000 3427000| 25   1  75   0   0   0
  24000 3577000| 25   0  74   1   0   0
  21000 3469000| 25   1  74   0   0   0
  24000 3869000| 25   0  75   0   0   0
  26000 3669000| 48   0  52   0   0   0
  23000 3963000| 49   1  50   0   0   0
  25000 4068000| 50   1  50   0   0   0
  28000 4778000| 50   0  48   1   0   0
  29000 5122000| 50   0  50   0   0   0
  38000 6149000| 50   0  49   0   0   0
  41000 6960000| 49   0  50   0   0   1
  47000 8214000| 49   1  49   0   0   0
  48000 6812000| 42   1  57   0   0   0
  54000 8552000| 25   0  73   1   0   0
  53000 8666000| 25   0  75   0   0   0
  29000 5271000| 25   0  75   0   0   0
  44000 6331000| 17   1  83   0   0   0
  30000 3895000|  0   0 100   0   0   0
  33000 4977000|  0   0 100   0   0   0
4863B   40000|  0   0  99   1   0   0
2184B  966B|  0   0 100   0   0   0
1468B    0|  0   0 100   0   0   0
