   0     0|  1   1  95   2   0   0
1155B 1983B| 20  20  60   0   0   0
  24000   23000|  6   6  88   0   0   0
  21000   18000|  9   6  85   0   0   1
  14000   23000|  6   6  88   0   0   0
8502B   14000|  6   5  89   0   0   0
2847B 8842B|  7   5  87   1   0   0
2746B   13000|  6   4  90   0   0   0
 832B    0|  5   6  89   0   0   0
 836B    0|  7   6  88   0   0   0
 536B    0|  5   4  91   0   0   0
 956B    0|  5   4  90   0   0   0
 288B    0| 12  10  76   1   0   0
  19000 1103000| 11   8  81   0   0   1
  88000 7182000| 10   7  83   0   0   1
 260000   18000000| 11   9  78   0   0   2
 404000   25000000| 10   9  80   0   0   2
 265000   18000000| 10   9  80   0   0   1
 202000   17000000| 11   7  80   1   0   1
 180000   21000000| 11   8  80   0   0   1
 158000   22000000| 11   9  78   0   0   2
 192000   19000000| 10   9  80   0   0   1
 151000   17000000| 11   7  81   0   0   1
 164000   18000000| 11   7  80   0   0   1
 141000   18000000| 12   8  79   1   0   0
 133000   18000000| 10   8  81   0   0   1
 138000   20000000| 11   8  81   0   0   1
 122000   19000000| 12   7  80   0   0   1
 142000   16000000|  9   8  82   0   0   1
 121000   17000000| 11   7  81   0   0   1
  99000   18000000| 10   8  81   1   0   1
 136000   17000000| 12   8  80   0   0   1
 115000   16000000| 12   8  79   0   0   1
 112000   16000000| 11   8  81   0   0   0
 110000   17000000| 10   9  80   0   0   1
 108000   15000000|  9   8  82   0   0   1
 117000   15000000| 12   7  80   0   0   0
 102000   15000000| 10   8  81   0   0   1
 115000   14000000| 12   7  81   0   0   0
  96000   15000000| 10   8  81   0   0   1
 107000   16000000| 11   9  79   0   0   1
 110000   16000000| 10   9  80   0   0   1
 124000   16000000| 12   7  79   1   0   1
 112000   16000000| 10   8  81   0   0   1
 120000   17000000| 10   9  81   0   0   0
 105000   19000000| 12   7  79   0   0   1
 131000   18000000| 10   7  83   0   0   0
 113000   18000000| 11   7  81   0   0   1
 125000   16000000| 11   8  79   1   0   1
 111000   16000000| 10   7  82   0   0   1
  98000   17000000| 10   8  80   0   0   1
 114000   16000000| 10   8  81   0   0   1
  98000   16000000| 12   8  80   0   0   0
 115000   16000000| 10   8  80   0   0   2
 104000   14000000| 10   8  81   1   0   1
 103000   14000000|  9   7  83   0   0   1
 103000   13000000| 11   7  80   0   0   1
  93000   14000000| 12   6  81   0   0   0
  97000   14000000| 11   8  81   0   0   1
  99000   15000000| 10   8  82   0   0   0
  95000   16000000| 11   7  80   1   0   1
 116000   17000000| 10   8  81   0   0   1
 123000   18000000| 11   6  82   0   0   1
 122000   17000000| 12   9  78   0   0   1
 113000   18000000|  9   8  81   0   0   1
 140000   20000000| 11   9  79   0   0   1
 131000   20000000| 12   8  77   1   0   2
 144000   18000000| 12   7  80   0   0   1
 128000   18000000| 11   9  80   0   0   0
 123000   18000000| 11   8  80   0   0   1
 134000   18000000| 13   6  81   0   0   1
 123000   18000000| 10   8  81   0   0   1
 143000   19000000| 10   8  80   1   0   1
 120000   18000000| 10   9  81   0   0   1
 137000   18000000| 12   6  81   0   0   1
 119000   16000000|  9   9  81   0   0   1
 106000   15000000| 11   8  80   0   0   1
  92000   15000000|  9   8  82   0   0   1
 116000   16000000| 11   8  79   1   0   1
 102000   17000000| 10   8  81   0   0   1
 114000   18000000| 12   9  79   0   0   1
 129000   18000000| 10  10  80   0   0   1
 116000   18000000| 10   8  81   0   0   1
 122000   18000000| 12   9  79   0   0   1
 131000   20000000| 11   7  80   1   0   1
 120000   20000000|  9   8  82   0   0   1
 146000   22000000| 10  10  79   0   0   1
 142000   25000000| 11   9  79   0   0   1
 154000   24000000| 11   8  80   0   0   1
 169000   23000000| 11   9  80   0   0   1
 127000   19000000| 12   8  78   1   0   1
 141000   20000000| 13   7  79   0   0   1
 133000   20000000| 12   8  79   0   0   1
 122000   19000000| 10   8  82   0   0   1
 132000   19000000|  9   8  83   0   0   1
 124000   21000000| 12   8  80   0   0   1
 135000   20000000| 13   7  79   1   0   1
 143000   20000000| 10   8  81   0   0   1
 132000   21000000| 12   8  79   0   0   1
 151000   23000000| 12   8  78   0   0   1
 164000   24000000| 11   8  80   0   0   1
 145000   23000000| 10  10  80   0   0   1
 168000   22000000|  9   8  81   2   0   1
 142000   22000000| 12   8  80   0   0   1
 145000   20000000| 12   8  80   0   0   1
 164000   20000000| 12   7  80   0   0   1
 131000   18000000| 11   7  81   0   0   1
 114000   17000000| 11  10  79   0   0   1
 123000   19000000| 12   7  80   1   0   1
 108000   20000000| 10   9  80   0   0   1
 145000   21000000| 12   9  78   0   0   2
 134000   22000000| 11   7  81   0   0   1
 147000   20000000| 11   9  79   0   0   1
 136000   20000000| 10   9  80   1   0   1
 127000   21000000| 11   9  80   0   0   1
 156000   19000000| 12   8  79   0   0   1
 131000   19000000| 11   8  80   0   0   2
 124000   20000000| 10   8  81   0   0   1
 134000   18000000| 11   8  80   0   0   1
 130000   19000000| 10   8  80   1   0   1
 122000   17000000| 11   8  80   0   0   1
 142000   18000000| 11   8  80   0   0   0
 123000   18000000| 11   9  79   0   0   1
 122000   16000000| 11   7  81   0   0   1
 136000   17000000| 10   8  82   0   0   1
 107000   15000000| 11   7  80   1   0   1
 111000   16000000| 11   8  80   0   0   1
 121000   17000000| 11   9  72   6   0   1
 115000   18000000| 11  10  78   0   0   0
 113000   16000000| 12   6  81   0   0   1
 108000   17000000|  9   8  83   0   0   0
 100000   17000000| 11  10  77   1   0   1
 120000   17000000| 11  10  78   0   0   1
 104000   17000000| 11   8  80   0   0   1
 101000   17000000| 10   9  81   0   0   1
 116000   17000000| 10   8  80   0   0   1
 117000   20000000| 10   9  80   0   0   1
 126000   21000000| 12   8  79   1   0   1
 125000   24000000| 11  11  77   0   0   1
 146000   25000000| 11  11  77   0   0   1
 163000   25000000| 12   9  78   0   0   1
 147000   24000000| 11   7  80   0   0   1
 162000   23000000| 11   8  80   0   0   1
 165000   21000000|  9   9  80   1   0   1
 131000   20000000| 11   8  80   0   0   1
 132000   18000000| 12   7  80   0   0   1
 122000   19000000| 11   9  79   0   0   1
 124000   18000000| 10   8  80   0   0   1
 114000   17000000| 13   6  81   0   0   0
 110000   17000000| 11   7  80   1   0   1
 119000   19000000| 12  10  77   0   0   1
 105000   18000000| 10  13  77   0   0   1
 114000   19000000| 10  10  78   0   0   1
 131000   19000000| 11  10  78   0   0   1
 122000   20000000| 12  12  75   0   0   1
 120000   18000000| 12   8  79   1   0   1
 119000   18000000| 10   7  82   0   0   1
 122000   19000000| 12   7  80   0   0   1
 128000   18000000|  9   8  83   0   0   0
 119000   18000000| 11   9  80   0   0   1
 112000   18000000| 11  10  79   0   0   1
 116000   19000000| 11   8  79   1   0   1
 124000   20000000| 12   7  80   0   0   1
 109000   20000000| 11   8  80   0   0   1
 125000   17000000|  9   8  83   0   0   1
 121000   20000000| 11   9  79   0   0   1
 114000   22000000| 11   9  80   0   0   1
 140000   24000000| 10   8  81   1   0   1
 157000   26000000| 11  10  78   0   0   1
 151000   28000000| 11   9  79   0   0   1
 176000   25000000| 11  12  76   0   0   1
 160000   24000000| 13   8  78   0   0   1
 136000   23000000| 10   7  82   0   0   1
 150000   19000000| 10   8  81   1   0   1
 124000   18000000| 10   7  82   0   0   1
 120000   19000000| 10   8  81   0   0   1
 117000   18000000| 11   9  80   0   0   1
 126000   19000000| 11  10  78   0   0   1
 110000   18000000| 13  10  76   0   0   1
 124000   20000000|  9  10  79   1   0   1
 127000   20000000|  9   9  81   0   0   1
 127000   22000000| 11   8  81   0   0   1
 146000   20000000| 10   8  81   0   0   1
 132000   20000000| 10   8  82   0   0   1
 128000   19000000| 12   9  79   0   0   1
 137000   21000000| 10  12  77   1   0   1
 129000   20000000| 11   9  79   0   0   1
 122000   20000000| 10   9  81   0   0   1
 135000   23000000| 12   7  80   0   0   1
 145000   24000000| 12   9  79   0   0   1
 125000   21000000| 12   7  79   0   0   1
 147000   23000000| 10  16  72   1   0   1
 152000   25000000| 13   9  78   0   0   0
 147000   27000000| 11   9  79   0   0   1
 161000   26000000| 11   8  80   0   0   1
 166000   25000000| 11   9  79   0   0   1
 140000   26000000| 11   9  79   0   0   1
 168000   22000000| 11  12  75   1   0   1
 139000   22000000| 10   8  81   0   0   1
 126000   21000000| 11  11  77   0   0   1
 135000   20000000| 11  10  79   0   0   1
 139000   20000000| 11   9  79   0   0   1
 120000   21000000| 11  10  79   0   0   0
 141000   20000000| 10   9  79   1   0   1
 119000   17000000| 10   8  81   0   0   1
 104000   18000000| 12   9  78   0   0   1
 125000   19000000| 11  10  78   0   0   1
 125000   19000000| 10   9  81   0   0   1
 110000   17000000| 11   8  80   0   0   1
 127000   18000000| 11   8  79   1   0   1
 120000   20000000| 10   8  81   0   0   1
 120000   20000000| 11   8  81   0   0   0
 128000   19000000| 12   8  80   0   0   0
 124000   20000000| 12   9  78   0   0   1
 133000   20000000| 11   8  81   0   0   1
 125000   18000000| 11   7  81   1   0   1
 122000   21000000| 11   9  80   0   0   1
 117000   21000000| 12   8  80   0   0   0
 149000   22000000| 10  15  73   0   0   1
 127000   20000000| 10  11  78   0   0   1
 123000   22000000| 11   9  79   0   0   1
 142000   21000000| 10   9  78   1   0   1
 129000   21000000| 11   7  82   0   0   1
 121000   21000000| 10  10  79   0   0   1
 140000   21000000|  9   9  81   0   0   1
 137000   22000000| 10  14  75   0   0   1
 127000   21000000| 10  10  79   0   0   0
 146000   23000000| 11   8  80   1   0   0
 137000   23000000| 10   8  81   0   0   1
 132000   21000000| 11   9  79   0   0   1
 139000   20000000| 11   8  80   0   0   1
 126000   20000000| 10  10  79   0   0   1
 125000   20000000| 10   9  80   0   0   1
 132000   19000000| 10   9  80   1   0   0
 112000   19000000| 11   7  81   0   0   1
 119000   18000000| 10   9  80   0   0   1
 131000   18000000| 11   8  81   0   0   1
 111000   18000000| 10   8  81   0   0   1
 112000   17000000| 11   8  81   0   0   1
 126000   16000000| 11   7  80   1   0   1
 101000   16000000| 11  10  78   0   0   1
 104000   16000000| 11   8  80   0   0   1
 118000   17000000| 10   9  80   0   0   1
 108000   18000000| 12   8  79   0   0   1
 105000   18000000| 11   8  80   0   0   1
 113000   17000000|  9   8  81   1   0   1
 110000   19000000|  9   9  81   0   0   1
 105000   20000000| 10   8  81   0   0   1
 131000   22000000| 12  13  75   0   0   1
 148000   22000000| 10  12  77   0   0   1
 119000   20000000| 11  11  77   0   0   1
 144000   22000000|  9   8  81   1   0   1
 147000   22000000| 13   8  79   0   0   1
 131000   23000000| 11   8  80   0   0   1
 141000   22000000| 11   7  82   0   0   1
 145000   23000000| 10   8  81   0   0   1
 143000   21000000| 10  10  78   0   0   1
 149000   22000000| 10   9  80   1   0   1
 131000   20000000| 11   8  80   0   0   1
 146000   22000000| 13   8  79   0   0   1
 128000   23000000| 11   8  81   0   0   0
 147000   24000000| 14   7  78   0   0   1
 157000   22000000| 10  14  74   0   0   1
 143000   21000000| 12   9  77   1   0   1
 140000   19000000| 11   9  80   0   0   0
 138000   22000000| 10   8  81   0   0   1
 159000   20000000| 10   7  82   0   0   1
 134000   21000000| 10   9  80   0   0   1
 155000   23000000| 11   8  80   0   0   1
 165000   22000000| 10  11  78   1   0   1
 113000   21000000| 12  21  66   0   0   1
 149000   20000000| 12   8  79   0   0   1
 134000   20000000| 11   8  80   0   0   1
 124000   21000000| 11   7  81   0   0   1
 133000   22000000| 11  10  79   0   0   1
 130000   24000000|  9   9  81   1   0   1
 143000   26000000|  9  14  76   0   0   1
 158000   28000000| 11   9  79   0   0   1
 169000   30000000| 11   9  79   0   0   1
 173000   27000000| 12  10  77   0   0   1
 162000   25000000| 10   8  81   0   0   1
 144000   27000000| 10  10  78   1   0   1
 165000   27000000| 11  10  79   0   0   1
 169000   30000000| 11   9  80   0   0   1
 172000   30000000| 11   8  81   0   0   1
 180000   27000000| 11  12  76   0   0   2
 163000   28000000| 10  10  80   0   0   1
 183000   28000000| 12   9  77   1   0   1
 184000   27000000| 12   9  78   0   0   1
 148000   28000000|  9  10  80   0   0   1
 164000   25000000| 12  11  76   0   0   1
 160000   27000000| 11   9  79   0   0   1
 142000   27000000| 10   9  80   0   0   1
 186000   25000000| 11   7  80   1   0   1
 157000   24000000| 12   8  80   0   0   1
 146000   26000000| 11   7  80   0   0   1
 174000   27000000| 12  10  77   0   0   1
 165000   24000000| 12   7  80   0   0   1
 139000   23000000| 11   8  79   0   0   1
 165000   23000000| 11   7  79   1   0   2
 155000   21000000| 10   8  81   0   0   1
 122000   19000000| 11   8  80   0   0   2
 132000   20000000| 11   8  80   0   0   1
 123000   20000000| 11   8  81   0   0   0
 119000   21000000| 11   6  82   0   0   1
 133000   20000000| 11   8  80   1   0   1
 129000   23000000| 11  10  78   0   0   1
 128000   24000000| 11   9  80   0   0   0
 144000   23000000| 13   7  79   0   0   1
 150000   23000000| 11   8  80   0   0   1
 119000   23000000| 12   9  78   0   0   1
 140000   23000000| 11   9  78   1   0   1
 147000   26000000| 10   8  81   0   0   1
 155000   26000000| 11   8  81   0   0   1
 150000   22000000| 10   7  81   0   0   1
 146000   22000000| 11   8  80   0   0   1
 120000   18000000| 11   8  80   0   0   1
 128000   19000000| 10   9  81   1   0   0
 129000   18000000| 11  13  75   0   0   1
 100000   18000000| 10   9  80   0   0   1
 122000   19000000| 10   8  81   0   0   1
 116000   18000000| 10   7  82   0   0   1
  98000   17000000| 12   7  80   0   0   1
 117000   18000000|  9   8  81   1   0   1
 115000   17000000| 11   8  81   0   0   1
 101000   17000000| 10  35  54   0   0   1
 117000   18000000| 12  11  77   0   0   1
 117000   19000000| 12  10  77   0   0   1
 111000   19000000| 11   9  79   1   0   0
 125000   20000000| 10  20  69   0   0   2
 137000   21000000| 12   8  79   0   0   2
 128000   23000000| 11   9  80   0   0   1
 153000   22000000| 11   7  81   0   0   1
 156000   24000000| 10   9  80   0   0   1
 148000   26000000| 11   7  80   1   0   1
 145000   21000000| 11   9  79   0   0   1
 142000   21000000| 11   7  81   0   0   0
 109000   17000000| 11   7  82   0   0   1
 113000   18000000| 12   9  79   0   0   1
 119000   19000000| 11   8  81   0   0   0
 112000   20000000| 11   8  80   1   0   1
 125000   22000000| 12   8  79   0   0   1
 150000   24000000| 11  16  73   0   0   1
 122000   23000000| 12   8  79   0   0   1
 150000   24000000| 12   9  78   0   0   1
 152000   24000000| 11   8  80   1   0   1
 134000   20000000| 12   7  80   0   0   1
 151000   17000000| 11   7  81   0   0   1
 101000   15000000| 13   9  77   0   0   0
  98000   17000000| 11  10  79   0   0   1
 113000   17000000| 10   9  81   0   0   1
 108000   18000000| 12   8  79   1   0   1
 105000   19000000| 11   7  81   0   0   0
 123000   20000000| 10   7  82   0   0   1
 132000   21000000| 11  14  74   0   0   1
 129000   18000000| 10   9  80   0   0   1
 117000   17000000| 11   8  80   0   0   1
 111000   18000000| 11   8  79   1   0   1
 111000   19000000| 10   8  81   0   0   1
 135000   19000000| 10   9  80   0   0   1
 122000   19000000|  9   8  82   0   0   1
 115000   19000000| 10   8  81   0   0   1
 128000   20000000| 11  13  75   0   0   1
 131000   22000000| 11   7  79   1   0   1
 125000   20000000|  9   8  81   0   0   1
 144000   24000000| 11   8  79   0   0   1
 146000   27000000| 11   8  81   0   0   1
 152000   29000000| 12   8  79   0   0   1
 167000   25000000| 10  10  79   0   0   1
 156000   29000000| 12   8  79   1   0   1
 170000   29000000| 13   8  79   0   0   1
 163000   22000000| 10   8  81   0   0   0
 140000   24000000| 12   8  78   0   0   1
 132000   23000000| 11   9  79   0   0   1
 151000   22000000| 32  11  56   0   0   1
 132000   22000000| 37  11  50   1   0   1
 127000   22000000| 38   9  52   0   0   1
 142000   21000000| 39  15  45   0   0   1
 125000   22000000| 38   9  51   0   0   2
 128000   20000000| 37  10  51   0   0   2
 135000   21000000| 37  12  49   0   0   1
 131000   22000000| 38  12  49   0   0   1
 130000   20000000| 39   9  50   0   0   2
 140000   21000000| 38  11  50   0   0   2
 128000   23000000| 37  13  48   0   0   2
 151000   24000000| 60  14  25   0   0   2
 166000   26000000| 64  15  17   0   0   3
 144000   24000000| 67  14  16   1   0   2
 151000   27000000| 57  30  11   0   0   3
 183000   27000000| 66  19  13   0   0   3
 180000   27000000| 68  15  15   0   0   2
 150000   24000000| 69  11  16   0   0   4
 163000   24000000| 68  14  15   0   0   3
 136000   24000000| 65  23  10   0   0   3
 163000   23000000| 77  16   5   0   0   3
 130000   22000000| 71  23   3   0   0   3
 147000   22000000| 75  15   8   0   0   2
 123000   22000000| 65  14  18   1   0   3
 151000   23000000| 64  12  21   2   0   1
 106000   20000000| 68  14  16   0   0   2
 132000   19000000| 75  14   8   0   0   2
 117000   22000000| 77  14   7   0   0   3
 137000   19000000| 78  13   7   0   0   3
   0     0| 70  13  15   0   0   3
   0     0| 70  12  15   0   0   3
   0     0| 79  13   5   0   0   3
   0     0| 81  12   4   0   0   2
   0     0| 83  11   5   0   0   2
   0     0| 76  11  12   0   0   2
   0     0| 67  11  20   0   0   2
   0     0| 70  12  16   0   0   2
   0     0| 77  15   6   0   0   2
   0     0| 78  14   6   0   0   3
   0     0| 84  10   3   0   0   3
   0     0| 89   9   0   0   0   3
   0     0| 86  12   0   0   0   3
   0     0| 86  12   0   0   0   3
   0     0| 87  11   0   0   0   2
   0     0| 87  10   0   0   0   3
   0     0| 89   9   0   0   0   2
   0     0| 88   9   0   0   0   3
2428000  356000000| 86  11   0   0   0   3
 130000   18000000| 87  10   0   0   0   3
 136000   18000000| 90   8   0   0   0   2
 144000   17000000| 83  10   6   0   0   1
 111000   16000000| 72  10  17   0   0   1
 122000   15000000| 66  12  19   0   0   2
 116000   17000000| 65  14  21   0   0   1
 117000   17000000| 64  12  23   0   0   2
 107000   16000000| 65  12  20   1   0   2
 110000   17000000| 64  13  21   0   0   2
 102000   16000000| 66  12  20   0   0   2
  96000   14000000| 67  13  18   0   0   2
  91000   12000000| 64  13  23   0   0   1
  84000   12000000| 64  12  22   0   0   2
  87000   12000000| 67  11  21   1   0   1
  80000   12000000| 67  12  20   0   0   1
  93000   13000000| 65  13  19   0   0   3
  94000   14000000| 68  13  18   0   0   2
 107000   13000000| 64   9  26   0   0   1
 118000   15000000| 58   8  32   0   0   1
 117000   16000000| 11   7  81   0   0   1
 143000   16000000| 15   7  77   0   0   1
 113000   18000000| 36   9  54   0   0   1
 126000   16000000| 36   8  54   0   0   1
 109000   16000000| 36   8  55   0   0   1
 130000   14000000| 36   8  54   1   0   1
  98000   14000000| 34   8  57   0   0   1
 109000   15000000| 36   9  55   0   0   1
 113000   13000000| 36   9  54   0   0   1
 112000   12000000| 34   7  57   0   0   1
  85000   12000000| 35   8  57   0   0   1
  94000   11000000| 35   6  58   1   0   1
 103000   13000000| 28   8  63   0   0   1
 116000   14000000|  8   8  83   0   0   1
 107000   15000000| 17   7  76   0   0   1
 118000   14000000| 35   9  56   0   0   1
 114000   15000000| 35   8  56   0   0   1
 126000   17000000| 36   8  54   1   0   1
 115000   19000000| 36   8  54   0   0   2
 119000   18000000| 36   9  54   0   0   1
 134000   20000000| 64  12  21   0   0   3
 149000   19000000| 65  13  20   0   0   2
 118000   18000000| 64  10  24   0   0   2
 114000   17000000| 64  13  21   0   0   1
 119000   17000000| 64  14  21   0   0   2
 107000   17000000| 65  12  22   0   0   2
 117000   20000000| 65  15  18   0   0   2
 145000   21000000| 63  14  20   0   0   2
 166000   22000000| 66  12  20   0   0   2
 131000   22000000| 64  13  21   0   0   2
 165000   21000000| 66  13  20   0   0   1
 125000   22000000| 67  11  20   0   0   2
 136000   23000000| 64  13  21   0   0   2
 162000   23000000| 64  10  24   0   0   2
 151000   25000000| 61  13  24   0   0   3
 152000   25000000| 65  12  22   0   0   1
 167000   21000000| 65  11  22   0   0   3
 131000   23000000| 65  14  18   0   0   3
 134000   19000000| 64  13  21   0   0   2
 131000   19000000| 51   9  39   0   0   1
 124000   18000000| 34   9  57   0   0   1
 107000   17000000| 33   8  56   1   0   1
 118000   15000000| 36   9  54   0   0   1
  86000   14000000| 34   8  57   0   0   1
  98000   16000000| 34   8  56   0   0   1
 134000   18000000| 35   9  55   0   0   1
 133000   20000000| 35   8  55   0   0   1
 116000   19000000| 38  10  51   1   0   1
 123000   18000000| 64  13  21   0   0   2
 126000   19000000| 65  11  22   0   0   2
 136000   18000000| 64  11  23   0   0   2
 144000   19000000| 65  14  20   0   0   2
 138000   21000000| 65  12  21   0   0   3
 133000   19000000| 64  13  22   0   0   2
 130000   19000000| 65  13  21   0   0   1
 101000   19000000| 64  14  20   0   0   2
 133000   17000000| 62  13  23   0   0   2
  95000   14000000| 65  11  23   0   0   2
  92000   15000000| 66  11  22   0   0   2
 102000   14000000| 65  11  23   0   0   1
  94000   13000000| 64  10  25   0   0   2
  85000   15000000| 60  13  26   0   0   2
  99000   14000000| 61   8  30   0   0   1
  91000   14000000| 48   9  41   0   0   2
  89000   14000000| 34   8  57   0   0   1
 102000   16000000| 34   8  56   1   0   1
 118000   18000000| 34   9  56   0   0   1
 109000   16000000| 34   8  57   0   0   1
 123000   18000000| 33   9  56   0   0   1
 111000   19000000| 33   6  60   0   0   1
 123000   19000000| 36  11  51   0   0   1
 121000   17000000| 35   6  57   1   0   1
 101000   17000000| 34   8  57   0   0   2
 106000   16000000| 33   8  58   0   0   1
 116000   14000000| 34   8  57   0   0   1
  90000   14000000| 36   7  57   0   0   1
  86000   13000000| 34   7  58   0   0   1
 102000   14000000| 35   9  54   1   0   1
  98000   14000000| 32  10  57   0   0   1
 109000   15000000| 34   8  57   0   0   1
 114000   15000000| 34   8  57   0   0   1
  99000   13000000| 35   8  57   0   0   1
  84000   13000000| 34   8  57   0   0   1
  99000   14000000| 35   7  56   1   0   2
 100000   16000000| 35   6  57   0   0   2
 111000   17000000| 35   7  56   0   0   1
 134000   16000000| 34   7  57   0   0   1
 114000   16000000| 36   8  54   0   0   1
 104000   15000000| 39   8  52   0   0   1
 100000   13000000| 64  12  22   1   0   1
  93000   15000000| 61   8  28   0   0   2
  90000   13000000| 64  11  23   0   0   2
  96000   13000000| 64  10  24   0   0   2
  86000   13000000| 60   8  30   0   0   2
  85000   12000000| 59   9  31   0   0   1
  92000   13000000| 57  11  30   0   0   2
  81000   12000000| 34   7  58   0   0   1
  79000   12000000| 34   7  58   0   0   1
  94000   14000000| 34   8  57   0   0   1
  94000   14000000| 35   8  56   0   0   1
  92000   14000000| 35   6  57   1   0   1
 102000   14000000| 33   7  58   0   0   2
  92000   15000000| 34  10  55   0   0   1
  94000   16000000| 34   8  57   0   0   1
 116000   18000000| 35   7  57   0   0   1
 113000   17000000| 33   8  58   0   0   1
 100000   16000000| 34   9  55   1   0   1
 112000   16000000| 34   8  57   0   0   1
  94000   16000000| 35   7  57   0   0   1
 100000   16000000| 34   8  57   0   0   1
 111000   16000000| 34   9  56   0   0   1
 100000   17000000| 34   8  57   0   0   1
 105000   15000000| 35   8  56   1   0   1
  98000   14000000| 35   9  55   0   0   2
  81000   12000000| 34   8  58   0   0   1
  91000   13000000| 34   8  57   0   0   2
  84000   12000000| 33   7  58   0   0   1
  78000   12000000| 34   8  57   0   0   0
  88000   13000000| 34   9  56   1   0   1
  88000   13000000| 35   7  57   0   0   1
  95000   14000000| 34   7  57   0   0   2
 123000   17000000| 35   6  57   0   0   1
 121000   19000000| 33   9  56   0   0   2
 138000   21000000| 33   7  58   1   0   1
 141000   21000000| 28   7  64   0   0   1
 136000   23000000|  8   7  85   0   0   1
 138000   24000000|  7   8  84   0   0   1
 159000   21000000|  8   7  85   0   0   1
 128000   21000000|  7   6  86   0   0   1
 119000   17000000|  9   6  83   2   0   1
 125000   17000000|  6   7  86   0   0   1
 103000   14000000|  7   9  84   0   0   0
 105000   16000000|  7   6  87   0   0   1
 108000   16000000|  8   7  85   0   0   1
 107000   18000000|  8   5  86   0   0   1
 106000   18000000|  8   7  83   1   0   1
 127000   20000000|  9   6  85   0   0   1
 131000   21000000|  9   7  83   0   0   1
 142000   22000000|  7   7  85   0   0   1
 159000   22000000|  8   8  84   0   0   1
 141000   23000000| 10   6  83   0   0   1
 154000   23000000|  8   7  84   1   0   1
 154000   26000000| 10   7  82   0   0   1
 177000   22000000|  7   6  85   0   0   1
 151000   25000000|  9   6  84   0   0   1
 159000   24000000|  9   6  84   0   0   1
 145000   20000000|  8   8  84   0   0   1
 117000   18000000|  8   7  83   1   0   1
 126000   17000000|  8   6  86   0   0   0
 110000   17000000|  8   6  86   0   0   0
 114000   19000000|  8   7  84   0   0   1
 129000   20000000|  8   6  86   0   0   0
 122000   21000000|  7   8  85   0   0   1
 144000   20000000|  9   8  82   1   0   1
 137000   19000000|  7   6  87   0   0   1
 118000   19000000|  8   6  85   0   0   1
 150000   22000000|  9   6  84   0   0   1
 123000   22000000|  8   6  85   0   0   1
 152000   22000000|  8   7  84   0   0   1
 135000   20000000|  7   6  85   1   0   1
 142000   21000000|  9   7  83   0   0   1
 148000   20000000|  8   6  85   0   0   1
 124000   17000000|  8   7  84   0   0   1
 127000   17000000|  7   7  85   0   0   1
 117000   16000000|  7   6  86   0   0   1
 107000   17000000|  9   7  83   1   0   0
 109000   16000000|  9   6  85   0   0   0
  95000   15000000|  9   8  83   0   0   1
 103000   15000000|  6   6  86   0   0   1
  88000   16000000|  7   6  86   0   0   1
 121000   17000000|  7   6  86   0   0   1
 107000   16000000|  8   7  84   1   0   1
 116000   16000000|  9   6  85   0   0   0
 108000   16000000|  8   6  85   0   0   1
 106000   17000000|  8   7  85   0   0   0
 121000   18000000|  8   6  84   0   0   1
 104000   14000000|  8   6  84   1   0   0
  96000   14000000|  7   7  86   0   0   0
  90000   15000000|  6   7  86   0   0   1
 106000   16000000|  8   6  85   0   0   1
 104000   17000000|  8   7  85   0   0   1
 118000   16000000|  7   6  87   0   0   1
  98000   15000000|  8   7  84   1   0   1
 114000   17000000|  8   7  85   0   0   1
 104000   15000000|  6   8  85   0   0   1
 111000   14000000|  8   7  84   0   0   2
 108000   14000000|  8   6  87   0   0   0
 101000   14000000|  7   6  86   0   0   1
  98000   12000000|  8   6  85   1   0   1
  80000   14000000|  8   5  86   0   0   1
  91000   12000000|  8   6  86   0   0   0
  88000   11000000|  9   7  84   0   0   0
  86000   11000000|  7   6  87   0   0   0
  83000   11000000|  6   6  87   0   0   1
  85000   12000000|  8   5  85   1   0   1
  85000   12000000|  7   7  85   0   0   1
  95000   13000000|  8   6  86   0   0   0
  95000   12000000|  8   7  84   0   0   1
  95000   13000000|  7   6  86   0   0   0
  73000   13000000|  7   6  86   0   0   1
  89000   13000000|  7   7  85   1   0   0
  93000   14000000|  8   6  86   0   0   0
  88000   16000000|  9   5  85   0   0   1
 106000   15000000|  8   6  85   0   0   1
 119000   17000000|  8   7  85   0   0   1
 103000   18000000|  8   6  85   0   0   1
 143000   17000000|  8   6  85   1   0   0
  95000   14000000|  8   6  86   0   0   1
  99000   13000000|  7   8  84   0   0   0
  90000   12000000|  9   5  85   0   0   1
  84000   11000000|  8   5  87   0   0   0
  77000   11000000|  8   6  85   0   0   0
  86000   10000000|  8   7  84   1   0   1
  78000   11000000|  8   5  87   0   0   1
  74000   11000000|  7   6  86   0   0   0
  79000 9516000|  8   5  86   0   0   1
  68000 9397000|  8   6  87   0   0   0
  67000 9416000|  7   6  87   0   0   0
  69000 9261000|  6   8  85   1   0   0
  63000   10000000|  7   7  85   0   0   1
  75000   10000000|  7   5  88   0   0   0
  69000   11000000|  8   7  84   0   0   1
  85000 9963000|  6   6  87   0   0   1
  70000   10000000|  8   6  86   0   0   0
  71000   10000000|  9   6  84   1   0   1
  69000   11000000|  7   5  87   0   0   1
  82000   11000000|  7   6  87   0   0   1
  82000   11000000|  7   6  87   0   0   0
  87000   12000000|  7   7  86   0   0   0
  77000   11000000|  7   7  85   0   0   1
  81000   12000000|  8   6  84   1   0   1
  87000   11000000|  7   7  86   0   0   0
  69000   11000000|  8   7  84   0   0   1
  83000   11000000|  8   7  84   0   0   1
  69000   11000000|  9   6  84   0   0   1
  83000 9935000|  9   6  85   0   0   0
  71000   10000000|  7   7  84   1   0   1
  67000   10000000|  7   6  86   0   0   1
  73000 9492000|  8   6  86   0   0   1
  66000   10000000|  7   7  86   0   0   1
  81000   10000000|  7   6  86   0   0   1
  72000   12000000|  6   6  87   0   0   1
  85000   11000000|  8   6  85   1   0   0
  74000   12000000|  8   6  86   0   0   0
  81000   11000000|  8   7  84   0   0   1
  80000   13000000|  7   6  86   0   0   1
  93000   12000000|  8   6  86   0   0   0
  90000   13000000|  8   6  86   0   0   0
  78000   13000000|  8   7  84   1   0   1
 105000   14000000|  8   6  85   0   0   1
  86000   12000000|  8   6  86   0   0   0
  90000   14000000|  8   6  85   0   0   1
 100000   15000000|  8   7  85   0   0   0
 101000   16000000|  9   5  85   0   0   1
 109000   14000000|  8   7  84   1   0   1
  85000   13000000|  8   5  86   0   0   0
  88000   13000000|  7   6  86   0   0   1
  95000   15000000|  9   7  84   0   0   1
 100000   16000000|  7   5  87   0   0   0
 120000   17000000|  9   6  84   0   0   1
 103000   15000000| 11   5  83   1   0   1
 103000   17000000|  6   8  85   0   0   1
 132000   18000000|  7   6  86   0   0   1
 109000   17000000|  9   6  84   0   0   1
 117000   15000000|  8   7  84   0   0   1
 103000   13000000|  8   8  84   0   0   1
  95000   13000000|  8   6  84   1   0   1
  81000   12000000|  7   7  86   0   0   0
  88000   13000000|  6   7  86   0   0   0
  84000   13000000|  9   7  83   0   0   0
  81000   13000000|  8   6  85   0   0   1
  94000   13000000|  8   7  85   0   0   0
  91000   15000000|  8   7  84   1   0   0
  98000   14000000|  8   7  84   0   0   1
 100000   15000000|  7   5  87   0   0   1
  93000   17000000|  9   6  84   0   0   1
 117000   19000000|  7   8  85   0   0   1
 133000   19000000|  8   7  84   0   0   1
 119000   20000000|  9   5  84   1   0   1
 145000   19000000|  7   7  86   0   0   1
 139000   19000000|  7   7  86   0   0   1
 116000   19000000|  8   7  84   0   0   1
 131000   17000000|  8   6  85   0   0   1
 117000   18000000|  6   7  86   0   0   1
 120000   19000000|  8   8  83   1   0   1
 122000   17000000|  8   6  85   0   0   1
 128000   17000000|  8   6  85   0   0   1
 113000   19000000|  8   6  85   0   0   1
 124000   19000000|  7   8  84   0   0   1
 132000   20000000|  9   7  84   0   0   1
 125000   20000000|  8   5  86   1   0   1
 127000   20000000|  8   7  84   0   0   1
 140000   19000000|  9   7  84   0   0   1
 121000   20000000|  9   7  83   0   0   1
 133000   22000000|  8   6  85   0   0   1
 136000   22000000|  8   9  83   0   0   1
 146000   23000000|  8  10  81   1   0   1
 139000   20000000| 10  12  78   0   0   1
 144000   21000000|  9  14  77   0   0   1
 130000   17000000|  9  10  79   0   0   1
 111000   18000000| 10  15  75   0   0   1
 120000   16000000|  8   9  82   0   0   1
 107000   18000000|  8  18  73   1   0   0
  98000   18000000|  9  17  73   0   0   1
 123000   17000000|  8  17  74   0   0   1
 105000   15000000|  9   7  84   0   0   1
  93000   15000000|  8  12  79   0   0   1
 108000   15000000|  6   9  84   0   0   1
 103000   15000000|  8  11  80   0   0   1
  91000   14000000|  8   6  86   0   0   1
  99000   11000000|  6   6  87   0   0   1
  82000   13000000|  7   6  87   0   0   1
  85000   13000000|  8   7  85   0   0   1
  99000   12000000|  9  14  77   0   0   0
  81000   12000000|  8   8  83   1   0   1
  79000   12000000|  9   9  81   0   0   1
  86000   12000000|  9   7  84   0   0   0
  80000   12000000|  7   8  84   0   0   1
  81000   11000000|  8   7  85   0   0   1
  85000   12000000|  7   5  87   0   0   1
  90000   12000000|  8   8  83   1   0   1
  85000   13000000|  8   8  84   0   0   1
  86000   12000000|  7   6  86   0   0   0
  84000   12000000|  7   8  85   0   0   1
  82000   13000000|  8   7  85   0   0   0
  95000   13000000|  8   7  84   0   0   0
  98000   14000000|  9   5  85   1   0   1
  92000   16000000|  7   7  86   0   0   0
 118000   18000000|  8   6  85   0   0   1
 127000   20000000|  9   7  83   0   0   1
 136000   21000000|  7   5  86   0   0   1
 138000   17000000|  7   7  87   0   0   0
 128000   16000000|  8   6  83   1   0   1
  99000   16000000|  8   7  84   0   0   1
  99000   15000000|  9   5  85   0   0   1
 100000   13000000|  8   5  86   0   0   1
  90000   15000000|  9   5  85   0   0   1
  93000   15000000|  8   6  85   0   0   1
 104000   17000000|  8   7  84   1   0   1
 103000   17000000|  9   5  86   0   0   0
 111000   17000000|  8   5  86   0   0   1
 113000   19000000|  6   8  85   0   0   1
 131000   21000000|  9   7  83   0   0   1
 122000   20000000|  7   6  86   0   0   0
 159000   18000000|  9   7  83   1   0   1
 113000   17000000|  7   7  86   0   0   1
 104000   18000000|  8   7  84   0   0   1
 122000   16000000|  8   7  85   0   0   0
 104000   16000000|  8   7  85   0   0   1
 104000   16000000|  8   7  85   0   0   1
 118000   17000000|  8   9  81   1   0   1
 120000   16000000|  6   7  86   0   0   1
  95000   16000000|  8   7  84   0   0   1
 118000   16000000|  9   5  86   0   0   1
 105000   17000000|  6   8  85   0   0   1
 110000   18000000|  8   7  84   0   0   1
 124000   19000000|  8   6  84   1   0   1
 114000   20000000|  9   8  83   0   0   0
 120000   19000000|  8   9  82   0   0   1
 129000   21000000|  9   7  83   0   0   1
 140000   18000000|  8   5  85   0   0   1
 107000   16000000|  8   6  85   0   0   1
 126000   18000000|  9   7  83   1   0   0
 109000   19000000|  9   5  85   0   0   1
 133000   18000000|  9   5  85   0   0   1
 129000   19000000|  7   8  85   0   0   1
 130000   17000000|  8   8  84   0   0   1
 102000   15000000|  7   6  86   0   0   1
  98000   17000000|  9   6  85   1   0   0
 110000   18000000|  9   7  84   0   0   1
 119000   19000000|  9   9  82   0   0   1
 109000   20000000|  6   6  87   0   0   1
 135000   21000000|  9   7  84   0   0   0
 158000   20000000|  8   6  85   0   0   1
 121000   21000000|  9   8  81   1   0   1
 141000   19000000|  8   5  86   0   0   1
 139000   19000000|  9   6  85   0   0   1
 108000   19000000|  7   6  86   0   0   1
 141000   15000000|  9   8  83   0   0   0
 110000   16000000|  8   6  85   0   0   1
 118000   16000000|  8   6  84   1   0   1
 118000   16000000|  8   7  85   0   0   0
 112000   15000000|  9   8  83   0   0   1
 106000   14000000|  8   8  83   0   0   1
 109000   13000000|  8   7  85   0   0   1
  96000   12000000|  9   6  84   0   0   1
  74000   12000000|  9   7  84   1   0   0
  84000   13000000|  9   7  84   0   0   1
  91000   12000000| 10   5  85   0   0   0
  97000   13000000|  8   8  84   0   0   1
  99000   11000000|  7   6  87   0   0   1
  93000   12000000|  9   6  85   0   0   0
  81000   11000000|  7   6  86   1   0   1
  70000   11000000| 10   6  83   0   0   1
  73000   10000000|  8   6  86   0   0   1
  74000   11000000|  8   8  84   0   0   1
  69000   11000000|  8   8  84   0   0   0
  84000   12000000|  8   5  87   0   0   0
  71000   11000000|  9   5  84   1   0   1
  80000   11000000|  8   6  85   0   0   2
  74000   11000000|  7   5  87   0   0   0
  88000   12000000|  7   9  84   0   0   0
  88000   14000000|  8   9  82   0   0   1
 104000   14000000|  9   7  84   0   0   1
 101000   16000000|  7   7  84   1   0   1
 109000   19000000| 10   6  84   0   0   1
 136000   17000000|  8   6  85   0   0   1
  98000   18000000|  8   7  84   0   0   1
 131000   17000000|  9   6  84   0   0   1
 101000   17000000|  8   7  85   0   0   0
 133000   15000000|  8   7  84   1   0   1
  99000   14000000|  8   6  85   0   0   1
  89000   11000000|  8   6  86   0   0   0
  85000   12000000|  7   7  86   0   0   1
 103000   13000000|  8   7  84   0   0   1
  87000   11000000|  7   5  87   0   0   1
  83000   12000000|  8   6  86   1   0   0
  91000   12000000|  7   6  87   0   0   0
  77000   12000000|  7   6  86   0   0   1
  98000 9906000|  8   7  85   0   0   0
  66000 9821000|  6   8  86   0   0   0
  79000   11000000|  7   6  87   0   0   1
  75000   12000000|  7   6  85   1   0   0
  83000   12000000|  9   7  84   0   0   0
  80000   12000000|  8   6  85   0   0   1
  91000   12000000|  7   6  87   0   0   0
  75000   12000000|  7   5  87   0   0   1
  81000   13000000|  9   6  84   0   0   1
  87000   14000000|  8   7  84   1   0   1
  98000   15000000|  6   6  88   0   0   1
 111000   15000000|  9   7  83   0   0   1
  97000   17000000|  8   6  85   0   0   1
 122000   16000000|  8   7  84   0   0   1
 106000   17000000|  7   6  87   0   0   1
 132000   17000000|  8   8  83   1   0   1
 101000   15000000|  8   6  85   0   0   1
 110000   13000000|  7   7  85   0   0   1
  90000   13000000|  9   6  85   0   0   1
  80000   13000000|  7   5  86   0   0   1
  97000   13000000|  8   5  86   0   0   0
  88000   11000000|  7   8  83   1   0   1
  83000   12000000|  9   6  85   0   0   0
  85000   10000000|  7   6  87   0   0   1
  72000   10000000|  8   6  86   0   0   0
  78000   10000000|  7   6  87   0   0   0
  69000 9811000|  7   6  86   0   0   1
  77000 9295000|  7   6  84   2   0   0
  65000 8383000|  6   8  86   0   0   0
  66000 9618000|  7   5  88   0   0   1
  67000 8829000|  8   6  86   0   0   0
  75000   10000000|  7   7  85   0   0   1
  72000 9637000|  7   5  88   0   0   0
  74000 9055000|  9   5  84   1   0   1
  65000 9252000|  8   5  86   0   0   1
  70000 9511000|  8   5  86   0   0   1
  78000   10000000|  8   7  85   0   0   0
  82000   11000000|  6   6  87   0   0   1
  82000   11000000|  8   6  86   0   0   0
  94000   12000000|  9   5  85   1   0   1
  91000   13000000|  7   6  86   0   0   0
 103000   14000000|  9   7  84   0   0   1
  99000   15000000|  8   6  85   0   0   1
 112000   15000000|  8   7  84   0   0   1
  87000   16000000| 14   7  78   0   0   1
 119000   15000000| 33   9  56   1   0   1
 100000   14000000| 34   7  58   0   0   1
 101000   14000000| 35  11  53   0   0   1
  88000   13000000| 32   9  58   0   0   1
  99000   15000000| 35   7  57   0   0   1
  94000   14000000| 33   6  59   0   0   1
 105000   12000000| 35   8  55   1   0   1
  86000   13000000| 35   7  56   0   0   1
  88000   13000000| 33   7  59   0   0   1
  85000   10000000| 34  11  55   0   0   1
  83000   11000000| 34   7  58   0   0   1
  80000   10000000| 34   7  58   0   0   1
  75000   11000000| 34   8  56   1   0   1
  78000   10000000| 34   7  59   0   0   1
  68000   10000000| 35   7  58   0   0   0
  70000   12000000| 35   6  58   0   0   1
  95000   13000000| 34   7  58   0   0   1
 102000   13000000| 33   6  59   0   0   2
  97000   13000000| 34   9  55   1   0   1
  85000   12000000| 33   9  57   0   0   1
  90000   11000000| 34   7  57   0   0   1
  73000   10000000| 34   9  56   0   0   2
  66000 9682000| 33   8  58   0   0   1
  76000   11000000| 33   7  58   0   0   2
  71000   11000000| 34   7  57   1   0   1
  85000   11000000| 34   9  55   0   0   1
  89000   11000000| 34   7  58   0   0   1
  77000   12000000| 36   7  56   0   0   1
  84000   11000000| 33   9  57   0   0   1
  84000   13000000| 33   8  58   0   0   1
  82000   12000000| 35   7  57   1   0   1
  84000   10000000| 35   6  58   0   0   1
  67000 9714000| 33   7  59   0   0   1
  64000   10000000| 36   7  57   0   0   1
  74000   10000000| 33   8  58   0   0   1
  69000 9997000| 34   8  56   0   0   1
  71000   10000000| 64  12  22   0   0   2
  76000   11000000| 62  12  25   0   0   1
  74000   11000000| 62  13  24   0   0   2
  86000   10000000| 64  10  24   0   0   2
  79000   12000000| 62  15  21   0   0   1
  78000   11000000| 64  11  24   0   0   1
  77000   10000000| 63  12  23   0   0   2
  73000   11000000| 63  11  25   0   0   2
  80000   11000000| 64  10  24   0   0   2
  79000   12000000| 65  10  23   0   0   2
  82000   12000000| 63  11  24   0   0   1
  77000   10000000| 63  12  24   0   0   2
  78000   10000000| 64  11  23   1   0   1
  79000   11000000| 64  12  24   0   0   1
  76000 9849000| 63  12  24   0   0   1
  79000   10000000| 63  12  23   0   0   1
  66000 9446000| 62  12  24   0   0   1
  77000 9845000| 62  16  21   0   0   1
  72000   10000000| 64  12  23   0   0   2
  75000   10000000| 64  10  25   0   0   2
  80000 9424000| 61  10  29   0   0   1
  65000 8983000| 59   7  32   0   0   1
  62000 8691000| 37   8  53   0   0   1
  66000 8923000| 33   7  59   1   0   1
  62000 9299000| 33   8  59   0   0   1
  69000   10000000| 62  12  25   0   0   2
  70000   10000000| 63   9  27   0   0   2
  80000   12000000| 60  11  26   0   0   3
  78000 9501000| 63  12  24   0   0   1
  75000   11000000| 63  11  24   1   0   2
  75000   11000000| 63  13  23   0   0   1
  86000   11000000| 63  12  23   0   0   2
  79000   11000000| 63  10  25   0   0   2
  76000   11000000| 62  12  25   0   0   1
  86000   11000000| 64  11  24   0   0   2
  72000 9993000| 63  12  24   0   0   1
  83000   12000000| 63  10  25   0   0   2
 107000   13000000| 63  10  26   0   0   1
  86000   14000000| 57   8  32   0   0   2
  91000   14000000| 53  10  34   0   0   2
 112000   13000000| 62  12  25   0   0   1
  90000   13000000| 61  11  26   0   0   3
 102000   12000000| 62  11  26   0   0   2
  90000   11000000| 62  11  25   0   0   2
  77000   11000000| 63  11  24   0   0   1
  86000   11000000| 62  10  25   0   0   2
  74000   10000000| 62  12  24   0   0   3
  67000   11000000| 62  10  26   1   0   1
  84000   11000000| 63  10  26   0   0   1
  73000   10000000| 60   7  32   0   0   1
  75000   11000000| 56   8  35   0   0   2
  86000   11000000| 55  10  33   0   0   1
  82000   12000000| 60  11  28   0   0   2
  80000   10000000| 58   8  31   1   0   1
  84000   11000000| 69   7  22   0   0   1
  88000   12000000| 78   9  12   0   0   1
  84000   11000000| 64   9  26   0   0   2
  86000   11000000| 62   8  28   0   0   2
  80000   10000000| 61  12  26   0   0   1
  74000   10000000| 62   9  26   1   0   2
  82000 9828000| 63  10  27   0   0   1
  64000 9423000| 60  12  26   0   0   2
  63000 9354000| 61   8  30   0   0   1
  74000 9783000| 60  10  29   0   0   1
  69000   10000000| 59   9  30   0   0   2
  71000 9334000| 60  11  28   1   0   1
  72000 9282000| 59   8  32   0   0   1
  70000   10000000| 57   7  35   0   0   1
  80000 9820000| 37   7  55   0   0   1
  81000 9714000| 32   6  61   0   0   1
  81000   11000000| 33   6  61   0   0   1
  84000 9880000| 32   6  61   1   0   1
  83000 9785000| 29   6  64   0   0   1
  73000 9877000| 30   6  64   0   0   1
  81000   10000000| 22   5  72   0   0   1
  83000   10000000|  8   6  85   0   0   1
  81000   11000000|  6   6  87   0   0   1
  80000   10000000|  6   6  86   2   0   1
  98000   10000000|  6   7  86   0   0   1
  95000   11000000|  5   6  88   0   0   1
  92000   10000000|  7   5  88   0   0   1
  77000   10000000|  8   5  86   0   0   0
  74000   11000000|  8   5  87   0   0   1
  75000   13000000|  7   6  86   1   0   1
 101000   12000000|  8   6  86   0   0   0
  70000 9890000|  7   5  87   0   0   1
  69000   11000000|  8   6  87   0   0   0
  84000   11000000| 23   6  70   0   0   1
  78000   10000000| 32   7  59   0   0   1
  70000   11000000| 32   8  58   1   0   1
  80000   12000000| 34   7  59   0   0   1
  97000   12000000| 33   7  60   0   0   1
  87000   11000000| 33   7  60   0   0   1
  93000 8555000| 34   6  59   0   0   1
  74000 9061000| 33   6  60   0   0   1
  67000 8601000| 34   6  59   1   0   1
  73000 8795000| 32   7  61   0   0   1
  65000 8691000| 33   5  62   0   0   1
  68000 9808000| 32   8  59   0   0   1
  73000 9022000| 32   6  60   0   0   2
  80000   10000000| 32   6  61   0   0   1
  76000   11000000| 34   7  58   1   0   1
 101000   13000000| 34   6  59   0   0   1
  91000   13000000| 33   7  60   0   0   1
 104000   12000000| 33   7  58   0   0   2
  95000   13000000| 32   7  60   0   0   1
 115000   16000000| 33   6  59   1   0   1
 107000   16000000| 33   6  59   0   0   1
 117000   16000000| 33   6  59   0   0   2
 107000   17000000| 33   6  60   0   0   1
 114000   15000000| 34   6  59   0   0   1
 114000   15000000| 33   7  60   0   0   1
  98000   14000000| 31   7  59   1   0   1
  93000   12000000| 32   7  60   0   0   1
  94000   12000000| 33   6  59   0   0   1
  78000   12000000| 32   7  60   0   0   1
  80000   12000000| 35   7  57   0   0   1
  83000   12000000| 34   7  59   0   0   1
  80000   13000000| 32   7  59   1   0   1
  87000   13000000| 34   7  59   0   0   1
  97000   12000000| 34   6  60   0   0   1
  74000   11000000| 33   6  60   0   0   1
  87000   12000000| 33   6  60   0   0   1
  89000   13000000| 33   7  60   0   0   1
  86000   13000000| 32   6  60   1   0   1
  83000   12000000| 33   7  59   0   0   1
  93000   13000000| 32   7  60   0   0   1
  88000   12000000| 32   6  61   0   0   1
  75000   11000000| 32   7  60   0   0   1
  70000   10000000| 33   6  60   0   0   1
  67000 9476000| 33   7  58   1   0   1
  71000   10000000| 33   7  59   0   0   1
  67000   10000000| 34   6  59   0   0   1
  80000   11000000| 33   6  60   0   0   1
  73000   11000000| 31   7  61   0   0   1
  87000   12000000| 33   6  60   0   0   1
  84000   12000000| 33   7  58   1   0   1
  82000   13000000| 33   6  61   0   0   1
  92000   11000000| 51   8  41   0   0   1
  76000   11000000| 56   8  35   0   0   1
  75000   12000000| 40   9  50   0   0   1
  98000   12000000| 62  10  27   0   0   1
  74000   11000000| 58  11  28   1   0   2
  77000   12000000| 61   9  29   0   0   1
  84000   12000000| 61  12  26   0   0   1
  84000   13000000| 62   8  28   0   0   2
  86000   13000000| 63   9  26   0   0   1
  95000   12000000| 63   9  27   0   0   1
  80000   12000000| 62  11  24   1   0   2
  74000   11000000| 61  11  27   0   0   1
  86000   11000000| 60  10  28   0   0   2
  79000   10000000| 61  11  26   0   0   2
  67000   10000000| 61  10  28   0   0   2
  82000   10000000| 61  11  26   0   0   2
  76000   11000000| 61  10  26   1   0   2
  81000   11000000| 61  12  26   0   0   1
  94000   11000000| 62   8  28   0   0   1
  81000   12000000| 62  11  26   0   0   1
  85000   12000000| 61  10  27   0   0   2
  95000   11000000| 60  11  27   0   0   1
  91000   12000000| 61  10  28   0   0   2
  73000   10000000| 63  10  27   0   0   1
  78000   10000000| 60  12  26   0   0   2
  72000   11000000| 62  10  28   0   0   1
  71000   11000000| 62  11  27   0   0   1
  80000   10000000| 59  11  28   0   0   2
  70000   10000000| 62   8  28   1   0   1
  69000   10000000| 61  11  26   0   0   2
  74000   10000000| 62  10  27   0   0   2
  76000   12000000| 62  10  27   0   0   1
  83000   13000000| 60   8  29   0   0   3
  97000   15000000| 76  12  11   0   0   2
 117000   17000000| 79   9   9   1   0   3
 110000   17000000| 80   9   9   0   0   2
 116000   14000000| 77  10  11   0   0   2
  91000   14000000| 79  11   8   0   0   3
  93000   15000000| 80   9  10   0   0   1
 100000   12000000| 68  11  18   0   0   2
  82000   11000000| 74   9  14   1   0   2
  82000   10000000| 78   8  11   0   0   3
  78000   10000000| 78   9  11   0   0   2
  64000   10000000| 81   7  11   0   0   1
  68000 8560000| 80   8  11   0   0   2
  63000 8969000| 88   8   2   0   0   2
  54000 7704000| 88  10   1   0   0   2
  56000 8163000| 78  11  10   0   0   2
  62000 8576000| 79   7  11   0   0   2
  53000 8602000| 80   9  11   0   0   1
  61000 9514000| 81   8  10   0   0   1
  63000 9560000| 79   9  11   0   0   1
  64000 9443000| 79   9  11   0   0   2
  65000 9863000| 78   9  12   0   0   2
  77000   10000000| 78   7  12   0   0   2
  63000 9479000| 77   8  13   0   0   2
  71000 9646000| 66   9  24   0   0   1
  70000   10000000| 59   9  32   0   0   1
  70000   10000000| 60   7  31   1   0   1
  70000 9248000| 57   6  37   0   0   1
  68000 9616000| 58   3  39   0   0   0
  61000   10000000| 57   6  37   0   0   1
  80000   11000000| 57   3  39   0   0   1
  75000   10000000| 56   4  38   1   0   1
  72000   11000000| 55   3  41   0   0   1
  78000 9763000| 54   2  43   0   0   0
  64000 8477000| 54   2  44   0   0   0
  57000 7199000| 31   5  64   0   0   0
  58000 7306000| 29   2  69   0   0   0
  55000 7626000| 28   2  68   2   0   0
  56000 8177000| 28   1  71   0   0   0
  59000 7087000| 28   3  69   0   0   0
  54000 7249000| 37   3  60   0   0   1
  54000 6542000| 54   3  43   0   0   1
  49000 6121000| 54   3  43   0   0   0
  53000 7019000| 50   4  45   0   0   0
  51000 7039000| 28   3  69   0   0   1
  59000 7406000| 28   2  70   0   0   1
  58000 7907000| 28   3  69   0   0   1
  71000 9431000| 29   2  69   0   0   0
  79000   10000000| 29   2  69   0   0   0
  69000   10000000| 28   2  67   2   0   1
  70000   10000000| 28   2  70   0   0   0
  75000 9975000| 28   3  68   0   0   1
  73000 9539000| 28   1  70   0   0   0
  60000 9313000| 28   2  69   0   0   0
  63000 9078000| 29   2  69   0   0   1
  64000 9293000| 28   2  68   2   0   0
  58000 9944000| 28   3  69   0   0   1
  70000   10000000| 29   2  69   0   0   0
  66000   10000000| 28   2  69   0   0   0
  66000   11000000| 28   3  69   0   0   1
  77000   11000000| 28   3  68   0   0   1
  80000   13000000| 28   2  68   1   0   1
  90000   15000000| 29   3  68   0   0   1
 103000   12000000| 30   2  68   0   0   0
  79000   13000000| 27   3  69   0   0   1
  84000   15000000| 30   3  67   0   0   0
 102000   14000000| 29   2  69   0   0   0
  87000   15000000| 33   3  63   1   0   1
  93000   12000000| 57   5  38   0   0   1
  86000   14000000| 57   5  38   0   0   1
  80000   14000000| 56   5  37   0   0   2
  92000   13000000| 58   4  37   0   0   1
  82000   13000000| 56   5  38   0   0   2
  87000   14000000| 58   5  35   1   0   1
  85000   13000000| 56   5  38   0   0   1
  93000   14000000| 55   5  39   0   0   1
  82000   12000000| 45   4  50   0   0   1
  93000   14000000| 42   4  54   0   0   1
  94000   11000000| 56   4  38   0   0   2
  74000   10000000| 57   4  37   1   0   1
  71000   11000000| 56   4  39   0   0   1
  77000   10000000| 56   4  40   0   0   1
  76000   10000000| 55   3  41   0   0   1
  63000 8548000| 54   2  44   0   0   1
  61000 8896000| 54   2  44   0   0   0
  62000 7907000| 33   3  63   0   0   0
  60000 7078000| 28   1  71   0   0   0
  48000 6967000| 27   2  71   0   0   0
  48000 7815000| 27   1  72   0   0   0
  53000 7717000| 28   1  71   0   0   1
  60000 7551000| 28   1  71   0   0   0
  51000 7848000| 28   1  70   2   0   0
  61000 8351000| 12   4  84   0   0   0
  61000 8386000|  2   2  96   0   0   0
  51000 8248000|  3   1  96   0   0   0
  61000 8069000|  3   1  96   0   0   0
  54000 9074000|  3   1  96   0   0   0
  63000 9603000|  2   2  95   2   0   0
  66000   10000000|  3   2  96   0   0   0
  89000 8002000|  4   2  94   0   0   0
  60000 7242000| 28   1  70   0   0   1
  54000 7231000| 27   2  71   0   0   0
  51000 6867000| 28   2  70   0   0   0
  47000 7557000| 27   2  70   1   0   0
  50000 6486000| 28   2  71   0   0   0
  42000 6932000| 28   2  71   0   0   0
  49000 5350000| 27   1  71   0   0   0
  40000 5974000| 27   2  71   0   0   1
  44000 6363000| 27   2  71   0   0   0
  44000 6738000| 27   2  70   1   0   0
  47000 6446000| 28   2  71   0   0   0
  47000 7618000| 27   2  71   0   0   0
  59000 8008000| 27   2  70   0   0   0
  55000 7768000| 28   1  71   0   0   0
  56000 6638000| 29   1  70   0   0   0
  51000 7083000| 27   2  71   1   0   0
  47000 7726000| 28   2  71   0   0   0
  54000 6293000| 28   1  71   0   0   0
  44000 6778000| 27   1  71   0   0   0
  41000 5390000| 27   2  71   0   0   0
  42000 6025000| 27   1  70   1   0   0
  40000 6093000| 27   1  72   0   0   0
  44000 5513000| 27   2  71   0   0   0
  34000 5209000| 27   1  72   0   0   0
  41000 5614000| 27   1  71   0   0   0
  41000 5704000| 27   1  71   0   0   0
  39000 5331000| 28   2  69   1   0   0
  44000 5756000| 27   2  71   0   0   0
  42000 5928000| 27   1  72   0   0   0
  42000 5122000| 27   1  72   0   0   0
  42000 5773000| 28   2  70   0   0   0
  40000 6434000| 28   2  71   0   0   0
  49000 5952000| 28   1  70   1   0   0
  40000 5126000| 27   1  72   0   0   0
  40000 4782000| 28   1  71   0   0   0
  40000 5856000| 27   1  71   0   0   0
  42000 5612000| 28   1  71   0   0   0
  44000 5555000| 28   1  71   0   0   0
  44000 6056000| 27   1  71   1   0   0
  41000 6385000| 27   1  72   0   0   0
  53000 5503000| 28   2  71   0   0   0
  35000 5286000| 27   2  71   0   0   0
  40000 5177000| 28   1  71   0   0   0
  38000 5630000| 28   2  70   0   0   1
  42000 5006000| 28   1  70   1   0   0
  39000 4904000| 28   1  71   0   0   0
  36000 5191000| 28   1  70   0   0   0
  36000 4579000| 27   1  71   0   0   0
  36000 4750000| 28   1  72   0   0   0
  34000 4701000| 27   2  70   1   0   0
  41000 5114000| 28   2  70   0   0   0
  33000 5076000| 28   1  71   0   0   0
  37000 5068000| 27   2  71   0   0   0
  39000 5065000| 27   2  71   0   0   0
  44000 5980000| 27   2  71   0   0   0
  46000 6999000| 27   2  70   1   0   0
  55000 8098000| 27   2  71   0   0   1
  64000 5861000| 28   1  71   0   0   0
  41000 5205000| 27   1  72   0   0   0
  42000 6013000| 28   3  69   1   0   0
  43000 6230000| 28   1  71   0   0   0
  54000 6459000| 27   2  70   1   0   0
  50000 5887000| 27   2  71   0   0   0
  45000 6258000| 27   2  72   0   0   0
  48000 6206000| 27   2  70   0   0   0
  53000 6026000| 27   1  72   0   0   0
  38000 5134000| 27   1  72   0   0   0
  37000 5884000| 28   2  69   1   0   0
  40000 6419000| 28   2  71   0   0   0
  53000 6510000| 27   2  71   0   0   1
  44000 7031000| 27   2  71   0   0   0
  51000 7334000| 27   1  72   0   0   0
  50000 6593000| 13   3  84   0   0   0
  43000 7017000|  2   1  95   2   0   0
  53000 6716000|  3   2  95   0   0   0
  53000 7306000|  3   2  96   0   0   0
  50000 7835000|  3   1  96   0   0   0
  53000 7077000|  3   2  96   0   0   0
  49000 6401000|  2   1  96   0   0   0
  50000 7147000|  2   2  95   1   0   0
  51000 6702000|  2   1  97   0   0   0
  49000 6181000|  3   1  96   0   0   0
  45000 6778000|  2   1  97   0   0   0
  52000 5646000|  2   2  96   0   0   0
  44000 6283000|  2   1  97   0   0   0
  44000 6714000|  3   2  95   1   0   0
  46000 5797000|  2   1  97   0   0   0
  47000 6303000|  2   2  97   0   0   0
  43000 6698000|  2   1  97   0   0   0
  49000 7427000|  2   2  96   0   0   0
  53000 6481000|  2   1  97   0   0   0
  35000 5158000|  3   2  95   1   0   0
  44000 5265000|  2   1  96   0   0   0
  32000 5014000|  3   2  96   0   0   0
  34000 5344000|  2   1  97   0   0   0
  40000 6318000|  3   2  96   0   0   0
  40000 6274000|  2   2  96   0   0   0
  39000 6825000|  3   2  94   1   0   0
  47000 6599000|  2   1  97   0   0   0
  46000 7631000|  3   1  96   0   0   0
  49000 8365000|  3   3  95   0   0   0
  62000   11000000|  3   1  96   0   0   0
  76000   12000000|  2   2  96   0   0   0
  83000   15000000|  2   3  94   1   0   0
 115000   13000000|  2   3  95   0   0   0
  88000   12000000|  3   3  95   0   0   0
  72000   11000000|  3   2  95   0   0   0
  74000   10000000|  2   1  97   0   0   0
  62000 8786000|  2   1  97   0   0   0
  52000 9289000|  2   2  95   1   0   0
  64000   10000000|  3   2  95   0   0   0
  60000 9397000|  2   2  96   0   0   0
  59000 8870000|  2   2  96   0   0   0
  63000 6748000|  3   1  96   0   0   0
  46000 6667000|  2   1  97   0   0   0
  46000 7177000|  3   1  95   1   0   0
  53000 6650000|  2   1  97   0   0   0
  46000 6687000|  2   1  97   0   0   0
  49000 6207000|  2   1  97   0   0   0
  46000 5862000|  2   1  97   0   0   0
  47000 6404000|  2   2  96   0   0   0
  45000 5868000|  3   1  96   1   0   0
  46000 5048000|  2   2  96   0   0   0
  35000 5210000|  2   2  96   0   0   0
  37000 4887000|  3   2  96   0   0   0
  36000 4181000|  2   2  96   0   0   0
  28000 4033000|  3   1  96   0   0   0
  29000 4242000|  3   2  95   1   0   0
  38000 4993000|  2   1  97   0   0   0
  33000 4981000|  2   2  96   0   0   0
  36000 5275000|  2   1  97   0   0   0
  39000 5332000|  3   1  97   0   0   0
  36000 6004000|  3   2  96   0   0   0
  45000 6167000|  2   1  95   1   0   0
  49000 5572000|  3   2  95   0   0   0
  33000 5388000|  2   1  97   0   0   0
  44000 5588000|  3   1  96   0   0   0
  39000 6048000|  2   2  97   0   0   0
  42000 6436000|  3   2  95   0   0   0
  49000 6444000|  2   2  96   1   0   0
  40000 4803000|  2   2  96   0   0   0
  31000 4640000|  3   1  96   0   0   0
  35000 4958000|  2   2  97   0   0   0
  38000 4694000|  2   1  97   0   0   0
  35000 4959000|  3   1  96   0   0   0
  36000 4812000|  2   1  95   1   0   0
  40000 5184000|  3   1  97   0   0   0
  33000 3939000|  2   1  96   0   0   0
  33000 4329000|  3   1  96   0   0   0
  29000 4050000|  2   1  97   0   0   0
  32000 4319000|  2   1  96   0   0   0
  32000 4337000|  2   1  96   1   0   0
  30000 3807000|  3   2  96   0   0   0
  28000 4193000|  2   2  96   0   0   0
  34000 4471000|  3   1  96   0   0   0
  33000 3440000|  2   1  97   0   0   0
  30000 3603000|  2   1  97   0   0   0
  27000 3122000|  2   2  95   1   0   0
  25000 3151000|  2   1  96   0   0   0
  24000 2764000|  2   1  97   0   0   0
  25000 2927000|  2   2  96   0   0   0
  20000 2363000|  2   1  97   0   0   0
  20000 2528000|  1   1  98   0   0   0
  17000 2467000|  2   1  96   1   0   0
  20000 2758000|  2   1  97   0   0   0
  22000 2899000|  3   1  96   0   0   0
  25000 3410000|  3   2  96   0   0   0
  24000 3553000|  3   1  96   0   0   0
  30000 4097000|  2   1  97   0   0   0
  27000 4191000|  2   1  95   1   0   0
  34000 5264000|  3   1  96   0   0   0
  42000 5686000|  3   1  96   0   0   0
  31000 4316000|  2   2  96   0   0   0
  35000 4402000|  2   1  97   0   0   0
  36000 4738000|  2   2  96   0   0   0
  30000 4428000|  2   2  95   1   0   0
  38000 4600000|  3   1  96   0   0   0
  36000 5108000|  2   1  97   0   0   0
  33000 5142000|  2   2  96   0   0   0
  44000 6065000|  3   2  96   0   0   0
  42000 6788000|  2   2  96   0   0   0
  47000 5363000|  3   1  95   1   0   0
  43000 5216000|  3   1  96   0   0   0
  34000 4909000|  3   2  95   0   0   0
  37000 4485000|  3   1  96   0   0   0
  36000 4848000|  2   1  96   0   0   0
  37000 5118000|  3   1  96   0   0   0
  38000 4475000|  1   1  97   1   0   0
  34000 4778000|  2   1  96   0   0   0
  36000 5146000|  2   1  97   0   0   0
  38000 5827000|  3   2  96   0   0   0
  39000 6682000|  2   2  96   0   0   0
  53000 5180000|  2   2  96   0   0   0
  43000 6066000|  3   2  94   2   0   0
  41000 6331000|  2   2  96   0   0   0
  50000 6768000|  3   2  96   0   0   0
  44000 5739000|  2   1  97   0   0   0
  45000 5430000|  2   1  97   0   0   0
  43000 5924000|  3   2  96   0   0   0
  43000 5866000|  2   1  95   1   0   0
  42000 5095000|  3   1  96   0   0   0
  35000 5218000|  2   2  96   0   0   0
  42000 5027000|  3   1  96   0   0   0
  37000 5259000|  2   1  97   0   0   0
  41000 4853000|  3   2  96   0   0   0
  36000 5293000|  2   1  95   1   0   0
  39000 5732000|  2   1  97   0   0   0
  43000 5338000|  3   1  96   0   0   0
  43000 4503000|  2   2  96   0   0   0
  28000 4626000|  2   2  96   0   0   0
  34000 4780000|  3   1  96   0   0   0
  39000 5192000|  2   2  95   1   0   0
  36000 5262000|  2   1  97   0   0   0
  42000 5210000|  2   2  96   0   0   0
  39000 5582000|  2   2  96   0   0   0
  39000 5310000|  3   2  96   0   0   0
  42000 4430000|  2   1  97   0   0   0
  32000 4488000|  3   2  94   1   0   0
  36000 5102000|  2   2  97   0   0   0
  38000 5722000|  2   2  96   0   0   0
  38000 4863000|  2   2  96   0   0   0
  36000 5485000|  3   1  97   0   0   0
  43000 5593000|  2   1  97   0   0   0
  39000 5794000|  2   2  95   1   0   0
  44000 5909000|  2   2  96   0   0   0
  41000 6553000|  2   1  97   0   0   0
  52000 7489000|  2   1  97   0   0   0
  57000 7911000|  2   2  97   0   0   0
  66000 7234000|  2   1  96   0   0   0
  46000 7355000|  2   1  96   1   0   0
  62000 6986000|  2   2  97   0   0   0
  44000 6181000|  2   1  97   0   0   0
  36000 5772000|  2   2  97   0   0   0
  43000 4735000|  2   1  97   0   0   0
  32000 4329000|  3   1  96   0   0   0
  41000 5527000|  3   1  95   1   0   0
  37000 5190000|  3   1  96   0   0   0
  44000 6001000|  3   1  96   0   0   0
  38000 5129000|  3   1  96   0   0   0
  40000 4969000|  2   2  96   0   0   0
  40000 4921000|  2   2  96   0   0   0
  35000 4682000|  2   1  95   1   0   0
  39000 4826000|  2   2  96   0   0   0
  37000 5463000|  2   2  96   0   0   0
  41000 4829000|  3   1  96   0   0   0
  36000 5107000|  2   2  96   0   0   0
  41000 5892000|  2   2  96   0   0   0
  48000 7077000|  2   1  96   1   0   0
  56000 6816000|  2   1  97   0   0   0
  54000 6830000|  2   2  96   0   0   0
  53000 5913000|  2   1  96   0   0   0
  35000 6276000|  3   1  96   0   0   0
  50000 5952000|  3   2  96   0   0   0
  50000 5397000|  3   1  94   2   0   0
  41000 4890000|  3   2  96   0   0   0
  43000 4820000|  2   2  96   0   0   0
  37000 4746000|  3   2  96   0   0   0
  43000 4734000|  2   2  96   0   0   0
  37000 4563000|  3   2  96   0   0   0
  31000 4345000|  2   1  95   1   0   0
  34000 4761000|  2   1  97   0   0   0
  37000 4664000|  2   1  98   0   0   0
  37000 5055000|  2   2  96   0   0   0
  41000 5068000|  3   1  96   0   0   0
  41000 4972000|  2   2  96   0   0   0
  37000 5265000|  3   1  95   2   0   0
  39000 4845000|  2   1  97   0   0   0
  37000 5628000|  2   1  97   0   0   0
  40000 5249000|  3   1  96   0   0   0
  42000 5464000|  2   1  97   0   0   0
  36000 5419000|  2   1  97   0   0   0
  38000 5220000|  3   2  95   1   0   0
  36000 5722000|  1   1  97   0   0   0
  53000 5271000|  2   1  97   0   0   0
  38000 5711000|  1   1  98   0   0   0
  45000 5664000|  3   1  96   0   0   0
  38000 5458000|  2   2  96   0   0   0
  44000 4977000|  2   2  95   1   0   0
  33000 5195000|  2   1  97   0   0   0
  39000 4435000|  2   1  97   0   0   0
  34000 4993000|  2   2  96   0   0   0
  37000 4376000|  3   2  95   0   0   0
  33000 4223000|  2   1  96   0   0   0
  30000 4787000|  2   2  94   2   0   0
  35000 4834000|  3   1  96   0   0   0
  32000 4739000|  2   1  97   0   0   0
  39000 5265000|  2   1  97   0   0   0
  41000 5181000|  3   1  96   0   0   0
  35000 5725000|  2   1  96   1   0   0
  47000 5324000|  3   2  95   0   0   0
  40000 6761000|  2   2  96   0   0   0
  52000 6411000|  2   2  96   0   0   0
  40000 6335000|  2   1  97   0   0   0
  51000 7182000|  2   2  95   0   0   0
  49000 6656000|  3   2  95   1   0   0
  52000 6983000|  3   2  95   0   0   0
  57000 7520000|  3   2  96   0   0   0
  48000 6578000|  2   2  96   0   0   0
  53000 6544000|  3   1  96   0   0   0
  45000 5608000|  3   2  96   0   0   0
  42000 5936000|  3   1  95   1   0   0
  44000 6507000|  3   1  96   0   0   0
  49000 6243000|  3   1  96   0   0   0
  48000 5555000|  3   2  96   0   0   0
  32000 5079000|  2   1  97   0   0   0
  44000 4783000|  2   1  96   0   0   0
  34000 5281000|  2   1  96   1   0   0
  39000 4705000|  2   1  97   0   0   0
  31000 4933000|  2   2  96   0   0   0
  36000 4749000|  1   2  97   0   0   0
  42000 5059000|  3   1  96   0   0   0
  34000 5030000|  2   1  96   0   0   0
  51000 5574000|  1   2  96   1   0   0
  42000 5812000|  2   1  97   0   0   0
  42000 4990000|  3   2  96   0   0   0
  34000 4126000|  2   2  96   0   0   0
  35000 3845000|  2   2  96   0   0   0
  29000 3777000|  2   1  97   0   0   0
  29000 3976000|  2   2  95   1   0   0
  31000 3993000|  3   1  96   0   0   0
  32000 4705000|  1   0  98   0   0   0
  33000 4365000|  3   2  96   0   0   0
  36000 4792000|  2   2  96   0   0   0
  36000 5089000|  3   1  96   0   0   0
  34000 5480000|  2   1  95   1   0   0
  39000 5129000|  2   1  96   0   0   0
  40000 6338000|  3   1  96   0   0   0
  45000 7072000|  3   2  96   0   0   0
  54000 7613000|  2   1  97   0   0   0
  48000 6402000|  2   2  94   2   0   0
  45000 5816000|  2   2  96   0   0   0
  43000 5800000|  3   1  96   0   0   0
  39000 5560000|  2   2  96   0   0   0
  40000 5106000|  2   1  96   0   0   0
  40000 5460000|  2   1  96   0   0   0
  36000 5617000|  2   1  96   1   0   0
  38000 5158000|  2   2  96   0   0   0
  40000 5914000|  2   1  96   0   0   0
  39000 5666000|  3   1  96   0   0   0
  42000 5395000|  3   2  96   0   0   0
  43000 5955000|  2   1  97   0   0   0
  42000 6424000|  3   2  95   1   0   0
  46000 5114000|  2   1  97   0   0   0
  39000 5122000|  3   2  95   0   0   0
  30000 4001000|  2   1  97   0   0   0
  34000 4383000|  2   1  98   0   0   0
  31000 4504000|  2   1  96   0   0   0
  35000 4702000|  3   2  94   2   0   0
  36000 4324000|  2   2  97   0   0   0
  34000 4015000|  2   1  97   0   0   0
  28000 3930000|  2   1  97   0   0   0
  29000 3442000|  3   1  96   0   0   0
  28000 4062000|  3   1  96   0   0   0
  30000 4178000|  2   1  95   1   0   0
  35000 3632000|  2   1  97   0   0   0
  24000 3198000|  2   2  97   0   0   0
  25000 3179000|  2   1  97   0   0   0
  24000 3101000|  2   1  97   0   0   0
  24000 3288000|  3   1  96   0   0   0
  26000 3996000|  2   1  96   2   0   0
  31000 4666000|  3   1  96   0   0   0
  31000 4723000|  2   2  96   0   0   0
  34000 4983000|  3   1  96   0   0   0
  36000 5176000|  3   2  96   0   0   0
  43000 6847000|  8   2  90   0   0   0
  43000 6271000| 27   2  70   1   0   0
  50000 7862000| 27   2  71   0   0   0
  48000 8144000| 26   2  72   0   0   1
  59000 8919000| 28   2  71   0   0   0
  61000 8209000| 27   1  72   0   0   0
  58000 8138000| 27   1  70   1   0   0
  48000 7547000| 26   2  72   0   0   0
  52000 8384000| 28   1  71   0   0   0
  61000 8870000| 27   2  70   0   0   1
  46000 7347000| 27   1  72   0   0   0
  55000 7231000| 27   1  71   0   0   1
  46000 7042000| 27   1  70   1   0   0
  47000 7516000| 27   1  72   0   0   1
  52000 7527000| 27   1  72   0   0   0
  44000 6078000| 26   2  72   0   0   0
  44000 6637000| 28   1  70   0   0   0
  53000 7026000| 27   2  70   1   0   1
  48000 7449000| 27   1  72   0   0   1
  56000 6484000| 27   1  72   0   0   0
  45000 5038000| 27   1  71   0   0   1
  33000 4961000| 27   1  72   0   0   0
  35000 5050000| 26   2  72   0   0   0
  39000 5139000| 27   1  70   2   0   0
  32000 4911000| 27   1  72   0   0   0
  36000 5028000| 27   1  72   0   0   0
  39000 5232000| 27   1  72   0   0   0
  33000 5098000| 27   2  71   0   0   0
  35000 5557000| 27   1  71   1   0   0
  40000 5361000| 28   1  72   0   0   0
  35000 5356000| 27   1  72   0   0   0
  39000 4407000| 24   3  73   0   0   0
  36000 4357000|  1   1  97   0   0   0
  30000 4308000|  2   1  97   0   0   0
  38000 4330000|  2   1  95   2   0   0
  32000 4410000|  2   1  97   0   0   0
  36000 5227000|  3   1  96   0   0   0
  33000 4330000|  2   1  97   0   0   0
  39000 4896000|  2   1  97   0   0   0
  37000 4978000|  2   1  97   0   0   0
  31000 4295000|  2   2  95   2   0   0
  33000 4201000|  2   2  97   0   0   0
  26000 4068000|  2   1  97   0   0   0
  32000 4678000|  3   1  97   0   0   0
  38000 5338000|  2   1  97   0   0   0
  32000 5184000|  2   1  95   1   0   0
  33000 4201000|  2   2  96   0   0   0
  34000 4899000|  2   1  98   0   0   0
  33000 4949000|  1   1  97   0   0   0
  40000 4245000|  2   1  97   0   0   0
  30000 3639000|  3   1  97   0   0   0
  29000 4218000|  3   1  95   1   0   0
  31000 3910000|  2   1  97   0   0   0
  30000 4359000|  2   2  97   0   0   0
  30000 4531000|  2   1  97   0   0   0
  33000 5204000|  2   1  97   0   0   0
  40000 5229000|  2   1  97   0   0   0
  43000 6071000|  2   1  95   2   0   0
  50000 6527000|  2   1  97   0   0   0
  49000 5512000|  2   1  97   0   0   0
  45000 6111000|  2   1  97   0   0   0
  39000 5743000|  3   1  97   0   0   0
  36000 5150000|  2   1  97   0   0   0
  37000 4870000|  2   1  96   1   0   0
  41000 5360000|  2   1  98   0   0   0
  45000 5546000|  2   2  96   0   0   0
  49000 5445000|  2   1  97   0   0   0
  46000 5019000|  2   1  96   0   0   0
  42000 5258000|  2   1  97   0   0   0
  38000 4511000|  1   2  95   1   0   0
  34000 5135000|  2   1  97   0   0   0
  37000 4686000|  2   1  97   0   0   0
  35000 4321000|  2   1  97   0   0   0
  35000 4277000|  2   1  97   0   0   0
  35000 4827000|  2   1  97   0   0   0
  32000 4939000|  2   1  96   1   0   0
  36000 4722000|  3   1  96   0   0   0
  41000 5196000|  2   1  97   0   0   0
  35000 5767000|  2   1  98   0   0   0
  43000 5543000|  3   1  96   0   0   0
  41000 5864000|  2   1  97   0   0   0
  44000 5609000|  2   2  95   1   0   0
  38000 5150000|  2   1  97   0   0   0
  39000 5584000|  2   1  97   0   0   0
  39000 5783000|  2   2  97   0   0   0
  38000 5117000|  2   1  97   0   0   0
  41000 4767000|  2   1  97   0   0   0
  37000 4072000|  2   1  96   1   0   0
  29000 4047000|  2   1  98   0   0   0
  27000 3601000|  2   1  97   0   0   0
  31000 4378000|  2   1  97   0   0   0
  33000 3931000|  2   1  97   0   0   0
  30000 3516000|  2   2  96   0   0   0
  29000 3675000|  2   1  96   1   0   0
  25000 3848000|  2   1  97   0   0   0
  29000 4029000|  2   1  96   0   0   0
  30000 3547000|  2   1  97   0   0   0
  30000 3555000|  2   2  97   0   0   0
  26000 3399000|  2   1  96   0   0   0
  32000 3837000|  2   2  95   1   0   0
  27000 3590000|  2   1  96   0   0   0
  32000 3946000|  2   1  97   0   0   0
  31000 3761000|  2   1  97   0   0   0
  28000 3755000|  3   1  97   0   0   0
  32000 4054000|  2   1  97   0   0   0
  35000 3925000|  2   1  96   1   0   0
  25000 3970000|  2   1  98   0   0   0
  34000 4256000|  2   1  97   0   0   0
  31000 4747000|  2   1  97   0   0   0
  35000 4822000|  2   1  97   0   0   0
  32000 4260000|  2   1  97   0   0   0
  33000 4883000|  1   1  96   1   0   0
  38000 4413000|  2   1  97   0   0   0
  29000 4662000|  3   2  96   0   0   0
  32000 3537000|  2   1  96   0   0   0
  28000 3641000|  3   1  96   0   0   0
  31000 4117000|  2   1  97   0   0   0
  29000 3659000|  1   1  98   1   0   0
  29000 3788000|  2   1  97   0   0   0
  29000 3736000|  2   1  97   0   0   0
  27000 3550000|  2   2  97   0   0   0
  27000 3789000|  2   1  96   0   0   0
  27000 3534000|  2   1  96   0   0   0
  25000 3770000|  2   1  95   1   0   0
  29000 4163000|  2   2  96   0   0   0
  33000 4621000|  1   1  98   0   0   0
  36000 5172000|  2   1  97   0   0   0
  43000 5128000|  1   1  98   0   0   0
  36000 5620000|  3   1  96   0   0   0
  47000 6628000|  2   1  96   1   0   0
  47000 5765000|  2   1  97   0   0   0
  43000 4662000|  2   1  97   0   0   0
  34000 4321000|  2   1  97   0   0   0
  35000 4462000|  2   1  97   0   0   0
  33000 4434000|  2   1  97   0   0   0
  32000 4434000|  2   1  97   1   0   0
  31000 3940000|  2   2  96   0   0   0
  35000 3822000|  3   1  97   0   0   0
  26000 3607000|  2   2  96   0   0   0
  28000 4035000|  2   1  97   0   0   0
  31000 4023000|  2   1  97   0   0   0
  29000 3878000|  2   1  96   1   0   0
  32000 3792000|  2   1  97   0   0   0
  28000 3755000|  2   1  97   0   0   0
  26000 3438000|  2   1  97   0   0   0
  29000 4343000|  2   1  97   0   0   0
  32000 4985000|  3   1  96   0   0   0
  35000 5217000|  1   1  96   1   0   0
  40000 6435000|  2   2  97   0   0   0
  50000 7377000|  2   1  97   0   0   0
  51000 6782000|  2   1  96   0   0   0
  51000 4917000|  2   1  97   0   0   0
  36000 5031000|  2   1  97   0   0   0
  35000 4864000|  2   1  96   1   0   0
  32000 3850000|  2   1  97   0   0   0
  32000 4065000|  2   1  97   0   0   0
  27000 3300000| 27   1  72   0   0   0
  33000 3676000| 27   2  71   0   0   0
  24000 3295000| 27   1  72   0   0   0
  27000 3805000| 27   1  71   1   0   0
  31000 3890000| 26   1  72   0   0   1
  26000 4195000| 26   2  73   0   0   0
  34000 4581000| 27   1  72   0   0   1
  33000 5580000| 26   1  73   0   0   0
  37000 4962000| 27   1  72   1   0   0
  33000 5767000| 27   1  72   0   0   0
  46000 6505000| 26   1  72   0   0   1
  47000 6864000| 27   1  72   0   0   0
  46000 6231000| 26   2  71   0   0   1
  41000 4708000| 27   1  71   1   0   0
  34000 3549000| 27   1  73   0   0   0
  24000 3479000| 26   1  72   0   0   0
  24000 3593000| 27   0  73   0   0   0
  29000 4031000| 26   1  72   0   0   1
  27000 4320000| 26   1  71   1   0   0
  33000 4038000| 26   1  73   0   0   0
  32000 4244000| 27   1  73   0   0   0
  29000 4320000| 27   1  72   0   0   0
  31000 4778000| 27   1  72   0   0   1
  33000 5621000| 27   1  73   0   0   0
  38000 6726000| 27   1  71   1   0   0
  43000 7632000| 27   1  72   0   0   0
  61000 8816000| 27   1  72   0   0   0
  59000 8631000| 27   1  72   0   0   1
  45000 6128000| 26   1  72   0   0   1
  46000 6815000| 26   1  73   0   0   0
  46000 7974000| 26   1  71   1   0   1
  55000 9867000| 26   2  71   0   0   1
  69000   11000000| 26   1  73   0   0   0
  64000 9593000| 27   1  72   0   0   0
  65000 9488000| 17   2  81   0   0   0
  64000 8752000|  2   2  96   0   0   0
  48000 7889000|  1   1  96   2   0   0
  59000 8423000|  2   1  97   0   0   0
  53000 8113000|  2   1  98   0   0   0
  52000 7863000|  2   1  97   0   0   0
  51000 6411000|  2   2  97   0   0   0
  49000 6956000|  1   1  97   0   0   0
  46000 6610000|  2   1  95   2   0   0
  53000 4627000|  3   1  97   0   0   0
  32000 4510000|  2   1  97   0   0   0
  33000 4293000|  1   1  98   0   0   0
  37000 4309000|  2   1  97   0   0   0
  30000 4367000| 14   1  85   0   0   0
  30000 4222000| 27   2  71   1   0   0
  32000 4188000| 26   2  72   0   0   0
  32000 4649000| 26   1  72   0   0   0
  33000 5154000| 26   2  72   0   0   0
  51000 4888000| 26   2  39  32   0   0
 109000 5007000| 26   3  26  45   0   1
 316000 4280000| 26   1  24  48   0   0
 667000 4847000| 26   1  16  56   0   0
1475000 5197000| 27   1  32  39   0   1
1494000 5414000| 26   2  10  62   0   0
 819000 6402000| 27   2  12  59   0   0
 250000 7225000| 27   2   9  62   0   0
 199000 6247000| 26   1  71   1   0   0
  44000 5188000| 26   1  73   0   0   0
  33000 5129000| 26   1  64   8   0   0
  33000 4675000| 26   1  42  31   0   0
  36000 5774000| 26   1  46  27   0   0
  38000 6215000| 27   0   7  66   0   0
  47000 7321000| 26   1  65   8   0   0
  44000 6542000| 26   1  73   0   0   1
  44000 7726000| 26   1  72   0   0   0
  48000 6159000| 26   1  72   0   0   0
  48000 6896000| 27   1  72   0   0   0
  45000 7044000| 26   1  71   1   0   0
  52000 5650000| 26   1  73   0   0   0
  38000 4621000| 26   1  72   0   0   0
  33000 4598000| 27   1  73   0   0   0
  36000 4243000| 26   1  73   0   0   0
  29000 4375000| 26   1  73   0   0   0
  32000 4160000| 26   1  72   1   0   0
  29000 3613000| 24   4  72   0   0   0
  25000 3175000|  3   2  95   0   0   0
  22000 3118000|  1   1  98   0   0   0
  27000 3469000| 16   1  82   0   0   0
  24000 3513000| 26   1  74   0   0   0
  30000 4028000| 26   1  72   2   0   0
  35000 2579000| 25   1  74   0   0   1
  19000 1972000| 26   1  73   0   0   0
  16000 2049000| 26   0  74   0   0   0
  16000 2204000| 26   1  73   0   0   0
  18000 2118000| 25   1  72   2   0   0
  18000 2297000| 26   1  49  24   0   0
  22000 2910000| 26   1  46  27   0   0
  22000 2425000| 26   0  49  25   0   0
  21000 3002000| 26   1  49  24   0   1
  21000 2443000| 26   1  48  25   0   0
  19000 2640000| 27   1  48  24   0   0
  18000 2286000| 26   1  71   3   0   0
  19000 1932000| 26   1  73   0   0   0
  13000 1422000| 26   0  74   0   0   0
  16000 1573000| 26   1  73   0   0   0
  13000 1696000| 26   1  74   0   0   0
  14000 1769000| 26   1  74   0   0   0
  14000 1694000| 26   1  72   1   0   0
  16000 1643000| 26   1  73   0   0   0
  13000 1684000| 26   1  73   0   0   0
  16000 1998000| 26   0  73   0   0   0
  18000 2215000| 26   0  73   0   0   0
  18000 2191000| 26   1  73   1   0   0
  19000 2528000| 26   0  73   0   0   0
  22000 2587000| 26   0  74   0   0   0
  19000 2949000| 48   2  49   0   0   0
  25000 3325000| 53   1  46   0   0   0
  26000 2695000| 52   2  46   0   0   0
  20000 2950000| 53   2  44   1   0   0
  23000 3454000| 52   3  45   0   0   0
  28000 3894000| 52   2  45   0   0   1
  30000 3845000| 52   2  46   0   0   1
  26000 3300000| 53   2  45   0   0   0
  27000 2960000| 53   1  46   0   0   0
  23000 2987000| 53   3  44   1   0   0
  20000 2347000| 53   1  46   0   0   0
  21000 2446000| 52   1  46   0   0   0
  18000 2055000| 52   2  46   0   0   0
  17000 2310000| 52   1  46   0   0   1
  18000 2301000| 52   2  46   0   0   0
  17000 2241000| 52   2  45   1   0   1
  15000 1946000| 52   3  45   0   0   0
  19000 2442000| 53   2  45   0   0   0
  19000 2296000| 53   1  46   0   0   0
  16000 2209000| 53   2  45   0   0   0
  17000 2480000| 52   2  46   0   0   1
  16000 2086000| 52   2  45   1   0   0
  15000 2375000| 52   2  46   0   0   0
  18000 2763000| 53   2  45   0   0   0
  21000 2784000| 53   1  46   0   0   0
  23000 2498000| 53   1  46   0   0   0
  17000 2231000| 53   1  46   0   0   0
  19000 2834000| 52   2  45   1   0   0
  23000 2729000| 53   2  45   0   0   0
  20000 2582000| 53   1  45   0   0   0
  19000 3030000| 52   2  46   0   0   1
  21000 3036000| 53   1  46   0   0   0
  26000 3218000| 53   2  45   0   0   0
  26000 3180000| 52   2  45   1   0   0
  26000 3645000| 51   2  46   0   0   1
  28000 3110000| 52   2  45   0   0   1
  29000 3857000| 53   1  46   0   0   0
  26000 3700000| 52   1  46   0   0   1
  28000 2909000| 53   1  46   0   0   0
  21000 2766000| 53   2  44   1   0   0
  21000 2978000| 53   2  45   0   0   0
  19000 2827000| 53   1  46   0   0   0
  18000 2323000| 53   1  45   0   0   0
  16000 2556000| 52   2  46   0   0   0
  21000 2667000| 52   1  46   0   0   0
  21000 2858000| 53   2  44   1   0   0
  19000 2495000| 52   2  45   0   0   1
  20000 2723000| 53   2  46   0   0   0
  20000 3198000| 52   1  46   0   0   1
  22000 3417000| 52   2  46   0   0   0
  27000 3694000| 53   2  45   0   0   0
  31000 4062000| 52   2  45   1   0   1
  28000 3266000| 52   2  46   0   0   0
  26000 3731000| 53   2  45   0   0   0
  26000 3473000| 52   2  46   0   0   1
  23000 3458000| 73   2  24   0   0   0
  29000 3281000| 76   1  22   0   0   1
  23000 2619000| 76   1  23   0   0   0
  18000 2499000| 75   1  23   0   0   1
  27000 2777000| 86   1  12   0   0   1
  26000 3042000| 98   1   0   0   0   1
  23000 2602000| 99   1   0   0   0   0
  22000 2843000| 90   3   6   0   0   1
  20000 3010000| 74   2  22   1   0   1
  23000 3340000| 74   1  24   0   0   1
  27000 3279000| 68   6  27   0   0   0
  23000 2938000| 51   1  48   0   0   1
  21000 2765000| 51   1  48   0   0   0
  24000 3380000| 51   1  47   2   0   1
  24000 3313000| 50   1  49   0   0   0
  19000 2996000| 49   1  50   0   0   0
  25000 3213000| 25   2  74   0   0   0
  21000 3783000| 25   0  75   0   0   0
  25000 3882000| 25   0  74   0   0   0
  29000 3315000| 25   0  73   2   0   0
  21000 2874000| 25   0  75   0   0   0
  17000 2270000| 25   1  74   0   0   0
  17000 1874000| 25   0  75   0   0   0
  15000 2225000| 25   1  74   0   0   0
  13000 1501000| 25   1  74   0   0   0
  12000 1453000| 25   0  73   1   0   0
9264B 1094000| 25   0  75   0   0   0
  11000 1540000| 25   1  74   0   0   0
  13000 1580000| 25   0  75   0   0   0
  13000 1540000| 25   0  75   0   0   0
  13000 1456000| 25   0  75   0   0   0
  11000 1164000| 25   1  72   3   0   0
  12000 1300000| 25   0  75   0   0   0
8996B 1010000| 25   0  75   0   0   0
8228B 1068000| 10   2  88   0   0   0
9416B 1046000|  0   0 100   0   0   0
9188B 1144000|  0   0 100   0   0   0
8142B  744000|  1   0  98   2   0   0
8322B 1026000|  0   0 100   0   0   0
8864B 1181000|  0   0 100   0   0   0
  11000 1620000|  0   0 100   0   0   0
  11000 1548000|  1   0  99   0   0   0
  13000 2241000|  0   0 100   0   0   0
  15000 1560000|  0   0  99   1   0   0
  16000 1622000|  0   0 100   0   0   0
  10000 1135000|  0   0 100   0   0   0
4902B  607000|  1   0  99   0   0   0
2720B  357000|  0   0  99   0   0   0
3356B  242000|  0   0 100   0   0   0
4400B  301000|  0   0  99   1   0   0
3712B  271000|  0   0  99   0   0   0
4574B  388000|  0   1  99   0   0   0
2188B  181000|  0   0 100   0   0   0
2016B  138000|  0   0 100   0   0   0
2650B  213000|  0   0 100   0   0   0
2426B  299000|  0   0  99   1   0   0
2974B  328000|  0   0 100   0   0   0
3208B  397000|  1   0 100   0   0   0
2990B  337000|  0   0 100   0   0   0
3702B  418000|  0   0 100   0   0   0
3614B  356000|  0   0 100   0   0   0
4298B  580000|  0   0  99   1   0   0
3970B  621000|  0   0 100   0   0   0
5774B  867000|  0   0  99   0   0   0
8234B 1217000|  0   0 100   0   0   0
  11000 1718000|  0   0  99   0   0   0
  18000 1878000|  0   0 100   0   0   0
  11000 1358000|  0   0  98   1   0   0
6508B  710000|  0   0 100   0   0   0
7868B 1201000|  0   0 100   0   0   0
8058B 1214000|  0   0  99   0   0   0
9082B  873000|  0   0  99   0   0   0
8260B  777000|  0   0 100   0   0   0
6378B  554000|  1   0  99   1   0   0
3494B  440000|  0   0 100   0   0   0
4838B  600000|  0   1 100   0   0   0
4404B  455000|  1   0  99   0   0   0
3916B  504000|  0   0 100   0   0   0
8267B  504000|  0   0 100   0   0   0
4506B  618000|  0   0  98   1   0   0
5670B  341000|  0   0 100   0   0   0
4116B  402000|  0   0 100   0   0   0
3840B  292000|  0   0 100   0   0   0
2834B  400000|  0   0 100   0   0   0
3112B  400000|  0   0  99   0   0   0
3454B  360000|  0   0  99   1   0   0
4048B  374000|  5   0  94   0   0   0
3868B  436000| 25   0  75   0   0   0
4016B  471000| 25   0  75   0   0   0
4430B  382000| 25   0  75   0   0   0
2630B  354000| 25   0  75   0   0   0
4432B  485000| 25   0  74   1   0   0
3940B  528000| 25   0  75   0   0   0
5504B  617000| 25   0  75   0   0   0
5579B  601000| 25   0  75   0   0   0
5046B  581000| 25   0  75   0   0   0
5454B  618000| 25   0  75   0   0   0
6134B  694000| 25   0  74   1   0   0
6752B  717000| 25   0  75   0   0   0
7082B 1010000| 25   0  75   0   0   0
9216B 1201000| 25   0  75   0   0   0
  11000 1723000| 25   0  75   0   0   0
  10000 1023000| 25   0  75   0   0   0
9942B 1112000| 25   0  74   1   0   0
8076B 1044000| 25   0  75   0   0   0
8658B 1134000| 25   0  75   0   0   0
9534B 1201000| 25   0  75   0   0   0
9524B 1002000| 25   0  75   0   0   0
5650B  704000| 25   0  75   0   0   0
5716B  617000| 25   0  74   1   0   0
5142B  732000| 25   0  75   0   0   0
6406B  537000| 25   0  75   0   0   0
3608B  532000| 25   0  75   0   0   0
4584B  520000| 25   0  75   0   0   0
4548B  680000| 25   0  75   0   0   0
5138B  600000| 25   0  73   1   0   0
4275B  347000| 25   0  75   0   0   0
4270B  531000| 25   0  75   0   0   0
4594B  559000| 25   0  75   0   0   0
4970B  600000| 25   0  75   0   0   0
5090B  646000| 25   0  75   0   0   0
4765B  360000| 25   0  74   1   0   0
5356B  485000| 25   0  75   0   0   0
3552B  345000| 25   0  75   0   0   0
3836B  439000| 25   0  75   0   0   0
3278B  428000| 25   0  75   0   0   0
4016B  400000| 25   0  75   0   0   0
5131B  460000| 25   0  74   1   0   0
4150B  474000| 25   0  75   0   0   0
8114B  600000| 25   0  75   0   0   0
  14000  801000| 25   0  75   0   0   0
6926B  915000| 25   0  75   0   0   0
7170B  691000| 25   0  75   0   0   0
7672B  614000| 25   0  74   1   0   0
5550B  667000| 25   0  75   0   0   0
6210B  768000| 25   0  75   0   0   0
5749B  500000| 25   0  75   0   0   0
5478B  454000| 25   0  75   0   0   0
4442B  503000| 25   0  75   0   0   0
4490B  436000| 25   0  73   1   0   0
3928B  369000| 25   0  75   0   0   0
3738B  434000| 25   0  75   0   0   0
5008B  608000| 25   0  75   0   0   0
4698B  492000| 25   0  75   0   0   0
3888B  600000| 25   0  75   0   0   0
4506B  511000| 25   0  74   1   0   0
5900B  599000| 25   0  75   0   0   0
4246B  557000| 25   0  75   0   0   0
6688B  529000| 25   0  75   0   0   0
3914B  550000| 25   0  75   0   0   0
5812B  812000| 25   0  75   0   0   0
5342B  675000| 25   0  74   1   0   0
6566B  801000| 25   0  75   0   0   0
5208B  667000| 24   1  75   0   0   0
  10000  692000|  1   1  98   0   0   0
3820B  491000|  0   0 100   0   0   0
5642B  735000|  0   0 100   0   0   0
5634B  706000|  0   0  99   1   0   0
5568B  803000|  0   0 100   0   0   0
6676B  712000|  0   0 100   0   0   0
5748B  522000|  0   0 100   0   0   0
4164B  562000|  0   0 100   0   0   0
5508B  716000|  0   0 100   0   0   0
5526B  752000|  0   0  99   1   0   0
6775B  755000|  0   0 100   0   0   0
6492B  713000|  0   0 100   0   0   0
6384B  577000|  0   0 100   0   0   0
 894B  966B|  0   0 100   0   0   0
 516B    0|  0   0 100   0   0   0
