   0     0|  2   1  94   3   0   0
 571B  400B| 22  20  58   0   0   0
  13000   16000|  6   6  87   0   0   0
  30000   22000|  8   5  87   0   0   1
  18000   27000|  5   5  89   0   0   0
  11000   14000|  6   5  89   0   0   0
5296B   16000|  7   6  86   1   0   0
7312B  194000|  6   5  89   0   0   0
  16000 1290000|  7   6  87   0   0   0
  26000 1290000|  6   6  88   0   0   0
  27000 2179000|  6   4  89   0   0   1
  28000 1955000|  5   5  90   0   0   0
  14000 1413000|  6   5  88   1   0   0
7391B 1001000| 10  11  79   0   0   0
  16000 1442000| 10   9  80   0   0   0
  49000 4769000|  9   8  82   0   0   1
 210000   17000000| 12   7  79   0   0   2
 393000   23000000| 12   8  77   0   0   3
 390000   24000000| 11  11  76   1   0   1
 283000   23000000| 12   9  77   0   0   2
 225000   21000000| 11   8  81   0   0   1
 190000   21000000| 11   8  80   0   0   1
 178000   20000000| 12   8  79   0   0   1
 148000   20000000| 11   8  80   0   0   1
 149000   19000000| 11   9  79   1   0   1
 137000   18000000| 10   7  82   0   0   1
 139000   18000000| 11   7  81   0   0   1
 140000   18000000| 10   9  80   0   0   1
 141000   17000000| 12   7  80   0   0   1
 130000   16000000| 12   7  81   0   0   0
 130000   17000000| 11   7  81   1   0   1
 137000   18000000| 12   7  81   0   0   1
 110000   20000000| 11   7  81   0   0   1
 157000   20000000| 10   8  82   0   0   1
 144000   20000000| 12   8  79   0   0   1
 145000   21000000| 10  10  79   0   0   1
 160000   20000000|  9  10  80   1   0   1
 135000   20000000| 11   9  80   0   0   1
 117000   21000000| 12   9  78   0   0   1
 149000   22000000| 11   8  80   0   0   2
 146000   22000000| 11   7  81   0   0   1
 156000   22000000| 11   7  81   0   0   1
 181000   18000000| 11   8  80   1   0   1
 117000   16000000| 12   9  79   0   0   0
 117000   17000000| 13   8  78   0   0   1
 108000   17000000| 12   9  79   0   0   0
 128000   15000000| 12   7  80   0   0   1
 100000   15000000| 11   8  80   0   0   1
 120000   17000000| 12   7  80   1   0   0
 125000   17000000| 11   9  80   0   0   1
 124000   17000000| 12  10  78   0   0   1
 130000   16000000| 10   7  82   0   0   1
  99000   17000000| 11   6  82   0   0   1
 137000   18000000| 11  10  79   0   0   1
 116000   17000000| 11  10  78   1   0   1
 130000   17000000| 11   8  80   0   0   1
 128000   14000000| 11   8  80   0   0   1
  95000   14000000| 11   7  81   0   0   1
 112000   14000000| 12   6  81   0   0   1
  95000   14000000| 12   7  80   0   0   1
 101000   14000000| 11   7  81   1   0   1
  99000   14000000| 11   7  81   0   0   1
 109000   14000000| 11   8  80   0   0   1
 100000   14000000| 10   8  82   0   0   1
 121000   14000000| 10   7  82   0   0   0
  96000   15000000| 12   8  80   0   0   1
 113000   16000000| 11   9  78   1   0   1
 117000   19000000| 11   9  79   0   0   1
 134000   22000000| 11   9  79   0   0   1
 154000   24000000| 11   8  80   0   0   1
 164000   24000000| 11   9  79   0   0   1
 154000   21000000| 12   8  79   0   0   1
 149000   22000000| 10   9  79   1   0   1
 137000   22000000| 10   9  80   0   0   1
 158000   24000000| 12   8  79   0   0   1
 150000   23000000| 12   9  78   0   0   1
 162000   22000000| 12   8  79   0   0   1
 148000   20000000| 13   7  80   0   0   1
 148000   21000000| 11   8  79   1   0   1
 129000   20000000| 11   8  79   0   0   2
 160000   19000000|  9   9  81   0   0   1
 133000   17000000| 11   8  80   0   0   1
 119000   19000000| 11   9  80   0   0   1
 135000   18000000| 10   9  80   0   0   1
 125000   19000000| 12   7  79   1   0   1
 140000   18000000| 12   8  79   0   0   1
 138000   17000000| 11   8  81   0   0   1
 105000   17000000| 10   9  81   0   0   1
 132000   17000000|  9   9  81   0   0   1
 119000   16000000|  9   8  82   0   0   1
 116000   15000000| 10   9  79   1   0   1
 110000   15000000| 12   9  79   0   0   1
 127000   15000000|  9   8  81   0   0   1
 108000   14000000| 11   7  82   0   0   1
  92000   14000000| 11   9  79   0   0   1
 121000   13000000| 11   8  79   0   0   1
  99000   11000000|  9   8  81   1   0   1
  85000   11000000| 11   7  82   0   0   1
  77000   11000000| 10   8  80   0   0   1
  81000   11000000| 11   7  82   0   0   0
  93000   11000000| 11   7  81   0   0   1
  83000   12000000| 12   8  80   0   0   1
  94000   12000000| 12   7  79   1   0   1
  93000   12000000| 12   8  79   0   0   1
  86000   14000000|  9   8  82   0   0   0
 104000   15000000| 12   8  80   0   0   0
 104000   16000000| 10   9  80   0   0   1
 114000   19000000| 11  10  79   0   0   1
 143000   18000000| 11   8  79   1   0   1
 136000   19000000| 12   8  79   0   0   0
 114000   20000000| 10   8  80   0   0   1
 135000   21000000| 11   8  81   0   0   1
 156000   21000000| 13   7  80   0   0   1
 134000   21000000| 10   8  81   0   0   1
 139000   20000000| 11   9  79   1   0   1
 140000   19000000| 11   7  81   0   0   1
 124000   17000000| 11  10  78   0   0   1
 121000   16000000| 12   6  81   0   0   1
 110000   17000000| 13   8  78   0   0   1
 107000   17000000| 12   8  80   0   0   1
 119000   18000000| 11   9  78   1   0   1
 119000   18000000| 11   9  80   0   0   1
 119000   18000000| 12   8  79   0   0   1
 136000   17000000| 10   8  81   0   0   1
 119000   18000000| 11   9  80   0   0   1
 119000   19000000| 11   8  81   0   0   1
 145000   19000000| 11   9  78   1   0   1
 125000   18000000| 12   7  81   0   0   1
 126000   19000000| 11   9  80   0   0   1
 142000   19000000| 10   8  81   0   0   1
 128000   19000000| 11  11  72   5   0   1
 128000   17000000| 11   7  81   0   0   1
 137000   19000000| 11  12  76   1   0   1
 129000   17000000| 10   9  80   0   0   1
 133000   18000000| 11   8  80   0   0   1
 123000   15000000| 10   8  81   0   0   1
 112000   15000000| 10  10  80   0   0   1
 104000   15000000| 11   8  80   0   0   1
 109000   15000000| 11  11  76   2   0   1
  99000   14000000| 12   8  80   0   0   1
 104000   13000000| 12   8  79   0   0   1
  95000   13000000| 11   9  79   0   0   1
  94000   14000000| 11  12  77   0   0   1
 108000   14000000| 10   8  81   0   0   1
 101000   15000000| 11   9  79   1   0   0
 101000   16000000| 12   8  80   0   0   1
 117000   17000000| 11   9  80   0   0   0
 110000   17000000| 10  10  79   0   0   1
 114000   18000000| 10   7  81   0   0   2
 140000   17000000| 10   9  80   0   0   1
 116000   17000000| 10   9  79   1   0   1
 111000   19000000| 10   9  80   0   0   1
 139000   21000000| 11  10  79   0   0   1
 125000   23000000| 11   9  79   0   0   1
 168000   23000000| 12  17  69   1   0   1
 152000   22000000| 11   9  79   0   0   1
 149000   19000000| 13   8  78   1   0   1
 142000   19000000| 11   9  79   0   0   1
 121000   18000000| 11   7  80   0   0   1
 124000   18000000| 13   8  78   0   0   1
 129000   17000000| 11   8  80   0   0   0
 110000   16000000| 10   9  80   0   0   1
 111000   16000000| 11  18  70   1   0   1
 111000   16000000| 12   9  78   0   0   1
 102000   16000000| 10  10  79   0   0   1
 104000   15000000| 11   7  82   0   0   1
 115000   15000000| 11   9  80   0   0   0
 102000   16000000| 11   9  79   0   0   1
 110000   15000000| 10   8  81   1   0   1
 119000   16000000| 10   8  81   0   0   1
 104000   17000000| 11   9  80   0   0   1
 121000   17000000| 11  10  78   0   0   1
 127000   17000000|  9   9  81   0   0   1
 117000   19000000| 10  10  79   0   0   1
 123000   19000000| 11   9  78   1   0   1
 144000   18000000| 11   8  80   0   0   1
 109000   19000000| 12   9  79   0   0   1
 139000   20000000| 11   8  80   0   0   1
 137000   21000000| 11   8  80   0   0   1
 151000   17000000| 11  12  76   0   0   1
 130000   18000000| 11   7  81   1   0   1
 125000   18000000| 12   9  78   0   0   1
 122000   18000000| 11   8  80   0   0   1
 127000   17000000| 12   8  80   0   0   1
 115000   16000000| 11   8  80   0   0   1
 104000   15000000| 12   7  80   0   0   1
 116000   14000000| 10   8  80   1   0   1
  97000   14000000| 10   7  82   0   0   1
  92000   14000000| 10   9  80   0   0   0
 105000   14000000| 11  10  79   0   0   1
  94000   15000000| 12   7  80   0   0   0
 100000   15000000| 10  10  78   0   0   1
 101000   14000000|  9   7  82   1   0   1
 100000   15000000| 10   8  81   0   0   1
 107000   16000000| 12   8  80   0   0   1
 116000   16000000| 11   7  81   0   0   1
 112000   18000000| 11   8  80   0   0   1
 123000   20000000| 12   7  79   0   0   1
 141000   21000000| 10   8  80   1   0   1
 149000   23000000| 12  11  76   0   0   1
 162000   20000000| 11   8  79   0   0   1
 139000   17000000| 12   8  80   0   0   1
 114000   17000000| 12   8  80   0   0   0
 118000   18000000| 12   7  80   0   0   1
 128000   17000000| 11   9  78   1   0   1
 123000   18000000| 10   9  81   0   0   1
 115000   17000000| 11   8  80   0   0   1
 136000   17000000| 10   8  82   0   0   1
 124000   17000000| 11   9  80   0   0   1
 113000   17000000| 11   8  81   0   0   0
 123000   17000000| 12   8  79   1   0   1
 122000   18000000| 13  11  76   0   0   1
 126000   16000000| 12   8  79   0   0   1
 131000   19000000| 13   8  79   0   0   1
 127000   17000000| 10  11  78   0   0   1
 134000   18000000| 11   9  80   0   0   1
 118000   18000000| 11   7  80   1   0   1
 142000   18000000| 11   7  81   0   0   1
 127000   16000000| 10   9  80   0   0   1
 133000   16000000| 11   7  81   0   0   1
 126000   15000000| 12   8  79   0   0   1
 114000   14000000| 12   8  79   0   0   1
 104000   13000000| 10   9  79   1   0   1
  98000   13000000| 13   9  78   0   0   1
  97000   13000000| 10   9  81   0   0   0
  79000   13000000| 11   8  80   0   0   1
  99000   13000000| 13   8  78   0   0   1
 102000   13000000| 11   8  80   0   0   0
  93000   13000000| 11   7  80   1   0   0
  90000   13000000| 13   8  79   0   0   1
 104000   14000000| 11   8  80   0   0   1
  90000   15000000| 10   9  80   0   0   1
 114000   17000000| 11   8  80   0   0   1
 113000   16000000| 11   9  79   0   0   1
 128000   18000000| 12   9  78   1   0   1
 120000   18000000| 12   7  81   0   0   1
 132000   18000000| 11   9  79   0   0   1
 115000   18000000| 11   8  80   0   0   1
 130000   18000000| 10   9  80   0   0   1
 129000   18000000| 12   8  79   0   0   1
 123000   16000000| 12   8  79   1   0   1
 105000   14000000| 11   9  80   0   0   1
 104000   14000000| 11   8  80   0   0   1
 116000   14000000| 11   7  81   0   0   1
  95000   13000000| 10   9  81   0   0   0
 101000   13000000| 10  11  79   0   0   0
  83000   12000000| 12   7  79   1   0   1
  98000   13000000| 12   9  79   0   0   1
  88000   11000000| 11   8  81   0   0   1
  86000   11000000| 12   8  80   0   0   0
  88000   11000000| 10   8  81   0   0   1
  82000   12000000| 11  10  78   0   0   1
  93000   12000000| 11   7  81   1   0   1
  83000   13000000| 11   9  80   0   0   1
 101000   13000000| 11   7  81   0   0   1
  93000   12000000| 11   7  82   0   0   0
  89000   13000000| 10   9  80   0   0   1
  99000   14000000| 10  10  79   0   0   1
 118000   15000000| 11   8  79   1   0   1
 106000   16000000| 10  10  79   0   0   1
 115000   15000000| 11   7  81   0   0   1
 107000   16000000| 12   7  80   0   0   1
 121000   14000000| 12   9  78   0   0   1
  95000   15000000| 13   7  80   0   0   0
 122000   15000000| 11   8  80   1   0   1
 102000   14000000| 11   9  79   0   0   1
 106000   13000000| 10   9  80   0   0   0
  91000   13000000| 10   8  81   0   0   1
  96000   12000000| 10   8  82   0   0   1
  80000   13000000|  9   8  82   0   0   0
 101000   14000000| 12   7  79   1   0   1
 105000   16000000| 13   7  79   0   0   1
 100000   16000000| 12   9  79   0   0   1
 129000   17000000| 11   8  80   0   0   1
 104000   17000000| 10   8  81   0   0   1
 128000   18000000| 11  12  76   0   0   1
 113000   18000000| 14  10  75   1   0   1
 127000   18000000| 11   9  79   0   0   1
 122000   19000000| 11   9  79   0   0   1
 143000   20000000| 11   9  80   0   0   1
 127000   22000000| 11   8  80   0   0   1
 173000   19000000| 11   8  80   0   0   1
 127000   15000000| 11   7  81   1   0   1
  92000   16000000| 12   7  81   0   0   0
 123000   16000000| 11   8  81   0   0   0
 101000   16000000| 10   9  81   0   0   1
 114000   17000000| 11   7  81   0   0   1
 110000   18000000| 11  15  73   0   0   1
 110000   18000000| 10   9  79   1   0   1
 123000   18000000| 10   9  81   0   0   1
 110000   15000000| 11   9  80   0   0   1
 117000   13000000| 10   9  80   0   0   1
  96000   13000000| 10   8  81   0   0   1
  92000   13000000| 10   8  82   0   0   1
  98000   14000000| 11   8  78   1   0   1
  96000   13000000| 11   7  82   0   0   1
  92000   12000000| 11   8  81   0   0   1
  91000   12000000| 11   7  82   0   0   1
  87000   12000000| 13   8  78   0   0   1
  87000   13000000| 10   7  82   0   0   1
  96000   14000000| 11   8  78   1   0   1
 100000   16000000| 11  11  76   0   0   1
 109000   15000000| 10   8  81   0   0   1
 122000   13000000| 10   8  81   0   0   1
  93000   13000000|  9   8  81   0   0   1
  94000   13000000| 10   9  80   0   0   1
  98000   13000000| 11   9  79   1   0   1
  88000   13000000| 11   9  80   0   0   0
  97000   12000000| 13   9  78   0   0   1
  89000   11000000| 12  10  78   0   0   1
  82000   12000000| 11   7  81   0   0   1
  87000   13000000| 11   9  79   0   0   1
  95000   13000000| 13   9  76   0   0   1
  86000   14000000| 12   7  80   0   0   1
 102000   14000000| 11   8  80   0   0   1
  98000   14000000| 12   7  81   0   0   0
  93000   16000000| 12   9  78   0   0   1
 120000   15000000| 12  10  77   0   0   1
 108000   16000000| 12   7  79   2   0   0
 105000   17000000| 11  10  79   0   0   1
 117000   14000000| 10  11  78   0   0   1
  98000   14000000| 10   9  81   0   0   1
  88000   15000000| 12  11  78   0   0   0
 101000   16000000| 10  10  79   0   0   1
 124000   17000000| 10   8  81   1   0   1
 111000   17000000| 11   8  79   0   0   1
 110000   15000000|  9   8  81   0   0   1
 112000   17000000| 12   8  79   0   0   1
 109000   18000000| 10  10  80   0   0   1
 118000   18000000| 11   7  81   0   0   1
 126000   18000000| 11   9  78   1   0   1
 119000   18000000| 10  12  77   0   0   1
 130000   20000000| 12   8  80   0   0   1
 148000   18000000| 12  11  77   0   0   1
 127000   19000000| 11   8  80   0   0   1
 127000   19000000| 11  11  78   0   0   1
 162000   21000000| 10   7  80   1   0   1
 123000   16000000| 11   8  81   0   0   1
 108000   14000000| 10   9  80   0   0   1
 104000   13000000| 10   8  82   0   0   1
  94000   13000000| 11   8  80   0   0   1
 101000   12000000| 11  12  76   0   0   1
  92000   11000000| 10   9  81   1   0   1
  83000   12000000| 11   7  81   0   0   1
  84000   12000000| 11   9  80   0   0   1
  96000   13000000| 11   8  80   0   0   1
  92000   14000000| 11   9  80   0   0   1
  93000   15000000| 11   8  80   0   0   1
 118000   15000000| 11  10  77   1   0   1
 108000   15000000| 11   8  80   0   0   1
 107000   12000000|  9   8  82   0   0   1
  86000   13000000| 11   8  80   0   0   0
  94000   14000000| 10   7  82   0   0   1
  99000   14000000| 11   7  82   0   0   1
 103000   15000000| 12  12  75   1   0   1
 103000   16000000| 10   8  81   0   0   2
 104000   15000000| 13   7  80   0   0   0
 109000   16000000| 12   8  79   0   0   1
 109000   18000000| 11   9  78   0   0   1
 138000   19000000| 10   9  80   0   0   1
 126000   18000000| 11   8  80   1   0   1
 116000   17000000| 10   8  81   0   0   1
 110000   16000000| 13   7  79   0   0   1
 105000   16000000| 13   9  77   0   0   0
 108000   15000000| 11  11  78   0   0   1
 108000   16000000| 11   8  80   0   0   1
 124000   17000000| 12   9  77   1   0   0
 108000   17000000| 11   9  80   0   0   1
 121000   16000000| 10   9  81   0   0   1
 104000   15000000| 10  10  79   0   0   1
 104000   16000000| 11   9  79   0   0   1
 111000   14000000| 11   8  81   0   0   0
  99000   15000000| 12  13  73   1   0   1
  99000   15000000| 10  11  78   0   0   1
 118000   14000000| 11   9  79   0   0   1
 107000   14000000| 11   8  80   0   0   1
 103000   13000000| 12   7  81   0   0   1
  97000   12000000| 12   8  80   0   0   0
  85000   13000000| 11   9  78   1   0   1
  90000   14000000| 11   7  81   0   0   0
 109000   14000000| 11   8  81   0   0   1
  98000   13000000| 11   8  80   0   0   1
  96000   13000000| 11   7  81   0   0   1
  99000   14000000| 10  13  76   0   0   1
 113000   14000000| 12  10  77   1   0   1
 106000   15000000|  9   9  81   0   0   1
 109000   16000000| 13   7  79   0   0   1
 122000   16000000| 14   7  79   0   0   1
 112000   15000000| 12   9  78   0   0   1
 109000   15000000| 11   6  82   0   0   1
 114000   15000000| 11   8  79   1   0   1
 117000   16000000| 12   7  80   0   0   1
 102000   15000000|  7   8  83   0   0   1
 109000   16000000| 11  10  78   0   0   0
 118000   17000000| 11   9  79   0   0   1
 122000   18000000| 10   8  81   0   0   1
 120000   16000000| 10   8  81   1   0   1
 122000   16000000| 11   8  81   0   0   1
 119000   17000000| 12   9  79   0   0   1
 117000   18000000| 14   8  78   0   0   1
 123000   19000000| 12   8  80   0   0   1
 145000   18000000| 11   9  80   0   0   1
 113000   19000000| 12   8  78   1   0   1
 120000   20000000| 11  10  78   0   0   1
 137000   18000000| 10   9  80   0   0   1
 131000   18000000| 10   8  80   0   0   2
 126000   19000000| 12   9  79   0   0   1
 133000   18000000| 10   6  83   0   0   1
 116000   17000000| 10   9  81   1   0   1
 122000   17000000| 13   7  79   0   0   1
 123000   16000000| 11   9  81   0   0   0
 118000   17000000| 11   9  79   0   0   1
 115000   16000000| 10   8  81   0   0   0
 110000   18000000| 12   9  78   0   0   1
 134000   16000000| 10   9  80   1   0   1
 118000   16000000| 11   8  80   0   0   1
 107000   16000000| 10  11  78   0   0   1
 123000   15000000| 13   8  78   0   0   1
 117000   16000000| 11   7  81   0   0   1
 109000   16000000| 13   7  80   0   0   1
 121000   15000000| 12   7  78   1   0   1
 110000   16000000| 11   8  80   0   0   1
 108000   16000000| 12   8  81   0   0   0
 122000   16000000| 11  11  76   0   0   2
 120000   17000000| 10   8  81   0   0   1
  99000   15000000| 11  10  78   0   0   1
 126000   16000000| 12   7  79   1   0   1
 103000   15000000| 12   8  79   0   0   1
 111000   15000000| 11   8  81   0   0   1
 110000   14000000| 10   8  81   0   0   0
  96000   14000000| 12   7  80   0   0   1
  93000   12000000| 11   8  80   0   0   0
  92000   12000000| 11   7  79   1   0   1
  78000   12000000| 11   7  81   0   0   1
  93000   13000000| 12   7  80   0   0   0
  89000   13000000| 12  10  77   0   0   1
  92000   13000000| 12   7  80   0   0   1
  88000   13000000| 10   9  81   0   0   1
 100000   14000000| 11   8  80   1   0   0
  95000   15000000| 12   8  80   0   0   1
 108000   14000000| 12   8  80   0   0   1
 106000   15000000|  8   9  82   0   0   1
  98000   14000000| 11   9  80   0   0   1
  92000   13000000| 11   7  82   0   0   1
  99000   12000000| 10  10  79   1   0   0
  79000   12000000| 12  10  77   0   0   1
  88000   12000000| 10  10  79   0   0   1
  96000   13000000| 10   9  80   0   0   1
  86000   12000000| 11   8  80   0   0   1
  87000   12000000| 12   9  79   0   0   1
  88000   12000000| 10   9  79   1   0   1
  83000   12000000|  9   8  82   0   0   1
  80000   11000000| 12   8  80   0   0   0
  90000   12000000| 11   7  81   0   0   1
  81000   13000000|  9   9  81   0   0   1
  95000   14000000| 11  11  77   0   0   1
 108000   14000000| 12   9  78   1   0   0
  89000   14000000| 12   7  80   0   0   1
  91000   15000000| 10   8  81   0   0   1
 118000   14000000| 13   6  81   0   0   1
  86000   12000000|  9   8  82   0   0   1
  86000   12000000| 10   8  82   0   0   0
  86000   12000000| 11   9  79   1   0   1
  86000   14000000| 11   7  81   0   0   1
  88000   14000000| 10   7  82   0   0   1
 109000   16000000| 11   7  81   0   0   1
 107000   17000000| 11  12  76   0   0   1
 129000   17000000| 10  10  79   0   0   1
 126000   16000000| 12   8  79   1   0   1
 110000   16000000| 10   7  82   0   0   1
 110000   16000000| 12   6  81   0   0   1
 114000   15000000| 11   7  80   0   0   1
  99000   15000000| 12   8  79   0   0   1
 121000   14000000| 13   6  81   0   0   1
 109000   13000000| 10   8  81   1   0   1
  92000   13000000| 11   8  81   0   0   1
  96000   14000000|  9   8  82   0   0   1
 112000   13000000| 11   7  81   0   0   1
  91000   11000000| 11  12  77   0   0   1
  83000   10000000|  9   9  81   0   0   1
  79000   11000000| 10   8  81   1   0   0
  84000   12000000| 12   7  80   0   0   1
  85000   12000000| 11   9  80   0   0   1
  92000   11000000| 12   8  79   0   0   1
  88000   11000000| 11   7  82   0   0   0
  85000   10000000| 11   7  81   0   0   1
  83000   11000000|  9   8  81   1   0   1
  81000   12000000| 11   9  80   0   0   1
  96000   13000000| 11   8  80   0   0   1
 107000   13000000| 11   8  81   0   0   0
  87000   14000000| 12   8  80   0   0   0
 103000   14000000|  9   8  82   0   0   1
  99000   13000000|  9   9  80   1   0   0
  89000   14000000| 11   9  80   0   0   1
  99000   13000000| 32  10  57   0   0   1
 102000   14000000| 39   7  52   0   0   2
  90000   13000000| 37  11  51   0   0   1
  93000   14000000| 38   9  52   0   0   1
 101000   13000000| 38  11  49   1   0   1
  87000   12000000| 39   9  51   0   0   1
  88000   12000000| 38  11  50   0   0   1
  91000   13000000| 38   9  52   0   0   1
  92000   14000000| 39   8  51   0   0   2
 110000   14000000| 38   9  52   0   0   1
 100000   14000000| 38  12  49   1   0   1
 101000   15000000| 38   9  51   0   0   2
 101000   14000000| 40   8  51   0   0   2
 102000   13000000| 38  11  50   0   0   1
  96000   14000000| 39   9  51   0   0   1
 114000   13000000| 38  10  51   0   0   1
  95000   14000000| 37  10  51   1   0   2
  97000   15000000| 39  11  50   0   0   1
 122000   17000000| 38  12  49   0   0   1
 106000   16000000| 38   9  51   0   0   1
 121000   14000000| 40   8  51   0   0   1
 101000   15000000| 37  12  49   0   0   2
 104000   15000000| 39   9  50   2   0   1
 105000   14000000| 40   8  51   0   0   1
 119000   16000000| 38  10  50   0   0   2
 113000   16000000| 39  10  49   0   0   1
 114000   16000000| 38   9  51   0   0   2
 109000   16000000| 38  11  51   0   0   1
 128000   18000000| 38  12  49   0   0   2
 118000   18000000| 38  14  47   0   0   2
 156000   19000000| 38  11  49   0   0   2
 116000   17000000| 38  14  46   0   0   2
 133000   17000000| 38  15  45   0   0   2
 119000   17000000| 38   9  51   1   0   1
 112000   13000000| 37  12  50   0   0   2
  83000   12000000| 38  11  51   0   0   1
  91000   13000000| 37  10  52   0   0   1
  83000   13000000| 39  11  49   0   0   1
 102000   13000000| 38   9  52   0   0   1
  91000   14000000| 38   9  51   1   0   1
 102000   15000000| 37  12  51   0   0   1
 127000   16000000| 38   9  51   0   0   2
 102000   16000000| 38  10  51   0   0   1
 106000   14000000| 38  10  51   0   0   1
 103000   13000000| 39   8  52   0   0   1
  85000   13000000| 38  10  50   1   0   2
  97000   12000000| 38  10  52   0   0   1
  77000   11000000| 39  11  50   0   0   1
  83000   11000000| 39   9  50   0   0   2
  80000   11000000| 39   8  53   0   0   1
  75000   12000000| 37  11  51   0   0   1
  83000   13000000| 40   9  50   1   0   1
 101000   16000000| 59   8  32   0   0   1
  98000   16000000| 57  16  25   0   0   2
 118000   17000000| 62  19  17   0   0   2
 127000   17000000| 68  15  15   0   0   2
 107000   18000000| 64  14  20   0   0   3
 133000   19000000| 65  18  16   0   0   1
 119000   17000000| 71  11  17   0   0   1
 121000   18000000| 64  13  22   0   0   2
 122000   20000000| 67  14  17   0   0   3
 134000   19000000| 63  14  22   0   0   2
 124000   17000000| 80  13   5   0   0   2
 107000   17000000| 70  13  14   1   0   2
 118000   15000000| 68  13  18   0   0   1
 118000   16000000| 69  13  16   0   0   3
 104000   16000000| 68  13  18   0   0   2
 116000   16000000| 68  13  17   0   0   2
 102000   15000000| 66  13  19   0   0   2
 103000   14000000| 67  12  18   1   0   2
 101000   14000000| 67  12  20   0   0   2
  98000   13000000| 66  13  18   0   0   3
  93000   12000000| 65  12  21   0   0   2
  86000   12000000| 66  13  18   2   0   2
  86000   13000000| 69  15  16   0   0   1
  97000   14000000| 65  14  19   1   0   2
 100000   14000000| 63  12  24   0   0   1
  94000   15000000| 63   9  26   0   0   2
 120000   18000000| 71  11  16   0   0   2
   0     0| 79  12   6   0   0   3
   0     0| 77  14   6   0   0   3
   0     0| 81  11   6   0   0   2
   0     0| 79  12   6   0   0   2
   0     0| 78  13   6   0   0   3
   0     0| 81  11   6   0   0   2
   0     0| 79  13   6   0   0   3
   0     0| 80  11   6   0   0   3
   0     0| 81  11   6   0   0   2
   0     0| 80  12   6   0   0   3
   0     0| 80  12   7   0   0   2
1371000  188000000| 67  15  16   0   0   2
 121000   13000000| 68  13  17   0   0   2
 106000   13000000| 66  13  20   0   0   1
  95000   14000000| 68  13  17   1   0   1
 113000   16000000| 68  13  18   0   0   2
 102000   15000000| 65  14  19   0   0   2
 120000   15000000| 64  12  22   0   0   2
 102000   13000000| 63  11  25   0   0   1
 101000   14000000| 60  12  26   0   0   2
 144000   16000000| 64  10  24   0   0   2
 135000   16000000| 79   9  10   0   0   2
 109000   15000000| 74  11  13   0   0   1
 104000   16000000| 62  11  26   0   0   1
 105000   13000000| 64   9  25   0   0   1
  95000   14000000| 62   9  28   0   0   2
 105000   13000000| 53  13  33   1   0   1
  99000   14000000| 35   9  55   0   0   1
 103000   14000000| 38   8  54   0   0   1
  94000   17000000| 37   8  54   0   0   1
 125000   17000000| 59  12  27   0   0   2
 128000   18000000| 67  13  17   0   0   3
 157000   20000000| 66  13  20   0   0   2
 124000   17000000| 63  12  23   0   0   2
 129000   20000000| 61  12  25   0   0   2
 153000   17000000| 34  10  55   0   0   1
 140000   19000000| 36   8  54   0   0   2
 135000   16000000| 35   9  54   0   0   2
 114000   15000000| 55  11  31   1   0   2
  97000   16000000| 66  14  18   0   0   2
 109000   14000000| 67  13  18   0   0   2
  99000   13000000| 67  12  19   0   0   2
  97000   14000000| 65  15  18   0   0   2
 114000   15000000| 67  14  17   0   0   2
  94000   13000000| 67  12  18   1   0   2
 112000   13000000| 68  12  19   0   0   2
 108000   14000000| 67  14  16   0   0   3
 123000   12000000| 66  12  20   0   0   1
 102000   11000000| 65  15  18   0   0   2
  95000   10000000| 64  13  21   0   0   2
  99000   10000000| 69  10  20   0   0   1
  77000   10000000| 68  13  19   0   0   1
  77000 9737000| 67  11  20   0   0   2
  90000   11000000| 65  15  18   0   0   2
 115000   13000000| 64  12  21   0   0   2
 134000   14000000| 67  13  18   0   0   2
 110000   14000000| 68  12  19   0   0   2
 107000   17000000| 79  12   6   0   0   3
 118000   17000000| 68  13  17   0   0   2
 118000   17000000| 67  11  21   0   0   1
 113000   17000000| 66  12  20   0   0   2
 106000   14000000| 65  10  22   0   0   3
 107000   14000000| 66  12  20   1   0   2
 116000   13000000| 65  12  22   0   0   2
  91000   13000000| 65  11  23   0   0   1
 100000   14000000| 63  11  26   0   0   1
  94000   15000000| 62   9  28   0   0   1
 131000   16000000| 59  11  30   0   0   1
 125000   17000000| 67  12  19   0   0   2
 142000   17000000| 80  12   6   0   0   2
 135000   21000000| 79  12   6   0   0   3
 164000   22000000| 81  11   6   0   0   2
 157000   20000000| 78  12   7   0   0   3
 142000   19000000| 78  10   9   0   0   2
 149000   21000000| 76  14   6   0   0   4
 168000   17000000| 80  10   8   0   0   2
  97000   15000000| 73  10  15   0   0   1
 116000   17000000| 68  11  19   0   0   3
 127000   16000000| 66  10  22   0   0   2
 129000   19000000| 67  10  20   1   0   2
 140000   18000000| 66  12  20   0   0   2
 124000   16000000| 64  11  22   0   0   3
 120000   15000000| 46   9  44   0   0   1
 127000   15000000| 34   8  56   0   0   2
 116000   15000000| 36  10  53   0   0   2
  91000   10000000| 36   8  55   2   0   0
  66000 9737000| 36   6  56   0   0   1
  97000   10000000| 34   7  58   0   0   1
 113000   11000000| 33   8  58   0   0   1
  98000   11000000| 35   6  59   0   0   1
 118000   11000000| 23   7  70   0   0   1
 108000   12000000|  8   7  83   1   0   1
 128000   12000000| 16   8  76   0   0   1
 107000   13000000| 34  10  55   0   0   2
 135000   15000000| 34   8  56   0   0   2
 133000   14000000| 34   9  56   0   0   1
 112000   14000000| 34   9  55   1   0   1
  90000   13000000| 35   8  56   0   0   1
  89000   15000000| 34   9  56   0   0   1
  92000   14000000| 35  10  53   0   0   2
 106000   15000000| 35   8  55   0   0   2
 122000   16000000| 35   8  56   0   0   1
 110000   17000000| 35   8  54   1   0   2
 144000   16000000| 47  11  41   0   0   1
 106000   15000000| 65  13  20   0   0   2
 108000   16000000| 66  12  21   0   0   1
 132000   17000000| 63  14  20   0   0   2
 151000   15000000| 65  13  20   0   0   2
 115000   15000000| 66  11  20   1   0   2
  93000   14000000| 66  12  22   0   0   1
 110000   14000000| 66  14  19   0   0   2
  96000   14000000| 64  12  23   0   0   2
 101000   14000000| 65  12  20   0   0   2
 117000   15000000| 64  13  22   0   0   2
 108000   16000000| 66  11  20   1   0   2
 117000   18000000| 64  12  21   0   0   2
 139000   19000000| 65  13  20   0   0   2
 123000   17000000| 65  14  19   0   0   2
 118000   16000000| 65  12  20   0   0   2
 122000   15000000| 64  14  20   0   0   2
 105000   15000000| 64  13  21   0   0   2
 105000   13000000| 66  12  21   0   0   2
 100000   14000000| 63  15  20   0   0   2
  96000   16000000| 65  13  20   0   0   2
 100000   16000000| 65  13  21   0   0   1
 116000   17000000| 64  13  21   0   0   2
 118000   20000000| 64  11  24   0   0   2
 130000   22000000| 62  11  25   0   0   2
 164000   25000000| 57  12  29   0   0   1
 180000   26000000| 33  10  56   0   0   2
 164000   25000000| 35   8  55   0   0   2
 171000   22000000| 52  10  36   0   0   2
 161000   22000000| 62  15  21   0   0   2
 122000   18000000| 62  11  25   0   0   3
 139000   19000000| 62  13  22   0   0   3
 118000   18000000| 63  14  22   0   0   2
 113000   18000000| 62  11  26   0   0   2
 122000   15000000| 60   9  30   0   0   1
 108000   16000000| 60  10  28   1   0   1
 101000   16000000| 61  10  28   0   0   1
 124000   16000000| 59   8  31   0   0   1
 117000   16000000| 60  10  29   0   0   1
 117000   15000000| 48  10  40   0   0   2
 139000   15000000| 35   9  55   0   0   1
 116000   14000000| 33   9  55   1   0   2
 107000   15000000| 34   8  55   0   0   2
 110000   13000000| 35   7  57   0   0   1
 102000   14000000| 59  13  27   0   0   2
  96000   14000000| 63  13  22   0   0   2
 112000   15000000| 65  13  21   0   0   2
 104000   16000000| 62  14  21   0   0   2
 105000   16000000| 63  12  23   0   0   2
 125000   18000000| 64  13  21   0   0   2
 117000   19000000| 65  13  21   0   0   2
 128000   18000000| 65  11  21   0   0   2
 132000   17000000| 63  13  21   0   0   2
 109000   17000000| 79  11   8   0   0   2
 109000   16000000| 79  12   7   0   0   2
 111000   16000000| 78  13   7   0   0   2
  98000   16000000| 80  12   7   0   0   2
 115000   17000000| 79  12   6   0   0   3
 123000   18000000| 79  12   6   0   0   2
 119000   19000000| 80  10   7   0   0   3
 134000   17000000| 79  11   8   0   0   2
 120000   17000000| 78  10  10   0   0   2
 109000   17000000| 78   9  10   0   0   3
 113000   17000000| 80   8  10   0   0   2
 123000   17000000| 79  11   8   0   0   2
 118000   17000000| 78  11  10   0   0   2
 148000   17000000| 76  12  11   0   0   2
 134000   17000000| 63  11  24   0   0   3
 104000   15000000| 60   9  29   0   0   2
 112000   14000000| 59  10  29   0   0   1
  87000   13000000| 60   9  30   0   0   1
  86000   13000000| 60   9  30   0   0   1
  99000   14000000| 60   8  31   0   0   1
  94000   14000000| 60  10  30   0   0   1
  94000   14000000| 38   8  52   0   0   1
 109000   16000000| 35   7  57   0   0   2
 111000   17000000| 34   9  56   0   0   1
 124000   18000000| 34   7  56   1   0   1
 128000   18000000| 33   8  58   0   0   1
 117000   17000000| 34   7  59   0   0   1
 114000   17000000| 33   9  56   0   0   1
 127000   17000000| 35   7  57   0   0   1
 118000   19000000| 31   8  60   0   0   2
 135000   19000000|  7   7  85   1   0   0
 150000   16000000|  7   5  86   0   0   1
 110000   15000000| 26   8  65   0   0   1
  88000   13000000| 33   9  57   0   0   1
  97000   13000000| 33   8  58   0   0   1
  84000   13000000| 32   7  58   2   0   1
  87000   13000000| 33   8  58   0   0   0
  90000   14000000| 35   8  56   0   0   2
  98000   15000000| 35   8  56   0   0   1
 122000   14000000| 35   9  56   0   0   1
 152000   16000000| 34   8  57   0   0   1
 110000   15000000| 35   8  55   1   0   2
 137000   18000000| 36   8  54   0   0   2
 167000   20000000| 35   9  55   0   0   2
 157000   23000000| 35   9  54   0   0   2
 158000   24000000| 36   9  54   0   0   2
 183000   23000000| 34   9  55   0   0   2
 159000   21000000| 36   7  55   1   0   1
 120000   18000000| 35   7  56   0   0   2
 136000   17000000| 35   8  56   0   0   1
 110000   16000000| 36   7  56   0   0   1
 112000   15000000| 35   7  57   0   0   1
 105000   16000000| 33   7  58   0   0   1
 106000   15000000| 35   8  55   1   0   1
 110000   15000000| 35   6  58   0   0   1
 118000   15000000| 35   9  56   0   0   0
 120000   16000000| 34   8  57   0   0   1
 123000   15000000| 35   7  57   0   0   1
 116000   15000000| 34   7  57   0   0   1
 124000   14000000| 34  10  54   1   0   2
 105000   15000000| 34   7  57   0   0   2
 106000   15000000| 34   8  57   0   0   1
  92000   16000000| 35   8  57   0   0   1
 121000   16000000| 35   7  57   0   0   1
 118000   16000000| 33   7  59   0   0   1
 124000   14000000| 34   6  58   1   0   1
 116000   15000000| 32   6  61   0   0   1
 119000   16000000| 18   7  74   0   0   1
 105000   17000000|  7   6  87   0   0   1
 115000   16000000|  6   8  86   0   0   0
 128000   17000000|  7   8  84   0   0   1
 110000   16000000|  7   6  85   2   0   0
 123000   15000000|  7   7  86   0   0   0
  99000   14000000|  8   7  85   0   0   1
 103000   15000000|  6   6  88   0   0   1
 109000   15000000|  7   7  85   0   0   0
 100000   15000000|  7   8  85   0   0   0
 116000   17000000|  7   7  85   0   0   1
 117000   18000000|  8   6  85   0   0   1
 148000   16000000|  7   7  85   0   0   1
 122000   16000000|  8   7  84   0   0   1
 125000   15000000|  7   6  86   0   0   1
 112000   14000000|  7   7  86   0   0   0
 100000   13000000|  7   7  84   1   0   1
  96000   13000000|  8   6  85   0   0   1
 108000   13000000|  6   6  87   0   0   0
  95000   14000000|  8   7  84   0   0   1
 114000   14000000|  8   7  84   0   0   1
 106000   13000000|  8   6  85   0   0   1
  94000   13000000|  6   6  86   1   0   1
  98000   13000000|  7   7  84   0   0   1
  91000   14000000|  7   7  85   0   0   1
 109000   13000000|  8   5  86   0   0   1
  92000   13000000|  8   7  84   0   0   1
 101000   12000000|  7   7  86   0   0   0
 103000   13000000|  8   8  83   1   0   0
  88000   13000000|  7   7  86   0   0   0
 105000   14000000|  9   5  85   0   0   1
  97000   13000000|  8   6  85   0   0   1
  95000   14000000|  9   6  85   0   0   1
 101000   14000000|  8   8  83   0   0   1
 105000   16000000|  9   6  83   1   0   1
 112000   15000000|  7   7  86   0   0   1
 126000   15000000|  7   7  85   0   0   1
  95000   14000000|  8   6  86   0   0   1
 109000   13000000|  8   5  86   0   0   1
  80000   14000000|  7   9  84   0   0   0
  97000   15000000|  8   5  85   1   0   1
 102000   15000000|  8   6  86   0   0   0
 110000   15000000|  9   7  84   0   0   0
 102000   15000000|  8   6  86   0   0   0
 112000   15000000|  8   7  85   0   0   1
 110000   16000000|  7   7  86   0   0   1
 106000   16000000| 10   5  84   1   0   1
 113000   18000000| 10   7  83   0   0   1
 126000   18000000|  8   5  86   0   0   1
 141000   20000000|  7   7  85   0   0   1
 119000   17000000|  8   6  85   0   0   0
 125000   17000000|  8   7  85   0   0   1
 119000   16000000|  8   6  85   1   0   0
 103000   16000000|  9   6  85   0   0   0
 122000   17000000|  7   7  85   0   0   1
 105000   16000000|  7   7  85   0   0   1
 117000   13000000|  7   6  86   0   0   1
  88000   12000000|  8   6  85   0   0   1
  98000   13000000|  8   6  84   1   0   0
  98000   13000000|  8   5  87   0   0   0
  82000   13000000|  8   7  84   0   0   1
  95000   11000000|  9   6  84   0   0   1
  80000   10000000|  8   7  85   0   0   0
  72000   10000000|  7   6  86   0   0   1
  79000   11000000|  8   7  83   1   0   1
  80000   11000000|  7   5  88   0   0   1
  87000   11000000|  7   6  86   0   0   1
  80000   11000000|  8   5  87   0   0   0
  92000   12000000|  9   5  86   0   0   1
 104000   12000000|  7   7  84   0   0   1
  88000   13000000|  8   6  84   1   0   1
  86000   13000000|  9   6  84   0   0   0
 104000   13000000|  8   5  87   0   0   1
  81000   12000000|  8   7  85   0   0   1
  89000   12000000|  9   7  84   0   0   0
  89000   11000000|  7   6  86   0   0   0
  76000   13000000|  6   6  86   1   0   1
  90000   12000000|  8   6  86   0   0   1
  96000   14000000|  8   7  84   0   0   1
  94000   13000000|  8   6  85   0   0   1
 107000   14000000|  9   7  83   0   0   1
  98000   14000000|  7   7  86   0   0   1
  91000   13000000|  7   6  86   1   0   1
  99000   13000000|  8   7  84   0   0   1
  89000   13000000|  8   7  85   0   0   0
  93000   14000000|  8   6  86   0   0   0
  97000   14000000|  7   6  86   0   0   1
 102000   16000000|  9   7  84   0   0   1
 102000   15000000|  7   7  84   1   0   1
 118000   16000000|  8   7  84   0   0   1
 106000   17000000|  7   7  85   0   0   1
 110000   16000000|  8   7  85   0   0   1
 125000   18000000|  9   7  84   0   0   1
 112000   16000000|  8   8  84   0   0   1
 113000   16000000|  8   8  82   1   0   1
 108000   17000000|  9   5  86   0   0   1
 120000   19000000|  8   7  83   0   0   1
 142000   18000000|  8   7  84   0   0   1
 121000   16000000|  7   7  85   0   0   1
 100000   15000000|  9   6  84   0   0   1
 116000   15000000|  8   7  83   1   0   1
 113000   15000000| 10   6  84   0   0   1
  89000   14000000|  7   7  85   0   0   0
 106000   15000000|  8   6  85   0   0   1
 106000   15000000|  6   7  86   0   0   0
 106000   16000000|  8   7  85   0   0   1
 109000   16000000|  7   6  85   1   0   1
 120000   16000000|  7   7  86   0   0   1
 116000   18000000|  8   8  84   0   0   1
 118000   18000000|  8   8  83   0   0   1
 131000   17000000|  8   7  85   0   0   1
 101000   17000000|  8   5  86   0   0   1
 116000   18000000|  8   6  84   1   0   1
 123000   18000000|  9   8  83   0   0   0
 110000   18000000|  7   8  84   0   0   1
 131000   17000000|  9   7  82   0   0   1
 131000   18000000|  8   8  83   0   0   0
 105000   16000000|  9   7  84   0   0   0
 107000   15000000|  8   6  85   1   0   1
 110000   16000000|  9   8  83   0   0   1
 102000   17000000|  9   5  86   0   0   0
 132000   18000000|  7   8  84   0   0   1
 121000   17000000| 10   7  83   0   0   1
 117000   18000000|  8   7  84   0   0   1
 131000   20000000|  8   6  85   1   0   1
 141000   22000000|  7   7  85   0   0   1
 158000   23000000|  8   6  84   0   0   1
 153000   21000000|  8   7  84   0   0   1
 149000   21000000|  8   7  84   0   0   1
 123000   17000000|  7   5  87   0   0   1
 127000   18000000|  7   7  85   1   0   1
 125000   17000000|  8   7  84   0   0   1
 118000   17000000|  9   7  84   0   0   1
 120000   15000000|  7   7  85   0   0   1
 105000   14000000|  8   8  84   0   0   0
  92000   15000000|  8   7  84   0   0   1
 110000   15000000|  7   6  85   1   0   1
 111000   15000000|  8   6  86   0   0   0
 103000   14000000|  7   6  85   0   0   2
 101000   15000000|  8   7  84   0   0   1
 102000   16000000|  6   7  86   0   0   1
 111000   17000000|  8   7  85   0   0   1
 130000   17000000|  9   7  82   1   0   0
 112000   16000000|  8   7  85   0   0   1
 119000   17000000|  8   6  85   0   0   0
 122000   16000000|  8   6  85   0   0   1
 110000   18000000|  9   7  83   0   0   1
 120000   17000000|  6   7  86   0   0   1
 125000   18000000|  8   7  84   1   0   1
 110000   16000000|  9   7  83   0   0   1
 115000   16000000|  9   7  84   0   0   0
 107000   15000000|  8   6  86   0   0   1
 106000   17000000|  9   6  85   0   0   0
 113000   16000000|  8   8  84   0   0   1
 117000   17000000|  8   6  84   1   0   1
 108000   18000000|  9   6  84   0   0   1
 127000   18000000|  9   7  83   0   0   1
 133000   18000000|  7   6  86   0   0   1
 111000   17000000|  7   7  85   0   0   1
 117000   17000000|  7   7  86   0   0   1
 114000   18000000|  8   8  83   1   0   1
 115000   17000000|  9   5  86   0   0   0
 124000   17000000|  8   7  85   0   0   1
 122000   18000000| 10   5  84   0   0   0
 126000   17000000|  8   6  85   0   0   1
 124000   15000000|  7   7  85   0   0   1
 113000   16000000|  8   8  82   1   0   1
  95000   14000000|  8   7  84   0   0   1
 105000   13000000|  7   9  83   0   0   1
  91000   13000000|  9  12  78   0   0   1
  98000   12000000|  6   9  85   0   0   1
  95000   12000000|  7  13  80   0   0   0
  87000   11000000|  8   7  83   1   0   1
  72000   11000000|  8   9  82   0   0   1
  90000   12000000|  9   7  84   0   0   1
  90000   12000000|  8  14  77   0   0   1
  81000   12000000|  9  11  80   0   0   0
  92000   13000000|  7  16  76   0   0   1
 100000   14000000|  7  15  76   1   0   1
 103000   16000000|  7  18  74   0   0   1
 115000   16000000|  8   8  84   0   0   1
 116000   16000000|  7  10  82   0   0   1
 119000   16000000|  8   7  85   0   0   0
 112000   15000000|  8  12  80   0   0   1
 114000   16000000|  9   6  83   1   0   1
 128000   15000000|  7   7  85   0   0   1
  97000   14000000|  8   7  84   0   0   1
 102000   14000000|  5   8  86   0   0   1
 103000   13000000|  7   8  84   0   0   1
 102000   13000000|  8   6  86   0   0   0
  93000   12000000|  7   6  86   1   0   1
  90000   12000000|  7   7  85   0   0   1
  94000   12000000|  8   6  86   0   0   1
  99000   12000000|  7   9  83   0   0   1
  88000   11000000|  7   6  86   0   0   0
  77000   11000000|  6   6  87   0   0   1
  81000   12000000|  8   6  84   1   0   0
  99000   10000000|  8   6  85   0   0   0
  77000   11000000|  8   7  85   0   0   1
  89000   10000000|  7   7  86   0   0   0
  79000   11000000|  7   5  86   0   0   1
  84000   11000000|  8   8  83   0   0   1
  73000   10000000|  9   8  82   0   0   0
  81000   10000000|  7   5  87   0   0   0
  75000   10000000|  8   7  85   0   0   1
  71000   11000000|  7   5  87   0   0   0
  86000   12000000|  7  12  80   0   0   0
  79000   13000000|  9   7  84   0   0   1
 107000   14000000|  8   7  84   1   0   1
 104000   14000000|  9   8  83   0   0   0
 107000   15000000|  7   7  86   0   0   1
 106000   16000000|  8   9  82   0   0   1
 114000   15000000|  7   6  87   0   0   1
 121000   14000000|  8   6  86   0   0   0
  93000   13000000|  7   6  84   1   0   1
 107000   14000000|  8   6  85   0   0   1
 106000   15000000|  8   9  82   0   0   1
 126000   16000000|  9   7  84   0   0   0
 105000   17000000|  9   6  84   0   0   1
 136000   18000000|  8   9  83   0   0   1
 114000   19000000|  9   8  81   1   0   1
 145000   20000000|  9   7  83   0   0   1
 136000   22000000|  8   6  85   0   0   1
 202000   18000000|  9   8  82   0   0   1
 116000   15000000|  8   6  85   0   0   1
 113000   14000000|  9   7  84   0   0   1
 104000   15000000|  9   6  84   1   0   1
 107000   12000000|  6   7  86   0   0   1
  81000   12000000|  8   6  85   0   0   1
  88000   12000000|  8   7  84   0   0   0
  79000   12000000|  8   7  84   0   0   1
  93000   13000000|  8   6  85   1   0   0
  88000   14000000|  8   7  84   0   0   1
 107000   15000000|  9   5  85   0   0   1
 104000   14000000|  8   8  83   0   0   1
 107000   14000000|  8   7  85   0   0   0
  89000   14000000|  8   7  84   0   0   1
 114000   15000000|  9   5  84   1   0   1
  99000   14000000|  8   6  85   0   0   1
 116000   16000000|  8   9  83   0   0   0
 124000   15000000|  7   7  84   0   0   1
 113000   15000000|  8   7  85   0   0   1
 105000   13000000|  8   6  85   0   0   1
  89000   13000000|  7   6  85   1   0   1
 105000   14000000|  8   8  84   0   0   0
 104000   13000000|  6   7  87   0   0   1
  87000   12000000|  9   5  86   0   0   1
 107000   12000000|  6   7  86   0   0   0
  79000   12000000|  8   6  86   0   0   1
  84000   12000000|  9  11  80   1   0   1
  93000   14000000|  9   7  83   0   0   0
  95000   12000000|  9   5  85   0   0   1
  84000   12000000|  7   5  87   0   0   0
  85000   13000000|  8   7  85   0   0   1
 114000   14000000|  8   6  85   0   0   1
 105000   14000000|  6   7  85   1   0   1
  96000   16000000|  8   6  85   0   0   1
 111000   17000000|  9   5  85   0   0   0
 129000   19000000|  7   7  85   0   0   1
 140000   21000000|  8   9  83   0   0   1
 133000   22000000|  6   8  85   0   0   1
 154000   22000000|  7   8  83   1   0   1
 166000   21000000|  7  10  82   0   0   1
 127000   16000000|  9   6  84   0   0   1
 112000   14000000|  8   6  85   0   0   1
 114000   14000000|  7   7  85   0   0   1
  93000   13000000|  8   6  86   0   0   0
  95000   12000000|  8   7  84   1   0   1
  96000   12000000|  8   9  82   0   0   1
  76000   11000000| 10   7  83   0   0   1
  84000   12000000|  8   7  85   0   0   0
  85000   12000000|  8   6  85   0   0   1
  80000   12000000|  7   6  86   0   0   1
  86000   12000000|  8   7  84   1   0   0
  90000   13000000|  8   9  83   0   0   1
  99000   12000000|  7   5  87   0   0   1
  87000   12000000|  9   5  85   0   0   1
  89000   12000000|  9   6  85   0   0   1
  83000   12000000|  8   6  85   0   0   1
  97000   12000000|  8  14  77   1   0   1
  87000   13000000|  7   7  86   0   0   0
  93000   15000000|  9   7  84   0   0   1
 106000   13000000|  6   6  87   0   0   0
  93000   14000000|  8   7  85   0   0   1
  98000   16000000|  8  11  80   0   0   1
 115000   16000000|  7   7  84   1   0   1
 107000   18000000|  8   7  83   0   0   2
 135000   17000000|  8   7  84   0   0   1
 109000   15000000|  9   9  82   0   0   0
 104000   16000000|  6   7  86   0   0   1
 117000   17000000|  9   6  84   0   0   1
 124000   15000000|  6   7  85   1   0   1
 103000   15000000|  7   7  86   0   0   0
  99000   15000000|  8   6  86   0   0   1
 118000   17000000|  8   8  83   0   0   2
 110000   15000000|  8   8  84   0   0   0
 113000   15000000|  8   7  84   0   0   0
  99000   15000000|  9   6  84   1   0   1
 103000   16000000|  9   6  84   0   0   1
 127000   16000000| 10   7  82   0   0   0
 106000   15000000| 33   7  58   0   0   1
 106000   17000000| 35  14  50   0   0   1
 124000   16000000| 34   7  58   0   0   1
 114000   14000000| 33   7  58   1   0   1
  93000   15000000| 34   8  57   0   0   1
  97000   13000000| 34   7  57   0   0   2
 105000   15000000| 33   9  57   0   0   1
 104000   16000000| 35  10  53   0   0   2
 128000   18000000| 35   7  56   0   0   2
 124000   19000000| 34   9  55   1   0   1
 122000   19000000| 35   7  57   0   0   1
 142000   21000000| 35  10  54   0   0   1
 144000   24000000| 36   7  55   0   0   1
 148000   23000000| 34   9  56   0   0   2
 161000   22000000| 36   7  56   0   0   1
 138000   20000000| 34  10  55   1   0   1
 122000   20000000| 35   8  56   0   0   1
 141000   19000000| 34   7  58   0   0   1
 124000   18000000| 33   8  57   0   0   1
 111000   16000000| 34   8  56   0   0   1
 115000   15000000| 35  10  53   0   0   1
 102000   14000000| 34   7  56   1   0   1
 100000   14000000| 34   7  58   0   0   1
  99000   14000000| 34   6  59   0   0   1
 102000   14000000| 33   8  58   0   0   1
  93000   14000000| 34   7  57   0   0   2
 106000   15000000| 36   9  53   0   0   2
 109000   16000000| 34   8  55   1   0   1
 113000   18000000| 34   8  58   0   0   1
 129000   14000000| 32   7  59   0   0   1
  97000   14000000| 34   8  57   0   0   1
 106000   14000000| 32   6  61   0   0   1
  95000   13000000| 31   7  61   1   0   1
  96000   12000000|  7   6  87   0   0   1
  87000   13000000|  8   5  87   0   0   1
 100000   12000000|  7   7  85   0   0   1
  89000   13000000|  6   7  87   0   0   1
 103000   13000000|  8   6  85   0   0   1
  93000   14000000|  7   6  85   1   0   1
 105000   14000000|  7   6  87   0   0   0
 106000   15000000|  8   7  85   0   0   0
  92000   16000000|  8   6  85   0   0   1
 121000   17000000|  8   7  84   0   0   1
 130000   18000000|  7   6  85   0   0   1
 106000   18000000|  7   7  85   1   0   0
 137000   17000000|  6   6  86   0   0   1
 137000   18000000|  9   7  84   0   0   1
 132000   20000000|  8   7  84   0   0   1
 153000   20000000|  7   7  86   0   0   1
 142000   20000000|  8   7  84   0   0   1
 152000   20000000|  8   6  84   1   0   1
 155000   20000000|  8   5  85   0   0   1
 146000   19000000|  7   7  86   0   0   1
 123000   17000000|  8   8  84   0   0   1
 133000   16000000| 10   5  84   0   0   1
 108000   14000000|  7   5  87   0   0   1
 104000   15000000|  8   6  84   1   0   1
 107000   12000000|  9   6  84   0   0   1
  91000   12000000|  9   7  84   0   0   0
  87000   12000000|  9   5  86   0   0   0
  82000   11000000|  9   6  85   0   0   1
  87000   13000000|  8   6  87   0   0   0
  93000   15000000|  8   6  85   1   0   1
  98000   13000000|  7   8  85   0   0   1
  95000   14000000|  9   6  85   0   0   0
  96000   15000000|  7   7  86   0   0   0
 116000   15000000|  8   7  85   0   0   1
 113000   15000000|  7   8  84   0   0   1
 104000   16000000|  8   7  83   1   0   1
 117000   15000000|  7   6  86   0   0   1
 107000   14000000|  8   6  86   0   0   0
 109000   14000000|  7   6  86   0   0   1
 108000   15000000|  9  14  75   0   0   1
  99000   16000000|  9  29  61   0   0   1
 114000   19000000|  9   8  81   1   0   1
 111000   15000000|  7   6  86   0   0   1
 119000   17000000|  9  12  79   0   0   1
 126000   17000000|  8   7  85   0   0   0
 105000   15000000|  8   6  85   0   0   1
 102000   14000000|  8   6  85   0   0   1
 108000   16000000|  8   7  83   1   0   1
 115000   17000000|  6   8  86   0   0   0
 129000   18000000|  8   8  82   0   0   1
 131000   18000000|  8   6  85   0   0   1
 117000   18000000| 10   8  82   0   0   1
 125000   15000000| 33   8  58   0   0   1
 103000   16000000| 32  10  56   1   0   1
 105000   17000000| 34   9  57   0   0   1
 120000   17000000| 35   8  55   0   0   2
 121000   17000000| 34   7  57   0   0   1
 112000   19000000| 33   9  57   0   0   2
 139000   16000000| 35   7  57   0   0   1
 105000   16000000| 33   7  57   1   0   2
 106000   16000000| 34  12  53   0   0   1
 115000   16000000| 34   7  58   0   0   2
 108000   15000000| 34   7  58   0   0   1
  99000   16000000| 33   7  58   0   0   1
 113000   14000000| 34   7  58   0   0   1
  94000   15000000| 35   8  56   1   0   1
  97000   15000000| 34   8  58   0   0   1
 105000   14000000| 34  14  51   0   0   1
  99000   14000000| 34  12  53   0   0   1
  89000   14000000| 35   7  57   0   0   1
 103000   15000000| 33   8  58   0   0   1
  99000   14000000| 35   6  57   1   0   1
  93000   13000000| 32   8  58   0   0   1
  96000   12000000| 43   7  49   0   0   1
  87000   13000000| 64   8  26   0   0   2
  97000   14000000| 63  12  22   0   0   2
 107000   15000000| 63  13  22   0   0   2
 102000   16000000| 63  14  21   0   0   2
 109000   14000000| 62  12  25   0   0   1
  96000   15000000| 63  10  25   0   0   2
 108000   16000000| 61  11  26   0   0   2
 105000   16000000| 62  14  22   0   0   2
 114000   17000000| 61  12  25   0   0   2
 119000   18000000| 63  12  23   0   0   3
 113000   15000000| 62  10  27   0   0   2
 106000   14000000| 61  11  26   0   0   2
  90000   15000000| 57  23  17   0   0   3
 110000   15000000| 64  11  24   0   0   2
  99000   15000000| 63  11  24   0   0   2
 111000   15000000| 64  11  22   0   0   2
 113000   15000000| 64  11  24   0   0   2
  90000   14000000| 63  12  23   0   0   2
 105000   16000000| 61  11  25   0   0   2
 110000   14000000| 64  14  21   0   0   2
  95000   13000000| 62  20  16   0   0   2
  81000   11000000| 63  11  25   0   0   2
  87000   12000000| 62  12  25   0   0   2
  86000   12000000| 62  12  24   0   0   2
  84000   12000000| 64  11  24   0   0   1
 100000   13000000| 62  11  25   0   0   2
  95000   14000000| 62  12  25   0   0   2
 108000   16000000| 64  12  22   1   0   1
 120000   16000000| 61  21  17   0   0   1
 104000   18000000| 72  10  16   0   0   2
 130000   17000000| 80  10   8   0   0   2
 114000   16000000| 80  10   8   0   0   2
 110000   18000000| 78  11   9   0   0   2
 128000   19000000| 65  12  21   0   0   2
 129000   19000000| 77  12   8   0   0   3
 122000   20000000| 79  11   8   0   0   3
 125000   19000000| 78  11   9   0   0   2
 123000   19000000| 79   8  12   0   0   2
 120000   21000000| 60  13  25   0   0   2
 133000   19000000| 57   9  31   0   0   2
 129000   21000000| 61  12  25   0   0   2
 121000   22000000| 58   9  30   0   0   2
 155000   22000000| 71  12  15   0   0   2
 135000   18000000| 78   9  12   0   0   1
 118000   17000000| 77   9  11   1   0   2
 134000   19000000| 76   8  14   0   0   2
 137000   18000000| 70  12  16   0   0   3
 123000   17000000| 77  12   8   0   0   3
 175000   19000000| 79  11   8   0   0   2
 144000   19000000| 80  11   8   0   0   2
 135000   17000000| 79  10   8   0   0   3
 133000   15000000| 79  10   8   0   0   2
 100000   14000000| 79  10   9   0   0   3
  91000   13000000| 79  10   9   0   0   2
  94000   13000000| 80   8   9   0   0   2
  89000   14000000| 78  10   9   0   0   3
  89000   13000000| 90   8   0   0   0   3
 100000   13000000| 88   9   2   0   0   2
  95000   12000000| 78   7  12   0   0   2
  79000   11000000| 79   9  11   0   0   2
  85000   11000000| 79   9  11   0   0   1
  83000   11000000| 79   9  10   0   0   2
  75000   11000000| 72  12  14   1   0   1
  81000   12000000| 59  11  28   0   0   2
  92000   13000000| 61  10  28   0   0   1
  79000   12000000| 59   6  34   0   0   1
  78000   10000000| 59   5  36   0   0   1
  78000   12000000| 58   5  36   0   0   1
  76000   13000000| 58   6  35   1   0   1
  99000   16000000| 56   5  38   0   0   1
 108000   17000000| 55   5  39   0   0   1
 114000   19000000| 55   4  39   0   0   1
 160000   20000000| 32   5  63   0   0   1
 145000   19000000| 29   4  66   0   0   1
 130000   20000000| 29   2  67   1   0   0
 131000   17000000| 30   3  67   0   0   0
 113000   18000000| 25   6  69   0   0   0
 103000   15000000|  3   4  93   0   0   0
 112000   15000000|  4   3  93   0   0   0
 116000   15000000| 28   3  69   0   0   0
  98000   17000000| 30   3  65   1   0   1
 121000   16000000| 29   4  67   0   0   0
 102000   16000000| 29   3  67   0   0   1
 108000   13000000| 30   1  68   0   0   1
  83000   11000000| 30   2  67   0   0   0
  87000   11000000| 30   3  67   1   0   0
  84000   10000000| 31   2  66   0   0   0
  67000   11000000| 30   3  67   0   0   0
  76000 9413000| 29   2  68   0   0   0
  66000   11000000| 30   2  68   0   0   0
  78000   11000000| 30   4  66   0   0   0
  87000   11000000| 29   2  69   1   0   0
  79000   11000000| 29   2  69   0   0   0
  81000   11000000| 29   2  69   0   0   1
  74000   12000000| 29   2  68   0   0   0
  89000   12000000| 29   3  67   0   0   0
  86000   12000000| 37   2  61   0   0   0
  83000   13000000| 58   6  35   0   0   1
  94000   15000000| 60   5  34   0   0   1
 104000   17000000| 58   5  35   0   0   2
 119000   17000000| 59   5  35   0   0   1
 109000   18000000| 59   5  34   0   0   2
 125000   16000000| 60   5  34   0   0   1
 109000   18000000| 57   6  35   1   0   2
 136000   19000000| 56   4  39   0   0   1
 117000   19000000| 45   4  51   0   0   1
 134000   22000000| 29   3  67   0   0   1
 146000   22000000| 29   4  66   0   0   1
 138000   19000000| 30   3  67   0   0   1
 132000   20000000| 30   3  65   1   0   1
 137000   20000000| 29   3  67   0   0   1
 135000   21000000| 28   3  68   0   0   1
 151000   18000000| 42   5  52   0   0   1
  96000   15000000| 57   5  36   0   0   1
 107000   17000000| 50   5  45   0   0   1
 110000   17000000| 40   4  54   1   0   1
 117000   15000000| 56   4  38   0   0   2
 110000   15000000| 58   4  37   0   0   1
  85000   13000000| 57   4  38   0   0   2
 100000   14000000| 56   5  38   0   0   2
  84000   13000000| 57   3  37   1   0   1
  96000   13000000| 57   5  37   0   0   1
  88000   14000000| 57   5  38   0   0   1
  99000   14000000| 55   3  41   0   0   1
 102000   13000000| 63   4  32   0   0   1
  83000   12000000| 56   4  38   0   0   2
  93000   12000000| 56   4  39   0   0   1
  94000   12000000| 56   3  40   0   0   1
  76000   13000000| 56   6  37   0   0   1
  98000   13000000| 57   5  38   0   0   1
  95000   12000000| 57   5  37   0   0   1
  92000   13000000| 57   4  38   0   0   1
  89000   11000000| 56   4  38   1   0   1
  88000   11000000| 64   4  31   0   0   1
  76000   11000000| 76   5  18   0   0   1
  76000   10000000| 77   2  20   0   0   1
  63000   10000000| 77   2  21   0   0   0
  62000   11000000| 69   4  26   1   0   1
  76000   11000000| 54   5  41   0   0   1
  83000   11000000| 52   2  46   0   0   0
  77000 9839000| 30   3  66   0   0   1
  77000   11000000| 27   1  72   0   0   1
  83000   11000000| 27   2  70   0   0   1
  67000   12000000| 27   1  71   1   0   1
  87000   12000000| 27   1  71   0   0   0
  75000   10000000| 27   1  71   0   0   1
  65000   12000000| 44   2  53   0   0   1
  87000   13000000| 53   4  42   0   0   1
  99000   14000000| 54   5  40   0   0   1
  87000   13000000| 54   4  40   1   0   1
  87000   11000000| 55   4  41   0   0   1
  80000   12000000| 55   4  41   0   0   0
  82000   10000000| 55   4  40   0   0   1
  60000 9753000| 53   4  41   0   0   1
  77000   10000000| 54   4  41   0   0   1
  70000   11000000| 54   4  41   1   0   1
  74000   11000000| 54   4  41   0   0   1
  80000   11000000| 55   4  41   0   0   0
  68000   11000000| 53   3  43   0   0   1
  83000   11000000| 52   2  45   0   0   1
  70000   10000000| 48   4  48   0   0   1
  81000   11000000| 26   3  69   1   0   1
  73000   11000000| 53   4  42   0   0   1
  86000 9459000| 53   3  44   0   0   1
  58000 7799000| 52   3  45   0   0   0
  57000 7895000| 52   1  47   0   0   0
  51000 8530000| 32   3  63   1   0   1
  60000 6691000| 27   1  72   0   0   0
  47000 6752000| 27   2  71   0   0   1
  41000 6360000| 27   1  73   0   0   0
  45000 6606000| 26   1  72   0   0   1
  43000 7135000| 26   2  72   0   0   0
  51000 7617000| 27   1  71   2   0   0
  47000 8463000| 27   1  73   0   0   0
  62000 9010000| 26   2  72   0   0   1
  55000 8742000| 26   2  73   0   0   0
  65000 8053000| 27   1  72   0   0   0
  50000 6968000| 26   1  73   0   0   0
  54000 7200000| 26   2  71   1   0   1
  47000 6443000| 26   1  73   0   0   0
  48000 6852000| 26   1  72   0   0   1
  51000 5082000| 26   1  73   0   0   0
  36000 4748000| 26   1  73   0   0   0
  38000 5154000| 27   2  71   0   0   1
  37000 5796000| 26   2  71   1   0   0
  45000 5298000| 26   1  73   0   0   0
  37000 5178000| 26   1  73   0   0   0
  44000 5525000| 26   2  72   0   0   0
  38000 5778000| 26   1  72   0   0   0
  43000 6057000| 16   3  81   0   0   0
  48000 6550000|  1   1  96   1   0   0
  48000 7474000|  1   1  98   0   0   0
  67000 8571000|  2   1  97   0   0   0
  60000   10000000|  1   1  98   0   0   0
  69000 9083000|  2   1  98   0   0   0
  63000 8978000|  1   1  96   2   0   0
  54000   10000000|  2   1  97   0   0   0
  70000 9443000|  2   2  97   0   0   0
  62000 9563000|  2   1  97   0   0   0
  71000 9545000|  2   1  97   0   0   0
  58000 8168000|  2   2  97   0   0   0
  59000 7295000|  2   1  97   1   0   0
  47000 7215000|  2   1  97   0   0   0
  53000 7262000|  1   1  98   0   0   0
  51000 6733000|  2   1  97   0   0   0
  40000 6489000|  2   1  97   0   0   0
  42000 7332000|  1   1  98   0   0   0
  51000 7359000|  2   1  97   1   0   0
  48000 8242000|  1   1  98   0   0   0
  59000 9316000|  2   1  98   0   0   0
  66000   10000000|  2   1  98   0   0   0
  66000 9155000|  1   1  98   0   0   0
  67000 7912000|  1   1  98   0   0   0
  50000 8066000|  2   1  97   1   0   0
  61000 6792000|  1   1  98   0   0   0
  45000 6256000|  2   1  97   0   0   0
  41000 6499000|  1   1  98   0   0   0
  44000 6102000|  1   1  98   0   0   0
  44000 6875000| 10   1  89   0   0   0
  49000 7230000| 27   1  71   1   0   1
  43000 6050000| 26   2  72   0   0   0
  44000 6274000| 26   1  73   0   0   0
  46000 4606000| 26   2  72   0   0   0
  33000 5180000| 26   1  73   0   0   0
  35000 5122000| 26   1  73   0   0   0
  39000 5525000| 26   2  71   1   0   0
  37000 5300000| 26   1  72   0   0   0
  38000 4852000| 26   1  73   0   0   0
  33000 4533000| 26   1  72   0   0   0
  32000 4972000| 26   1  73   0   0   0
  36000 4625000| 26   1  73   0   0   0
  32000 4203000| 26   0  73   1   0   0
  30000 4262000| 26   1  73   0   0   0
  31000 4515000| 26   1  73   0   0   0
  30000 4587000| 27   1  73   0   0   0
  34000 4259000| 26   1  73   0   0   0
  32000 4259000| 26   1  73   0   0   0
  30000 4553000| 26   1  72   1   0   0
  37000 4821000| 26   1  72   0   0   0
  34000 5648000| 26   1  73   0   0   0
  38000 6583000| 26   1  73   0   0   0
  54000 6960000| 26   1  72   0   0   0
  45000 6053000| 26   1  73   0   0   0
  47000 5365000| 26   1  72   1   0   0
  34000 4816000| 27   1  72   0   0   0
  33000 5209000| 26   1  73   0   0   0
  39000 4591000| 26   1  73   0   0   0
  33000 4530000| 26   1  73   0   0   0
  32000 4561000| 26   1  73   0   0   0
  32000 4487000| 26   1  72   1   0   0
  27000 4179000| 26   1  73   0   0   0
  29000 4038000| 26   0  73   0   0   0
  29000 4053000| 26   1  73   0   0   0
  26000 4215000| 26   1  73   0   0   0
  33000 4504000| 26   1  73   0   0   0
  32000 4412000| 26   1  73   1   0   0
  31000 4050000| 26   1  73   0   0   0
  34000 4382000| 26   1  73   0   0   0
  34000 4367000| 26   1  73   0   0   0
  33000 4157000| 26   1  73   0   0   0
  29000 4225000| 27   0  73   0   0   0
  32000 4547000| 26   1  73   1   0   0
  33000 4496000| 26   1  74   0   0   0
  34000 4124000| 26   1  73   0   0   0
  34000 4127000| 26   1  73   0   0   0
  29000 4450000| 26   1  73   0   0   0
  26000 4766000| 26   0  74   0   0   0
  34000 3848000|  9   3  87   1   0   0
  29000 3292000|  1   1  98   0   0   0
  26000 3589000|  1   1  98   0   0   0
  30000 3915000|  1   1  98   0   0   0
  28000 4046000|  1   1  98   0   0   0
  28000 4397000|  1   1  98   0   0   0
  29000 4821000|  1   1  97   1   0   0
  37000 5237000|  1   2  98   0   0   0
  27000 3182000|  1   1  98   0   0   0
  21000 3138000|  1   1  98   0   0   0
  21000 3378000|  1   1  98   0   0   0
  25000 3896000|  1   1  98   0   0   0
  30000 4834000|  1   1  97   1   0   0
  37000 5813000|  2   1  98   0   0   0
  43000 6182000|  2   1  98   0   0   0
  42000 5623000|  1   1  98   0   0   0
  38000 4699000|  1   2  97   0   0   0
  34000 4794000|  1   1  98   0   0   0
  34000 5211000|  1   1  97   1   0   0
  38000 4318000|  1   1  99   0   0   0
  32000 4364000|  1   1  98   0   0   0
  27000 4185000|  1   0  99   0   0   0
  27000 3848000|  1   1  97   0   0   0
  25000 3681000|  1   1  98   0   0   0
  26000 3604000|  1   1  98   1   0   0
  25000 3533000|  1   1  98   0   0   0
  26000 3380000|  1   1  98   0   0   0
  24000 3515000|  1   1  98   0   0   0
  29000 3413000|  1   1  98   0   0   0
  23000 3464000|  1   1  97   0   0   0
  32000 3777000|  1   0  98   1   0   0
  30000 4397000|  1   1  98   0   0   0
  34000 5234000|  1   1  98   0   0   0
  35000 4544000|  1   1  98   0   0   0
  30000 3752000|  1   1  98   0   0   0
  27000 4014000|  1   1  98   0   0   0
  27000 4419000|  1   1  97   1   0   0
  32000 4581000|  1   1  98   0   0   0
  34000 4920000|  1   1  98   0   0   0
  33000 5060000|  2   1  98   0   0   0
  41000 4831000|  1   1  98   0   0   0
  33000 4447000|  1   1  98   0   0   0
  31000 4160000|  1   1  98   1   0   0
  29000 4378000|  1   1  98   0   0   0
  37000 4346000|  2   1  98   0   0   0
  28000 3699000|  1   1  98   0   0   0
  33000 3481000|  1   0  99   0   0   0
  27000 3522000|  1   1  98   0   0   0
  25000 3344000|  1   1  98   1   0   0
  26000 3570000|  1   1  98   0   0   0
  26000 3482000|  1   0  99   0   0   0
  26000 3742000|  2   0  98   0   0   0
  26000 3512000|  2   1  98   0   0   0
  33000 3998000|  1   1  98   0   0   0
  26000 3875000|  1   1  97   1   0   0
  28000 4231000|  2   1  98   0   0   0
  31000 4776000|  1   1  98   0   0   0
  33000 5682000|  1   1  98   0   0   0
  48000 5483000|  1   1  98   0   0   0
  40000 4754000|  1   1  98   0   0   0
  32000 5288000|  1   1  98   1   0   0
  38000 4800000|  1   1  98   0   0   0
  32000 4919000|  1   1  98   0   0   0
  32000 5209000|  1   1  98   0   0   0
  34000 4957000|  1   1  98   0   0   0
  37000 5048000|  1   1  99   0   0   0
  32000 4719000|  1   1  97   1   0   0
  33000 4415000|  1   1  98   0   0   0
  39000 5223000|  1   1  98   0   0   0
  38000 4443000|  2   1  98   0   0   0
  31000 4361000|  1   1  98   0   0   0
  30000 4077000|  1   1  97   1   0   0
  27000 3889000|  1   1  97   2   0   0
  27000 3405000|  1   1  98   0   0   0
  22000 3144000|  1   1  98   0   0   0
  20000 3101000|  1   1  98   0   0   0
  26000 3641000|  2   1  98   0   0   0
  25000 3272000|  1   1  98   0   0   0
  23000 3490000|  1   1  97   1   0   0
  22000 3325000|  1   1  98   0   0   0
  28000 4025000|  2   1  98   0   0   0
  29000 4438000|  2   1  98   0   0   0
  31000 4318000|  1   1  98   0   0   0
  30000 4550000|  2   1  98   0   0   0
  31000 4922000|  1   1  98   1   0   0
  38000 5494000|  1   1  98   0   0   0
  42000 5184000|  1   1  98   0   0   0
  34000 5110000|  2   1  98   0   0   0
  35000 5180000|  1   1  98   0   0   0
  39000 4724000|  1   1  98   0   0   0
  27000 4197000|  1   1  97   1   0   0
  31000 3829000|  1   1  98   0   0   0
  25000 3816000|  1   0  99   0   0   0
  27000 4225000|  2   1  98   0   0   0
  32000 4226000|  1   1  98   0   0   0
  29000 4679000|  1   1  98   0   0   0
  34000 5030000|  2   1  97   1   0   0
  40000 6097000|  1   1  98   0   0   0
  40000 7039000|  1   1  98   0   0   0
  54000 7070000|  2   1  97   0   0   0
  44000 5524000|  1   1  98   0   0   0
  40000 5501000|  1   1  98   0   0   0
  37000 5725000|  1   1  97   1   0   0
  42000 6168000|  1   1  98   0   0   0
  39000 5930000|  1   1  97   0   0   0
  38000 5823000|  1   1  98   0   0   0
  44000 5040000|  1   1  98   0   0   0
  30000 5088000|  2   0  98   0   0   0
  36000 4855000|  1   1  97   1   0   0
  31000 4705000|  1   1  98   0   0   0
  34000 4893000|  2   1  98   0   0   0
  35000 4465000|  1   1  98   0   0   0
  33000 4541000|  1   1  98   0   0   0
  30000 5067000|  1   1  98   0   0   0
  36000 6022000|  1   1  97   1   0   0
  44000 5251000|  2   1  98   0   0   0
  37000 6168000|  1   1  98   0   0   0
  45000 5985000|  1   1  98   0   0   0
  43000 6337000|  1   1  98   0   0   0
  38000 6032000|  2   1  98   0   0   0
  48000 5566000|  1   1  97   1   0   0
  35000 4353000|  1   1  98   0   0   0
  28000 4600000|  1   1  98   0   0   0
  28000 4809000|  1   1  98   0   0   0
  32000 4834000|  1   1  98   0   0   0
  34000 4091000|  1   1  98   0   0   0
  34000 4553000|  1   1  98   1   0   0
  30000 4729000|  1   1  98   0   0   0
  39000 4843000|  1   1  98   0   0   0
  35000 4874000|  1   1  98   0   0   0
  34000 5169000|  1   1  97   0   0   0
  41000 5844000|  1   0  99   0   0   0
  47000 5931000|  1   1  97   1   0   0
  39000 4668000|  1   1  98   0   0   0
  35000 4818000|  1   2  97   0   0   0
  36000 5177000|  1   1  98   0   0   0
  30000 5231000|  1   1  98   0   0   0
  36000 5709000|  1   1  98   0   0   0
  39000 4850000|  1   1  97   1   0   0
  40000 5294000|  2   1  98   0   0   0
  38000 5223000|  1   1  98   0   0   0
  44000 5085000|  2   1  97   0   0   0
  33000 5433000| 26   1  73   0   0   0
  38000 4739000| 26   1  73   0   0   0
  35000 4373000| 26   1  72   1   0   0
  30000 4163000| 26   1  73   0   0   0
  31000 4180000| 26   1  73   0   0   0
  29000 4226000| 26   1  73   0   0   0
  27000 3782000| 26   0  73   0   0   1
  29000 4298000| 26   1  72   1   0   0
  28000 4412000| 26   1  73   0   0   0
  38000 4520000| 26   1  73   0   0   0
  35000 3980000| 27   1  72   0   0   0
  29000 4210000| 26   1  73   0   0   1
  28000 4180000| 27   1  72   0   0   0
  32000 4914000| 26   1  72   1   0   0
  31000 5046000| 27   1  72   0   0   0
  36000 4603000| 26   2  72   0   0   0
  32000 5046000| 26   1  72   0   0   0
  39000 5478000| 27   1  72   0   0   0
  30000 2800000| 27   1  72   0   0   0
  22000 2639000| 26   1  72   1   0   0
  17000 2367000| 26   1  73   0   0   0
  17000 2551000| 26   1  74   0   0   0
  22000 2716000| 26   1  73   0   0   0
  18000 2748000| 26   1  73   0   0   0
  21000 3083000| 26   1  73   1   0   0
  25000 3332000| 26   1  73   0   0   0
  24000 3319000| 26   1  73   0   0   0
  22000 3254000| 26   1  73   0   0   0
  25000 3521000| 26   1  73   0   0   0
  27000 3943000| 26   1  72   1   0   0
  29000 4102000| 26   1  73   0   0   0
  31000 4148000| 26   0  74   0   0   0
  28000 4210000| 26   1  73   0   0   0
  32000 4754000| 26   1  73   0   0   0
  37000 5243000| 26   1  73   0   0   0
  39000 5924000| 26   1  72   1   0   0
  40000 5042000| 26   1  73   0   0   0
  37000 4759000| 26   1  73   0   0   0
  31000 4253000| 26   1  74   0   0   0
  32000 4642000| 26   1  73   0   0   0
  38000 4850000| 26   0  73   1   0   0
  30000 3914000| 26   1  73   0   0   0
  30000 4139000| 26   1  74   0   0   0
  30000 4149000| 26   1  74   0   0   0
  29000 3925000| 26   1  73   0   0   0
  23000 4022000| 26   1  74   0   0   0
  30000 4585000| 26   1  72   1   0   0
  31000 4773000| 26   1  73   0   0   0
  35000 4960000| 26   1  73   0   0   0
  41000 5964000| 26   1  73   0   0   0
  42000 7087000| 26   1  73   0   0   0
  48000 6895000| 26   1  73   0   0   0
  52000 5833000| 26   1  73   1   0   0
  35000 5458000| 26   1  73   0   0   0
  40000 6201000| 25   1  74   0   0   0
  45000 6914000| 26   1  73   0   0   0
  42000 7323000| 26   1  73   0   0   0
  47000 6964000| 26   1  73   0   0   0
  46000 6005000| 25   1  73   1   0   0
  42000 6151000|  2   2  96   0   0   0
  49000 7343000|  1   1  98   0   0   0
  51000 7624000|  1   1  98   0   0   0
  52000 8970000|  1   1  98   0   0   0
  64000 8462000|  1   1  98   0   0   0
  49000 7657000|  1   1  95   3   0   0
  53000 7394000|  1   0  99   0   0   0
  49000 7461000|  1   1  98   0   0   0
  47000 7611000|  1   0  99   0   0   0
  46000 6498000|  2   1  97   0   0   0
  41000 6161000| 26   1  73   0   0   0
  35000 5574000| 26   1  72   1   0   0
  36000 5801000| 26   1  73   0   0   0
  41000 5291000| 26   1  73   0   0   0
  35000 5728000| 26   1  73   0   0   0
  40000 5658000| 26   1  73   0   0   0
  41000 5246000| 25   1  74   0   0   0
  33000 5135000| 26   1  72   1   0   0
  36000 5552000| 26   1  73   0   0   0
  38000 5215000| 26   1  73   0   0   0
  33000 5421000| 26   1  73   0   0   0
  36000 4668000| 25   0  74   0   0   0
  35000 4656000| 25   1  74   0   0   0
  29000 4173000| 26   0  74   1   0   0
  32000 4123000| 25   1  74   0   0   0
  27000 4252000| 25   1  75   0   0   0
  28000 3906000|  5   1  93   0   0   0
  26000 3430000| 25   0  75   0   0   0
  20000 2571000| 25   1  75   0   0   0
  19000 3264000| 25   0  73   1   0   0
  24000 3629000| 25   0  75   0   0   0
  26000 3660000| 25   1  74   0   0   0
  24000 3559000| 25   0  75   0   0   0
  31000 2741000| 25   0  75   0   0   0
  13000 1671000| 25   0  74   0   0   0
  11000 1611000| 25   0  74   1   0   0
  10000 1361000| 25   0  75   0   0   0
  11000 1502000| 25   0  74   0   0   0
  11000 1640000| 25   0  75   0   0   0
  13000 1767000| 26   0  74   0   0   0
  14000 1733000| 25   0  75   0   0   0
  16000 1874000| 25   0  74   1   0   0
  12000 1465000| 25   0  74   0   0   0
  13000 1743000| 25   0  75   0   0   0
  10000 1663000| 25   1  74   0   0   0
  12000 1565000| 25   0  75   0   0   0
  11000 1801000| 25   0  75   0   0   0
  13000 1889000| 25   1  73   1   0   0
  18000 2387000| 25   0  74   0   0   0
  21000 3092000| 26   0  74   0   0   0
  23000 3960000| 25   1  74   0   0   0
  30000 4633000| 37   1  63   0   0   0
  38000 3473000| 49   1  50   0   0   0
  22000 2777000| 50   0  49   1   0   0
  22000 3467000| 50   0  50   0   0   0
  23000 3512000| 50   0  50   0   0   0
  27000 4112000| 50   0  50   0   0   0
  26000 4269000| 50   0  50   0   0   0
  29000 3445000| 50   1  49   0   0   0
  23000 2788000| 50   0  49   1   0   0
  21000 2757000| 50   0  50   0   0   0
  17000 2668000| 50   1  50   0   0   0
  18000 2802000| 47   2  51   0   0   0
  23000 2680000| 25   1  74   0   0   0
  16000 2402000| 25   0  74   1   0   0
  19000 2735000| 25   1  75   0   0   0
  21000 2406000|  7   2  91   0   0   0
  17000 2488000|  0   0 100   0   0   0
  20000 2488000|  0   0 100   0   0   0
  17000 2723000|  0   0 100   0   0   0
  19000 2105000|  0   0  99   1   0   0
9721B  872000|  0   0 100   0   0   0
6454B  593000|  0   0 100   0   0   0
4868B  560000|  0   0 100   0   0   0
5278B  734000|  0   0 100   0   0   0
5128B  667000|  0   0  99   1   0   0
3154B  109000|  0   0 100   0   0   0
 771B    0|  0   0 100   0   0   0
