   0     0|  1   1  96   2   0   0
 694B  902B|  7   7  86   0   0   0
4984B 3140B|  6   5  90   0   0   0
2604B 2984B|  5   4  91   0   0   0
1596B 1884B|  6   6  89   0   0   0
1506B 4180B|  6   5  89   0   0   0
1580B   60000|  6   7  86   1   0   0
8978B  661000|  7   5  88   0   0   0
  26000 2399000|  6   5  88   0   0   1
 131000   11000000|  6   5  87   0   0   1
  60000   10000000|  7   6  87   0   0   0
  51000 7460000|  6   4  89   0   0   0
  38000 6809000|  6   6  87   1   0   1
  36000 5638000|  6   6  87   0   0   0
  31000 6257000|  8   4  88   0   0   0
  30000 5055000|  8   6  86   0   0   0
  30000 5722000|  5   5  90   0   0   0
  29000 5418000|  6   6  88   0   0   0
  31000 5148000|  6   6  87   1   0   0
  27000 4670000|  7   4  88   0   0   0
  31000 5211000|  8   5  87   0   0   1
  32000 5156000|  7   4  88   0   0   1
  33000 5510000|  6   5  88   0   0   0
  35000 5632000|  7   4  89   0   0   0
  37000 6042000|  6   4  89   1   0   0
  38000 6505000|  6   5  89   0   0   0
  39000 7037000|  6   4  89   0   0   1
  44000 7482000|  6   6  88   0   0   0
  42000 7151000|  7   6  87   0   0   0
  43000 7805000|  7   5  88   0   0   0
  47000 8472000|  6   6  87   1   0   0
  46000 9139000|  5   5  89   0   0   1
  46000 9806000|  8   5  87   0   0   0
  48000   11000000|  6   5  88   0   0   1
  51000   12000000|  7   4  88   0   0   0
  56000   13000000|  7   5  88   0   0   0
  60000   14000000|  7   6  86   1   0   0
  70000   17000000|  7   6  86   0   0   1
  75000   18000000|  8   5  87   0   0   1
  68000   11000000|  6   6  88   0   0   0
  41000 9606000|  6   7  87   0   0   0
  55000   13000000|  6   5  88   0   0   0
  68000   15000000|  6   5  87   1   0   1
  73000   17000000|  6   5  89   0   0   1
  77000   17000000|  5   6  88   0   0   1
  82000   19000000|  6   7  87   0   0   0
  80000   18000000|  6   5  88   0   0   1
  88000   20000000|  7   6  87   0   0   0
  84000   17000000|  5   6  88   1   0   0
  42000 9256000|  7   6  87   0   0   0
  49000   11000000|  6   5  87   0   0   1
  61000   13000000|  6   5  88   0   0   1
  59000   13000000|  6   6  88   0   0   1
  55000   12000000|  6   5  89   0   0   0
  63000   14000000|  6   5  87   1   0   1
  63000   13000000|  7   6  87   0   0   0
  63000   14000000|  6   4  89   0   0   0
  70000   11000000|  6   5  88   0   0   1
  58000   12000000|  7   5  88   0   0   1
  53000   11000000|  7   5  87   0   0   1
  57000   12000000|  6   5  88   1   0   0
  55000   11000000|  6   5  88   0   0   1
  59000   11000000|  8   4  87   0   0   1
  55000   11000000|  5   5  89   0   0   1
  56000   12000000|  7   6  87   0   0   1
  59000   13000000|  6   5  88   0   0   0
  60000   13000000|  5   5  89   1   0   1
  69000   14000000|  7   5  87   0   0   0
  67000   15000000|  7   4  88   0   0   0
  73000   16000000|  8   6  86   0   0   0
  72000   16000000|  5   5  89   0   0   1
  69000   13000000|  8   6  86   0   0   0
  57000   13000000|  8   6  85   1   0   1
  71000   16000000|  6   6  88   0   0   0
  69000   16000000|  6   5  89   0   0   1
  79000   18000000|  6   7  87   0   0   1
  73000   17000000|  7   5  88   0   0   0
  82000   18000000|  5   9  85   0   0   1
  64000   12000000|  7  11  82   1   0   1
  61000   15000000|  7  10  83   0   0   0
  63000   15000000|  6  10  84   0   0   1
  69000   16000000|  7   5  87   0   0   1
  69000   16000000|  7   5  87   0   0   0
  70000   17000000|  6   6  87   0   0   1
  71000   17000000|  7  12  80   1   0   1
  78000   18000000|  6   8  85   0   0   0
  77000   18000000|  6   7  86   0   0   1
  78000   19000000|  6   5  89   0   0   0
  87000   20000000|  6   7  86   0   0   1
  92000   18000000| 10   7  83   0   0   0
  86000   19000000| 34   6  59   1   0   1
  81000   19000000| 35   5  60   0   0   1
  91000   22000000| 20   6  73   0   0   1
  77000   14000000|  7   6  87   0   0   0
  35000 7340000|  6   5  89   0   0   0
  32000 6605000|  6   4  89   0   0   0
  35000 7406000| 31   6  61   1   0   0
  31000 6740000| 32   6  61   0   0   0
  34000 7372000| 33   6  61   0   0   0
  35000 7495000| 33   6  61   0   0   1
  50000 8938000| 33   6  60   0   0   1
  93000   12000000| 29   8  64   0   0   0
  45000 9720000|  5   6  88   1   0   0
  39000 8083000|  7   6  87   0   0   0
  23000 5411000|  4   5  90   0   0   0
  28000 5645000|  5   5  89   0   0   0
  20000 4470000|  6   4  90   0   0   0
  24000 5406000|  5   4  89   1   0   1
  23000 5023000|  5   5  90   0   0   0
  29000 6005000|  7   5  88   0   0   0
  43000 7178000|  6   4  90   0   0   1
  93000   14000000|  5   5  90   0   0   0
  66000   14000000|  7   6  87   0   0   0
  48000   11000000|  6   6  86   2   0   0
  42000 9388000|  6   4  90   0   0   0
  45000   11000000|  6   6  88   0   0   0
  44000   10000000|  7   6  87   0   0   0
  49000   11000000|  6   6  88   0   0   1
  49000   11000000|  6   4  89   0   0   0
  50000   12000000|  6   4  89   1   0   0
  52000   13000000|  5   6  89   0   0   0
  52000   12000000|  6   5  89   0   0   0
  64000   14000000|  6   6  88   0   0   0
  57000   11000000|  7   4  88   0   0   1
  53000   12000000|  6   6  88   0   0   0
  53000   12000000|  6   4  88   1   0   1
  62000   12000000|  7   4  89   0   0   0
  50000   11000000|  5   4  90   0   0   0
  55000   12000000|  6   6  88   0   0   0
  52000   12000000|  7   4  88   0   0   1
  54000   12000000|  6   3  90   0   0   0
  51000   12000000|  7   5  86   1   0   1
  50000   12000000|  7   4  88   0   0   0
  51000   12000000|  7   6  88   0   0   0
  55000   12000000|  6   6  88   0   0   1
  54000   13000000|  7   4  89   0   0   1
  54000   12000000|  6   5  89   0   0   0
  61000   14000000|  7   5  86   1   0   1
  64000   14000000|  7   6  87   0   0   0
  67000   15000000|  7   6  87   0   0   0
  67000   16000000|  6   6  88   0   0   0
  78000   17000000|  7   5  87   0   0   1
  69000   16000000|  6   6  88   0   0   0
  79000   18000000|  6   6  86   2   0   0
  80000   19000000|  7   4  89   0   0   0
  86000   21000000|  7   6  87   0   0   0
  90000   23000000|  7   6  87   0   0   0
 103000   24000000|  7   6  86   0   0   1
  96000   24000000|  6   5  89   0   0   1
  94000   24000000|  7   5  87   1   0   0
  99000   25000000|  7   6  86   0   0   1
  94000   24000000|  7   5  87   0   0   0
 103000   26000000|  6   6  87   0   0   1
  99000   24000000|  7   5  88   0   0   1
 111000   26000000|  6   5  88   0   0   0
 105000   24000000|  5   6  88   1   0   0
 138000   26000000|  7   6  87   0   0   1
 123000   24000000|  7   6  87   0   0   1
 129000   25000000| 31   7  61   0   0   1
 120000   25000000| 31   7  60   0   0   1
   0     0| 10   5  85   0   0   0
   0     0|  7   6  86   1   0   0
   0     0|  5   4  91   0   0   0
   0     0|  5   6  89   0   0   0
   0     0|  5   5  89   0   0   0
   0     0|  6   5  88   0   0   1
   0     0|  6   5  87   1   0   0
   0     0|  6   5  89   0   0   0
   0     0|  6   3  91   0   0   0
   0     0|  6   6  87   0   0   0
   0     0|  7   7  86   0   0   1
   0     0|  6   5  89   0   0   0
   0     0|  5   5  88   1   0   0
   0     0|  5   5  90   0   0   0
   0     0|  5   5  90   0   0   0
   0     0|  6   5  89   0   0   0
   0     0|  6   5  89   0   0   1
   0     0|  6   5  88   0   0   1
   0     0|  5   5  88   2   0   1
   0     0|  5   5  89   0   0   1
   0     0|  7   5  88   0   0   0
   0     0|  8   5  86   0   0   1
   0     0| 32   6  61   0   0   1
   0     0| 33   5  61   0   0   1
1996000  391000000| 12   5  81   1   0   1
  55000 8912000|  6   6  88   0   0   0
  24000 4404000|  5   6  89   0   0   0
  25000 5138000|  5   5  89   0   0   1
  25000 4413000|  6   5  90   0   0   0
  25000 5130000|  6   5  88   2   0   0
  26000 4545000|  5   5  90   0   0   0
  33000 5645000|  5   5  90   0   0   1
  56000 7365000|  6   5  89   0   0   1
  85000   11000000|  6   4  90   0   0   0
  54000   10000000|  4   5  90   0   0   1
  50000 9825000|  5   5  88   1   0   0
  60000   11000000|  6   5  89   0   0   0
  59000   10000000|  6   5  88   0   0   1
  64000   11000000|  7   3  89   0   0   0
  64000   12000000|  5   5  90   0   0   0
  73000   14000000|  6   5  89   0   0   0
  73000   15000000|  6   5  88   1   0   1
  76000   17000000|  7   4  88   0   0   1
 100000   19000000|  6   6  88   0   0   1
  83000 9686000|  6   5  89   0   0   0
  43000 7695000|  5   5  89   0   0   0
  35000 7672000|  7   5  88   0   0   0
  42000 7872000|  6   5  87   1   0   1
  37000 7928000|  5   6  89   0   0   0
  44000 8181000|  6   4  89   0   0   0
  38000 8134000|  4   5  90   0   0   0
  44000 8444000|  7   4  90   0   0   0
  37000 8138000|  6   5  89   0   0   0
  46000 8739000|  8   4  87   2   0   0
  41000 8539000|  6   4  89   0   0   0
  47000 9273000|  5   6  89   0   0   0
  44000 9406000|  5   6  89   0   0   0
  53000   11000000|  5   5  90   0   0   0
  57000   11000000|  7   5  88   0   0   0
  70000   13000000|  5   5  89   1   0   0
  72000   14000000|  5   6  88   0   0   1
  89000   16000000|  7   5  88   0   0   0
  77000   15000000|  6   5  88   0   0   0
  86000   15000000|  6   5  88   0   0   1
  68000   15000000|  6   6  88   0   0   0
  79000   16000000|  6   5  88   1   0   0
  91000   17000000|  6   5  89   0   0   1
  84000   18000000|  6   6  88   0   0   0
  95000   17000000|  7   4  88   0   0   1
  77000   14000000|  6   6  88   0   0   0
  80000   14000000|  6   6  88   0   0   1
  67000   14000000|  6   5  89   1   0   0
  74000   15000000|  6   4  89   0   0   1
  68000   14000000|  5   5  89   0   0   0
  68000   15000000|  7   6  87   0   0   1
  79000   13000000|  6   6  88   0   0   0
  59000   13000000|  6   4  89   0   0   0
  61000   13000000|  5   5  89   1   0   0
  66000   14000000|  5   5  89   0   0   1
  71000   14000000| 23   6  71   0   0   0
  71000   15000000| 32   6  61   0   0   1
  75000   15000000| 32   5  63   0   0   1
  75000   15000000| 32   6  61   0   0   1
  68000   13000000| 32   6  61   0   0   1
  66000   15000000| 15   5  80   0   0   0
  71000   15000000|  5   5  89   0   0   1
  61000   10000000|  7   6  87   0   0   0
  54000   10000000|  6   5  89   0   0   0
  58000 9636000|  6   5  90   0   0   0
  37000 8140000|  6   5  88   2   0   0
  47000 9881000|  6   5  89   0   0   0
  46000 9965000|  6   5  88   0   0   1
  63000   11000000|  6   4  90   0   0   0
  78000   14000000|  6   5  88   0   0   0
 123000   19000000|  7   4  88   0   0   0
  67000   13000000|  7   5  87   1   0   1
  74000   17000000|  5   6  89   0   0   0
  82000   15000000|  7   5  88   0   0   1
  80000   16000000|  6   5  89   0   0   0
  87000   18000000|  7   4  88   0   0   0
  84000   17000000|  7   6  87   0   0   1
  96000   19000000|  5   5  88   1   0   0
  84000   16000000|  6   5  88   0   0   1
  92000   16000000|  5   6  89   0   0   0
  71000   14000000|  4   6  90   0   0   0
  76000   15000000|  7   6  88   0   0   0
  75000   15000000|  6   6  87   0   0   1
  86000   13000000|  6   4  89   1   0   0
  57000   11000000|  6   5  89   0   0   0
  59000   12000000|  6   5  88   0   0   0
  72000   13000000|  6   5  89   0   0   0
  63000   12000000|  6   5  89   0   0   0
  66000   13000000|  6   6  88   0   0   0
  68000   12000000|  6   5  88   1   0   0
  67000   13000000|  7   5  88   0   0   0
  62000   12000000|  5   5  89   0   0   1
  64000   13000000|  6   5  89   0   0   1
  68000   13000000|  6   6  88   0   0   1
  74000   14000000|  6   5  89   0   0   0
  69000   13000000|  5   5  89   1   0   1
  73000   14000000| 28   5  65   0   0   1
  79000   15000000| 32   6  62   0   0   0
  75000   16000000| 32   5  62   0   0   1
  97000   18000000| 33   5  62   0   0   1
  91000   16000000| 32   6  61   0   0   1
 100000   18000000| 32   6  60   1   0   1
 102000   19000000| 15   7  78   0   0   1
 105000   20000000|  5   7  87   0   0   1
  76000   16000000|  5   5  89   0   0   1
  83000   17000000|  5   4  91   0   0   0
  80000   17000000|  5   5  90   0   0   1
  84000   17000000|  6   4  89   1   0   0
  76000   17000000|  7   5  87   0   0   1
  84000   18000000|  4   6  89   0   0   1
  93000   19000000|  5   5  89   0   0   1
 147000   23000000|  5   5  89   0   0   0
 103000   21000000|  6   5  88   0   0   1
 103000   23000000|  7   4  87   1   0   1
 109000   22000000|  6   4  89   0   0   1
 107000   22000000| 12   6  81   0   0   1
 109000   21000000| 30   5  64   0   0   1
  99000   21000000| 28   5  65   0   0   1
 100000   18000000|  6   6  88   0   0   0
  25000 4405000|  4   6  88   1   0   0
  28000 4337000|  5   5  90   0   0   0
  26000 4471000|  4   5  92   0   0   0
  26000 4472000|  5   5  90   0   0   0
  25000 4407000|  5   5  90   0   0   0
  30000 4765000|  5   4  90   0   0   0
  42000 5873000|  5   5  88   1   0   0
  75000 9376000|  6   5  89   0   0   0
  50000 5933000|  5   5  89   0   0   0
  29000 4548000|  5   5  91   0   0   0
  29000 5337000|  6   5  89   0   0   0
  34000 6515000|  6   5  89   0   0   0
  35000 8027000|  6   4  89   1   0   0
  54000   10000000|  6   5  89   0   0   0
  55000   12000000|  6   4  90   0   0   0
  68000   12000000|  4   6  89   0   0   1
  67000   11000000|  5   5  90   0   0   1
  51000   11000000|  6   6  88   0   0   0
  57000   11000000|  5   5  88   1   0   0
  67000   11000000|  6   5  89   0   0   0
  58000   11000000|  5   5  90   0   0   1
  71000   12000000|  6   6  89   0   0   0
  71000   12000000|  5   5  90   0   0   0
  63000   12000000|  6   5  89   0   0   0
  58000   13000000|  5   6  87   1   0   1
  63000   14000000|  6   5  89   0   0   1
  73000   15000000|  6   6  88   0   0   0
  79000   16000000|  6   5  89   0   0   1
  86000   15000000|  5   6  89   0   0   0
  75000   16000000|  5   6  89   0   0   0
  78000   17000000|  6   5  87   1   0   1
  89000   18000000|  6   5  89   0   0   0
  88000   19000000|  5   5  90   0   0   1
 104000   19000000|  6   5  89   0   0   0
  88000   19000000|  6   5  89   0   0   0
  92000   20000000|  5   5  88   1   0   1
 118000   22000000|  6   5  88   0   0   1
 110000   24000000|  7   5  88   0   0   1
 124000   26000000|  5   6  88   0   0   1
  83000   15000000|  5   5  89   0   0   0
  41000 8173000|  6   5  89   0   0   1
  42000 7325000|  4   5  90   1   0   0
  42000 8294000|  5   5  90   0   0   1
  47000 9740000|  5   6  89   0   0   0
  58000   11000000|  6   5  89   0   0   1
  60000   13000000|  5   5  89   0   0   0
  85000   15000000|  6   6  88   0   0   0
  82000   15000000|  5   6  88   1   0   1
  76000   15000000|  6   5  89   0   0   0
  73000   16000000|  8   5  87   0   0   1
  78000   17000000|  5   6  89   0   0   1
  86000   15000000|  6   5  89   0   0   0
  76000   15000000|  7   4  89   0   0   0
  76000   13000000|  5   5  89   1   0   0
  68000   14000000|  6   5  88   0   0   1
  74000   14000000|  6   5  89   0   0   0
  77000   15000000|  5   5  90   0   0   0
  79000   15000000|  6   5  89   0   0   1
  73000   14000000|  6   6  88   0   0   1
  73000   13000000|  4   5  90   1   0   1
  68000   14000000|  5   6  89   0   0   0
  78000   14000000|  5   6  89   0   0   0
  70000   14000000|  5   5  89   0   0   1
  86000   14000000|  6   4  90   0   0   0
  69000   13000000|  6   4  90   0   0   0
  74000   14000000|  6   5  87   1   0   1
  75000   14000000|  6   5  89   0   0   0
  91000   16000000|  4   5  89   0   0   1
  75000   16000000|  4   6  89   0   0   1
  85000   14000000|  5   5  89   0   0   1
  75000   14000000|  5   5  90   0   0   0
  80000   15000000|  5   5  87   2   0   1
  81000   13000000|  6   5  89   0   0   0
  73000   13000000|  5   5  89   0   0   1
  67000   14000000|  6   5  89   0   0   0
  75000   14000000|  5   5  90   0   0   0
  75000   14000000| 17   6  76   0   0   1
  74000   14000000| 32   4  61   1   0   1
  83000   15000000| 31   5  63   0   0   0
  90000   15000000| 44   8  46   0   0   1
  95000   16000000| 49   7  43   0   0   1
 100000   16000000| 31   5  63   0   0   1
  73000   12000000| 32   7  62   0   0   0
  52000   10000000|  7   5  86   1   0   0
  26000 2874000|  6   5  89   0   0   0
3413B 2645B|  4   4  92   0   0   0
9910B 3946B|  5   5  91   0   0   0
3628B  131000|  5   5  91   0   0   0
6606B  521000|  4   5  89   2   0   0
  28000 2704000|  5   4  90   0   0   0
  69000 3577000|  5   4  91   0   0   0
  54000 6835000|  5   5  90   0   0   1
  91000   12000000|  4   5  91   0   0   0
  44000   10000000|  5   4  90   0   0   0
  71000   13000000|  5   5  89   1   0   1
  57000   13000000|  5   4  91   0   0   0
  82000   15000000|  5   5  89   0   0   1
  64000   12000000|  5   5  90   0   0   0
  60000   13000000|  6   5  90   0   0   0
  65000   12000000|  5   7  89   0   0   0
  65000   12000000|  5   4  89   1   0   0
  62000   13000000|  6   5  89   0   0   1
  64000   13000000|  6   5  89   0   0   0
  60000   11000000|  5   4  90   0   0   0
  64000   11000000|  5   4  91   0   0   0
  51000   10000000|  5   4  90   0   0   0
  51000   10000000|  4   5  89   1   0   1
  55000   11000000|  5   4  91   0   0   0
  57000   10000000|  5   5  90   0   0   0
  53000   11000000|  4   5  91   0   0   0
  52000   10000000|  5   5  90   0   0   0
  55000   11000000|  5   5  90   0   0   0
  59000   11000000|  6   4  89   1   0   0
  55000   11000000|  5   5  90   0   0   0
  57000   12000000|  6   4  89   0   0   0
  64000   12000000|  7   4  89   0   0   1
  71000   13000000|  6   4  90   0   0   0
  71000   14000000|  5   5  90   0   0   1
  78000   16000000|  5   5  89   1   0   0
  89000   18000000|  5   5  89   0   0   1
  94000   20000000|  5   5  89   0   0   0
 113000   22000000|  5   5  90   0   0   1
 126000   26000000|  5   6  89   0   0   1
 129000   28000000|  5   5  90   0   0   0
 144000   30000000|  7   6  86   1   0   1
 148000   31000000|  5   6  88   0   0   1
 164000   34000000|  6   6  87   0   0   1
 171000   32000000|  5   4  90   0   0   1
  84000   17000000|  6   5  89   0   0   0
  87000   19000000|  5   5  89   0   0   1
  88000   17000000|  5   5  89   1   0   0
  62000 9529000|  5   5  90   0   0   0
  17000 2972000|  4   5  91   0   0   0
  23000 5085000|  4   4  91   0   0   0
  24000 4624000|  5   5  90   0   0   0
  30000 5937000|  5   5  89   1   0   0
  34000 7071000|  6   5  89   0   0   0
  45000 9406000|  5   6  89   0   0   0
  56000   12000000|  5   5  90   0   0   1
  85000   16000000|  5   5  90   0   0   0
  82000   17000000|  6   5  89   0   0   1
  83000   18000000|  7   5  88   1   0   0
  91000   19000000|  5   5  89   0   0   0
  96000   20000000|  3   5  91   0   0   0
 101000   21000000|  6   4  89   0   0   1
 105000   22000000|  7   4  89   0   0   0
 113000   22000000|  4   4  90   0   0   1
  88000   13000000|  4   4  90   1   0   1
  31000 6623000|  5   5  90   0   0   0
  38000 7252000|  5   6  90   0   0   0
  38000 6754000|  5   5  91   0   0   0
  37000 7277000|  5   6  89   0   0   0
  45000 9800000|  5   5  90   0   0   0
  54000   11000000|  5   5  90   1   0   0
  62000   11000000|  5   4  90   0   0   1
  57000 9490000|  6   4  89   0   0   0
  53000   10000000|  5   5  90   0   0   0
  52000   10000000| 22   5  73   0   0   0
  49000   11000000| 31   5  62   1   0   1
  50000   11000000| 31   5  63   0   0   1
  47000   10000000| 32   5  62   0   0   1
  49000   11000000| 31   6  62   0   0   1
  48000   10000000| 31   5  64   0   0   1
  53000   11000000| 31   5  64   0   0   0
  48000   10000000| 28   6  66   1   0   0
  52000   12000000|  5   5  91   0   0   0
  51000   11000000|  5   5  90   0   0   0
  39000 7421000|  5   7  88   0   0   0
  34000 6606000|  4   3  92   0   0   0
  36000 7339000|  4   5  91   0   0   0
  36000 7806000|  4   4  89   2   0   0
  38000 8547000| 16   5  78   0   0   0
  46000   10000000| 31   5  64   0   0   1
  56000   11000000| 31   5  63   0   0   1
  80000   14000000| 29   6  65   0   0   0
  76000   15000000|  4   4  92   0   0   1
  39000 3631000|  4   7  89   1   0   0
  14000 3137000|  3   4  93   0   0   0
  12000 2803000|  4   5  91   0   0   0
  16000 3403000|  5   5  91   0   0   0
  15000 3158000|  4   6  90   0   0   0
  18000 3650000|  4   4  91   1   0   0
  22000 3759000|  4   5  91   0   0   0
  49000 6650000|  5   5  89   0   0   1
  63000 7842000|  4   5  92   0   0   0
  30000 7120000|  5   5  90   0   0   0
  36000 8978000|  4   6  90   0   0   0
  43000   10000000|  5   5  89   1   0   0
  49000   12000000|  5   4  91   0   0   0
  48000 9972000|  5   5  90   0   0   1
  48000   11000000|  5   4  91   0   0   0
  50000   11000000|  5   5  89   0   0   0
  57000   13000000|  5   5  90   0   0   0
  59000   13000000|  4   5  89   1   0   0
  69000   16000000|  4   5  90   0   0   0
  70000   16000000|  6   5  89   0   0   1
  71000   14000000|  5   5  90   0   0   0
  64000   15000000|  4   5  90   0   0   1
  71000   14000000|  4   5  91   0   0   0
  59000   13000000|  5   5  88   1   0   1
  60000   14000000|  4   5  90   0   0   1
  68000   13000000|  4   5  90   0   0   0
  54000   12000000|  5   5  90   0   0   1
  62000   13000000|  6   5  89   0   0   0
  56000   12000000|  5   5  90   0   0   0
  58000   13000000|  5   4  88   2   0   0
  55000   13000000|  4   6  89   0   0   0
  62000   13000000|  4   5  91   0   0   0
  56000   12000000|  5   5  90   0   0   0
  66000   12000000|  5   5  90   0   0   1
  50000   10000000|  5   5  89   0   0   1
  57000   11000000|  5   5  89   1   0   1
  58000 8365000|  4   5  91   0   0   0
  43000 8997000|  5   4  91   0   0   0
  45000 9473000|  6   5  90   0   0   0
  49000 8697000|  4   5  90   0   0   1
  43000 8782000|  5   5  90   0   0   0
  42000 8672000|  5   4  90   1   0   0
  45000 9080000|  4   6  90   0   0   1
  43000 8798000|  5   5  90   0   0   0
  44000 9072000|  5   5  90   0   0   0
  41000 7691000|  4   5  91   0   0   0
  39000 8072000|  4   5  90   0   0   0
  40000 8472000|  5   4  90   1   0   0
  40000 8739000|  5   5  91   0   0   0
  47000 9339000|  5   5  90   0   0   0
  44000 9273000|  5   4  90   0   0   0
  46000 9940000|  4   5  91   0   0   0
  44000 9806000|  4   6  89   0   0   1
  50000   11000000|  5   5  89   1   0   0
  49000   11000000|  4   5  91   0   0   0
  58000   12000000|  5   6  89   0   0   0
  59000   13000000|  4   6  90   0   0   0
  69000   15000000|  4   5  90   0   0   1
  73000   16000000|  6   5  89   0   0   1
  78000   18000000|  4   6  89   1   0   1
  90000   21000000|  5   4  90   0   0   0
  65000   11000000|  4   4  91   0   0   0
  43000   10000000|  5   6  90   0   0   0
  50000   12000000|  4   6  90   0   0   0
  63000   16000000|  6   5  90   0   0   0
  75000   19000000|  3   5  89   1   0   1
 102000   25000000|  5   5  89   0   0   1
 107000   26000000|  4   5  90   0   0   0
 106000   23000000|  6   5  89   0   0   0
  63000   11000000|  4   5  91   0   0   1
  44000   10000000|  5   4  90   0   0   0
  46000   11000000|  4   5  90   1   0   0
  51000   12000000|  5   4  91   0   0   1
  56000   13000000|  5   5  90   0   0   1
  65000   14000000|  5   4  90   0   0   0
  68000   16000000|  5   6  89   0   0   1
  81000   18000000|  5   5  89   0   0   1
  68000   16000000|  4   5  90   1   0   0
  76000   18000000|  5   5  90   0   0   1
  77000   18000000|  4   5  90   0   0   1
  78000   18000000| 20   6  73   0   0   1
  75000   16000000| 31   5  63   0   0   1
  72000   16000000| 30   4  65   0   0   1
  75000   17000000| 30   6  63   0   0   1
  78000   17000000| 14   5  81   0   0   0
  68000   10000000|  4   5  90   0   0   0
  23000 4338000|  3   5  92   0   0   0
  26000 4404000|  4   4  92   0   0   0
  22000 4538000|  4   5  91   0   0   0
  21000 4405000|  4   4  91   2   0   0
  21000 4462000|  4   6  90   0   0   0
  27000 5040000|  4   4  92   0   0   1
  39000 6363000|  4   5  91   0   0   0
  84000   13000000|  5   5  90   0   0   1
  46000 8561000|  3   5  91   0   0   1
  47000   12000000|  5   5  89   1   0   0
  52000   10000000| 24   5  71   0   0   0
  49000   11000000| 30   4  65   0   0   1
  50000   11000000| 29   6  64   0   0   1
  51000   11000000| 30   4  65   0   0   0
  53000   11000000| 29   6  64   0   0   1
  59000   13000000| 30   5  64   1   0   1
  61000   11000000| 10   5  85   0   0   0
  56000   12000000|  4   5  91   0   0   0
  36000 4562000|  5   5  90   0   0   0
  21000 4204000|  4   4  92   0   0   0
  22000 4538000|  5   5  89   2   0   0
  25000 4804000|  4   5  91   0   0   0
  22000 4945000|  5   5  90   0   0   0
  29000 5387000|  4   5  91   0   0   0
  35000 5950000|  5   5  91   0   0   0
  64000 8829000|  4   6  90   0   0   0
  77000   11000000|  4   5  90   1   0   1
  49000 9513000|  3   5  92   0   0   0
  40000 8804000|  4   6  90   0   0   0
  39000 9139000|  6   4  90   0   0   0
  46000 8853000|  5   4  91   0   0   0
  42000 8727000|  4   5  90   0   0   1
  44000 8933000|  3   5  91   1   0   0
  42000 8828000|  4   5  92   0   0   0
  43000 9406000|  5   5  91   0   0   0
  50000   10000000|  5   4  91   0   0   0
  43000 8579000|  4   5  90   0   0   0
  45000 9268000|  4   4  92   0   0   0
  45000 9268000|  4   5  90   1   0   0
  48000 9785000|  5   4  91   0   0   0
  48000 9812000|  4   5  91   0   0   0
  49000   10000000|  5   3  91   0   0   0
  47000   10000000|  4   5  91   0   0   0
  43000   10000000|  6   4  91   0   0   0
  46000   10000000|  4   5  90   1   0   0
  45000   10000000|  4   4  92   0   0   1
  52000 9738000|  4   5  91   0   0   0
  40000 8211000|  4   4  92   0   0   0
  42000 9206000|  4   5  91   0   0   0
  45000 9072000|  5   5  90   0   0   0
  46000   10000000|  5   4  90   1   0   0
  47000 9836000|  4   4  91   0   0   0
  51000   10000000|  4   4  92   0   0   0
  53000   11000000|  5   5  90   0   0   0
  59000   12000000|  4   5  91   0   0   1
  59000   13000000|  5   4  91   0   0   0
  60000   13000000|  4   5  89   1   0   1
  66000   15000000|  5   5  90   0   0   0
  74000   17000000|  4   4  91   0   0   1
  79000   19000000|  5   5  90   0   0   1
  88000   21000000|  4   4  91   0   0   1
  99000   24000000|  4   5  90   0   0   1
 108000   26000000|  4   5  89   1   0   1
 113000   25000000|  4   5  90   0   0   0
 106000   23000000|  5   4  91   0   0   0
 100000   20000000|  4   4  91   0   0   1
  28000 6048000|  5   4  91   0   0   0
  32000 6472000|  5   4  90   0   0   0
  31000 6692000|  4   5  89   2   0   0
  32000 7405000|  4   4  93   0   0   0
  37000 8597000|  5   5  90   0   0   0
  43000   10000000|  4   4  92   0   0   0
  49000   12000000|  4   5  91   0   0   1
  62000   12000000|  5   4  91   0   0   0
  54000   11000000|  5   4  90   1   0   0
  55000   11000000|  4   5  91   0   0   1
  51000   11000000|  5   6  89   0   0   1
  51000   11000000|  5   4  91   0   0   0
  56000   12000000|  5   5  89   0   0   1
  58000   12000000|  4   5  90   0   0   1
  65000   14000000|  6   5  89   1   0   0
  68000   12000000|  5   4  91   0   0   1
  57000   11000000|  4   4  91   0   0   0
  55000   12000000|  4   5  91   0   0   0
  59000   13000000|  4   6  90   0   0   1
  60000   13000000|  5   4  91   0   0   0
  65000   14000000|  4   6  89   1   0   0
  72000   13000000|  7   5  88   0   0   0
  57000   12000000| 30   5  64   0   0   1
  58000   12000000| 30   4  65   0   0   1
  58000   12000000| 30   5  65   0   0   1
  59000   12000000| 29   6  65   0   0   1
  60000   13000000| 30   5  63   1   0   1
  59000   13000000| 16   5  79   0   0   0
  64000   12000000|  4   6  90   0   0   0
  30000 5806000|  4   4  91   0   0   0
  29000 6205000|  3   5  92   0   0   0
  33000 6939000|  4   4  92   0   0   0
  36000 7407000|  4   5  90   1   0   0
  37000 8754000|  4   4  92   0   0   0
  41000 9449000|  5   3  91   0   0   1
  57000   12000000|  4   5  91   0   0   0
  94000   16000000|  5   5  90   0   0   1
  96000   18000000|  4   5  91   0   0   0
  84000   20000000|  4   5  90   1   0   0
  69000   13000000|  4   4  92   0   0   0
  27000 6520000|  4   5  91   0   0   0
  30000 7660000|  4   4  92   0   0   0
  33000 7872000|  4   4  92   0   0   0
  40000 9406000|  4   4  91   0   0   0
  39000 9806000|  3   5  91   1   0   0
  52000   12000000|  4   4  92   0   0   0
  50000   11000000|  3   5  92   0   0   0
  50000   11000000|  4   6  90   0   0   0
  52000   11000000|  4   5  91   0   0   0
  52000 9689000|  4   4  92   0   0   0
  43000 9740000|  5   3  91   1   0   0
  45000   10000000|  4   5  91   0   0   0
  44000   10000000|  3   6  91   0   0   1
  49000   10000000|  4   5  91   0   0   0
  48000   10000000|  4   4  92   0   0   0
  49000   10000000|  4   6  89   1   0   0
  52000   11000000|  4   5  91   0   0   0
  51000   11000000| 26   5  69   0   0   1
  53000   11000000| 30   5  64   0   0   1
  51000   11000000| 29   4  66   0   0   1
  56000   13000000| 30   5  65   0   0   0
  65000   13000000| 30   6  62   1   0   1
  62000   11000000| 31   4  65   0   0   0
  50000   11000000| 30   4  66   0   0   1
  55000   12000000| 25   5  69   0   0   1
  58000   12000000|  4   5  91   0   0   0
  57000   11000000|  4   4  92   0   0   0
  52000   10000000|  5   4  89   1   0   1
  33000 5429000|  4   4  92   0   0   0
  30000 6005000|  4   5  92   0   0   0
  29000 6005000|  4   4  92   0   0   0
  32000 6406000|  4   4  92   0   0   0
  28000 6234000|  5   5  91   0   0   0
  31000 6622000|  3   5  91   1   0   0
  36000 7126000|  4   3  92   0   0   0
  60000 7500000|  5   3  92   0   0   0
  53000 6988000|  3   5  92   0   0   0
  41000 7955000|  4   5  91   0   0   0
  37000 8138000|  4   4  92   0   0   0
  36000 8205000|  4   4  91   1   0   0
  35000 8265000|  3   4  92   0   0   0
  35000 8479000|  4   5  92   0   0   0
  37000 8605000|  4   5  91   0   0   1
  37000 8373000|  5   5  91   0   0   0
  40000 8638000|  4   4  92   0   0   0
  43000 8761000|  3   4  91   1   0   1
  46000 7236000|  4   3  93   0   0   0
  33000 6945000|  3   4  92   0   0   0
  39000 8115000|  4   4  91   0   0   0
  37000 7805000|  4   4  92   0   0   0
  41000 9098000|  4   5  91   0   0   0
  43000 8580000|  3   4  91   1   0   0
  44000 9139000|  4   6  90   0   0   1
  42000 8672000|  5   4  91   0   0   0
  43000 9072000|  4   5  91   0   0   0
  43000 8872000|  4   6  90   0   0   0
  41000 8939000|  4   4  92   0   0   0
  41000 9072000|  3   5  90   2   0   0
  46000 9539000|  4   5  91   0   0   1
  48000   10000000|  4   4  92   0   0   0
  51000   10000000|  4   5  91   0   0   0
  56000   12000000|  5   5  90   0   0   0
  60000   13000000|  4   4  92   0   0   0
  68000   15000000|  4   5  90   1   0   0
  76000   16000000|  3   5  92   0   0   0
  82000   19000000|  4   5  90   0   0   1
  95000   21000000|  4   5  91   0   0   1
  87000   20000000|  6   5  89   0   0   1
 100000   24000000|  4   5  91   0   0   0
  63000   11000000|  4   4  91   1   0   1
  57000   14000000|  4   5  91   0   0   0
  65000   15000000|  4   5  91   0   0   1
  80000   19000000|  4   6  90   0   0   0
  91000   16000000|  4   5  91   0   0   1
  62000   13000000|  3   5  92   0   0   0
  49000 9791000| 30   4  66   0   0   1
  54000   12000000| 30   5  64   0   0   0
  47000   11000000| 30   4  66   0   0   1
  54000   12000000| 28   5  67   0   0   1
  53000   12000000| 29   5  65   0   0   1
  52000   12000000| 29   4  66   0   0   1
  55000   12000000| 17   5  78   1   0   0
  56000   12000000|  4   3  92   0   0   1
  31000 5632000|  4   5  91   0   0   0
  24000 4871000|  3   4  93   0   0   0
  25000 5672000|  3   4  92   0   0   0
  25000 5204000|  3   4  93   0   0   0
  28000 6212000|  4   5  90   2   0   0
  28000 6054000|  3   4  93   0   0   0
  38000 7849000|  3   4  93   0   0   0
  69000 9747000|  4   4  92   0   0   0
  63000   11000000|  3   5  92   0   0   0
  61000   13000000|  4   3  92   0   0   1
  58000   13000000|  4   4  91   1   0   1
  69000   16000000|  4   5  91   0   0   0
  73000   17000000|  3   5  92   0   0   0
  83000   19000000|  4   5  91   0   0   0
  32000 4120000|  4   4  92   0   0   0
  19000 3936000|  3   4  93   0   0   0
  20000 4536000|  4   4  91   1   0   0
  21000 4803000|  3   3  93   0   0   0
  25000 5537000|  4   4  91   0   0   1
  32000 6595000|  3   4  93   0   0   0
  30000 5501000|  4   4  92   0   0   0
  29000 6057000|  3   4  92   0   0   0
  29000 6484000|  3   4  92   1   0   0
  30000 6480000|  3   5  92   0   0   0
  33000 6465000|  3   4  92   0   0   0
  32000 6257000|  3   5  92   0   0   0
  35000 6751000|  4   4  93   0   0   0
  33000 6537000|  3   5  93   0   0   0
  35000 6938000|  4   5  91   1   0   0
  35000 6831000|  3   5  91   0   0   1
  37000 7245000|  4   5  91   0   0   0
  33000 6896000|  4   5  92   0   0   0
  40000 7646000|  4   3  92   0   0   1
  39000 7605000|  4   4  92   0   0   0
  41000 8472000|  4   5  91   1   0   0
  41000 8739000|  3   5  92   0   0   1
  50000   10000000|  4   5  91   0   0   1
  51000   11000000|  3   5  91   0   0   1
  59000   13000000|  3   4  92   0   0   0
  63000   14000000|  4   5  91   0   0   0
  79000   17000000|  3   5  91   1   0   1
  82000   19000000|  4   5  90   0   0   1
  95000   23000000|  4   5  90   0   0   1
  60000   11000000|  4   4  92   0   0   0
  51000   10000000|  3   4  93   0   0   0
  46000 9507000|  3   4  92   0   0   0
  45000   11000000|  3   5  91   1   0   0
  53000   13000000|  4   4  92   0   0   0
  60000   15000000|  5   4  91   0   0   1
  73000   18000000|  4   5  91   0   0   1
  77000   17000000|  3   5  92   0   0   0
  78000   18000000|  4   5  91   0   0   1
  78000   18000000| 23   5  71   1   0   0
  77000   19000000| 29   5  65   0   0   1
  76000   18000000| 29   6  65   0   0   1
  79000   19000000| 26   4  69   0   0   1
  78000   19000000|  3   5  92   0   0   1
  47000 8644000|  4   4  92   0   0   0
  38000 8340000|  3   4  91   1   0   0
  37000 6517000|  3   4  93   0   0   0
  33000 6374000|  3   4  93   0   0   0
  27000 4713000|  3   4  93   0   0   0
  26000 5386000|  4   4  92   0   0   0
  30000 5890000|  3   5  92   0   0   0
  48000 7683000|  4   4  91   1   0   0
  89000   14000000|  4   5  91   0   0   1
  71000   15000000|  4   5  90   0   0   1
  46000 9600000|  4   5  92   0   0   0
  41000 8994000|  4   4  92   0   0   1
  40000 9072000|  3   5  92   0   0   0
  43000 9256000|  3   4  91   1   0   0
  45000 9536000|  3   4  92   0   0   0
  44000 9642000|  4   5  91   0   0   0
  47000   10000000|  3   4  93   0   0   0
  47000   10000000|  4   5  92   0   0   0
  52000   10000000|  4   3  92   0   0   0
  53000   10000000|  4   4  90   1   0   1
  54000   12000000|  4   4  92   0   0   0
  60000   13000000|  4   6  90   0   0   1
  66000   14000000|  4   4  92   0   0   0
  72000   16000000|  3   5  92   0   0   1
  78000   18000000|  3   5  91   1   0   1
  85000   20000000|  4   4  91   0   0   1
  64000   11000000|  3   4  93   0   0   0
  18000 3869000|  3   4  93   0   0   0
  22000 4536000|  3   5  92   0   0   0
  21000 4736000|  3   4  93   0   0   0
  26000 5604000|  4   4  91   1   0   0
  31000 6871000|  3   5  93   0   0   0
  38000 8502000|  4   4  91   0   0   1
  49000 9680000|  3   4  92   0   0   1
  43000 9606000|  4   4  92   0   0   0
  48000   11000000|  3   4  93   0   0   0
  52000   12000000|  3   5  91   1   0   0
  59000   13000000|  3   4  93   0   0   0
  61000   14000000|  3   4  93   0   0   0
  71000   16000000|  5   5  91   0   0   0
  73000   17000000|  4   5  91   0   0   0
  85000   21000000|  3   5  92   0   0   1
  87000   21000000|  3   5  91   1   0   0
  96000   22000000| 27   6  65   0   0   1
  89000   22000000| 30   5  64   0   0   1
  94000   22000000| 30   5  64   0   0   1
  96000   23000000| 29   6  64   0   0   1
 102000   22000000| 29   5  65   0   0   1
  43000 7086000| 28   5  66   1   0   0
  34000 8047000| 24   5  71   0   0   0
  43000 9741000|  3   4  93   0   0   1
  26000 4310000|  4   4  92   0   0   0
  11000 2003000|  3   4  93   0   0   0
  16000 3804000|  3   5  91   2   0   0
  22000 5453000|  2   4  93   0   0   0
  33000 9159000|  4   4  92   0   0   0
  50000   13000000|  3   5  93   0   0   0
  57000   13000000|  3   4  92   0   0   1
  83000   18000000|  3   5  91   0   0   1
  89000   13000000|  2   5  92   1   0   1
  54000   12000000|  4   4  92   0   0   0
  55000   15000000|  4   4  92   0   0   0
  77000   20000000|  4   4  92   0   0   0
  83000   21000000|  4   4  92   0   0   0
  95000   24000000|  4   4  91   0   0   1
  90000   22000000|  3   4  92   1   0   1
 103000   26000000|  3   6  91   0   0   0
  97000   23000000|  3   5  91   0   0   1
 106000   23000000|  3   4  92   0   0   0
  79000   20000000|  4   4  91   0   0   1
  87000   20000000|  4   4  91   0   0   1
  79000   19000000|  3   6  90   1   0   1
  79000   19000000|  4   4  92   0   0   0
  80000   20000000| 20   4  76   0   0   0
  83000   20000000| 29   5  65   0   0   1
  91000   21000000| 29   4  67   0   0   1
  86000   20000000| 14   5  81   0   0   0
  86000   13000000|  4   4  91   1   0   0
  28000 5873000|  3   5  91   0   0   0
  32000 6938000|  3   4  93   0   0   0
  37000 6673000|  3   4  93   0   0   0
  35000 7741000|  4   4  92   0   0   0
  31000 7019000|  3   4  92   0   0   0
  38000 8370000|  4   4  90   1   0   0
  43000 8365000|  4   5  91   0   0   0
  75000   12000000|  4   4  92   0   0   1
  76000 9227000|  3   4  93   0   0   0
  44000   10000000|  3   4  92   0   0   0
  51000   12000000|  4   4  92   0   0   0
  54000   13000000|  3   5  91   1   0   0
  60000   14000000|  4   5  92   0   0   0
  58000   14000000|  4   4  92   0   0   0
  66000   16000000|  3   5  91   0   0   1
  64000   14000000|  4   4  92   0   0   1
  70000   16000000|  3   6  92   0   0   0
  63000   14000000|  4   4  90   1   0   1
  71000   15000000|  3   5  92   0   0   0
  63000   11000000|  3   4  93   0   0   0
  58000   13000000|  4   4  92   0   0   1
  59000   13000000|  3   4  93   0   0   0
  61000   14000000|  3   4  92   0   0   0
  63000   14000000|  4   4  91   0   0   1
  66000   15000000|  3   4  93   0   0   1
  68000   15000000|  3   4  92   0   0   0
  66000   15000000|  3   4  93   0   0   1
  70000   16000000|  3   5  92   0   0   0
  66000   15000000|  3   5  92   0   0   0
  69000   16000000|  4   4  91   1   0   0
  67000   15000000|  4   4  91   0   0   1
  65000   16000000|  3   4  92   0   0   1
  71000   16000000|  4   4  92   0   0   0
  70000   16000000|  4   4  91   0   0   1
  73000   17000000|  3   5  92   0   0   0
  78000   18000000|  4   4  91   1   0   1
  79000   19000000|  3   4  93   0   0   0
  87000   21000000|  4   4  91   0   0   1
  97000   21000000|  4   5  91   0   0   0
  85000   20000000|  5   4  91   0   0   1
  93000   23000000|  4   4  91   0   0   0
 100000   25000000|  4   5  89   1   0   1
 117000   25000000|  3   5  92   0   0   1
  47000   11000000|  4   4  92   0   0   0
  54000   11000000| 15   4  80   0   0   1
  49000   11000000| 28   5  67   0   0   0
  55000   12000000| 29   4  66   0   0   0
  55000   13000000| 28   4  66   1   0   1
  62000   14000000|  5   5  89   0   0   0
  37000 6136000|  3   4  93   0   0   1
  33000 7807000|  3   4  93   0   0   0
  43000 8854000|  3   4  93   0   0   0
  33000 8006000|  3   4  93   0   0   0
  43000 8947000|  3   4  91   1   0   1
  40000 9258000|  3   5  92   0   0   0
  48000   10000000|  3   4  93   0   0   0
  72000   12000000|  3   5  91   0   0   0
 101000   19000000|  4   5  91   0   0   0
  79000   17000000|  3   5  92   0   0   0
  76000   17000000|  4   4  90   1   0   0
  66000   16000000|  3   3  93   0   0   1
  69000   16000000|  4   4  92   0   0   1
  68000   16000000|  4   5  91   0   0   1
  73000   17000000|  3   5  92   0   0   0
  79000   16000000|  4   4  92   0   0   1
  68000   15000000|  2   5  92   1   0   0
  71000   16000000|  3   5  92   0   0   0
  69000   16000000|  4   4  92   0   0   0
  77000   17000000|  4   4  93   0   0   0
  74000   17000000|  4   4  92   0   0   0
  72000   17000000|  4   4  92   0   0   0
  73000   17000000|  3   4  92   1   0   0
  76000   18000000|  4   4  92   0   0   0
  74000   18000000| 29   5  66   0   0   1
  77000   19000000| 29   5  65   0   0   1
  78000   19000000| 29   4  66   0   0   1
  81000   20000000| 28   4  68   0   0   1
  85000   21000000|  3   5  92   1   0   0
  72000   15000000|  3   5  92   0   0   1
  60000   14000000|  3   4  93   0   0   0
  63000   14000000|  3   5  92   0   0   0
  70000   17000000|  4   3  93   0   0   0
  69000   13000000|  3   5  91   1   0   0
  43000   13000000|  3   4  93   0   0   0
  41000 5762000|  3   4  94   0   0   0
  33000 5460000|  3   4  93   0   0   0
  77000   11000000|  3   3  93   0   0   1
  56000   12000000|  2   4  93   0   0   0
  52000   13000000|  4   4  91   1   0   0
  53000   13000000|  3   4  93   0   0   0
  60000   14000000|  3   4  93   0   0   1
  61000   14000000|  3   4  93   0   0   0
  61000   15000000|  3   5  93   0   0   0
  65000   15000000|  3   4  93   0   0   0
  58000   13000000|  3   5  91   1   0   0
  60000   15000000|  3   4  92   0   0   1
  58000   14000000|  3   4  93   0   0   0
  62000   15000000|  4   3  93   0   0   0
  62000   14000000|  3   4  92   0   0   1
  62000   15000000|  3   4  92   0   0   1
  63000   15000000|  4   4  91   1   0   1
  68000   16000000|  3   5  92   0   0   1
  61000   15000000|  2   5  93   0   0   0
  70000   16000000|  2   5  92   0   0   1
  71000   16000000|  4   4  92   0   0   0
  76000   15000000|  3   4  93   0   0   0
  49000   11000000|  4   5  90   1   0   0
  61000   14000000|  4   4  91   0   0   1
  68000   16000000|  3   5  92   0   0   0
  69000   16000000|  3   4  92   0   0   0
  77000   16000000|  4   4  92   0   0   0
  72000   15000000|  4   4  92   0   0   1
  66000   15000000|  3   4  91   1   0   0
  69000   17000000|  3   4  93   0   0   0
  80000   18000000|  3   4  92   0   0   1
  85000   20000000|  4   5  91   0   0   0
  93000   23000000|  3   6  91   0   0   0
  98000   24000000|  2   5  92   0   0   1
  98000   19000000|  4   5  91   1   0   0
  31000 7301000|  3   4  93   0   0   1
  32000 7589000|  3   4  93   0   0   0
  34000 8072000|  3   5  92   0   0   0
  37000 8672000|  3   4  93   0   0   0
  44000   10000000|  2   4  94   0   0   0
  49000   11000000|  3   4  91   1   0   1
  61000   13000000|  3   5  92   0   0   0
  57000   13000000|  3   4  93   0   0   0
  67000   14000000|  2   5  93   0   0   0
  63000   14000000|  3   4  93   0   0   0
  66000   16000000|  2   5  92   0   0   1
  70000   17000000|  3   5  90   1   0   1
  76000   18000000| 22   5  74   0   0   0
  71000   12000000| 29   4  67   0   0   1
  40000 9539000| 29   5  66   0   0   0
  55000   13000000| 30   4  66   0   0   1
  60000   11000000| 29   5  66   0   0   1
  57000   13000000| 28   4  67   1   0   1
  55000   12000000| 28   6  66   0   0   1
  56000   13000000| 29   5  66   0   0   0
  62000   12000000| 29   4  67   0   0   1
  47000   11000000| 25   5  69   0   0   1
  50000   11000000|  3   5  92   0   0   0
  52000   11000000|  2   4  92   2   0   0
  52000   10000000|  3   5  91   0   0   0
  37000 5484000|  7   4  89   0   0   0
  27000 5757000| 28   4  68   0   0   0
  26000 5786000| 28   3  69   0   0   0
  26000 6006000| 28   4  68   0   0   1
  29000 6461000| 28   4  67   1   0   0
  34000 6637000| 27   4  68   0   0   1
  54000 8576000| 28   4  67   0   0   1
  91000   12000000| 27   4  69   0   0   1
  45000 9874000|  3   3  93   0   0   0
  54000   10000000|  3   5  92   0   0   1
  33000 7741000|  2   3  94   1   0   0
  32000 7449000|  3   4  93   0   0   0
  39000 6920000|  3   3  94   0   0   0
  27000 5939000|  3   3  94   0   0   0
  31000 6976000|  3   4  93   0   0   0
  30000 6784000|  3   3  94   0   0   0
  48000 8820000|  2   4  93   1   0   0
  78000   11000000|  2   5  93   0   0   1
  74000   12000000|  2   3  94   0   0   1
  35000 7603000|  2   4  93   0   0   0
  39000 9188000|  3   3  94   0   0   0
  37000 8737000|  3   4  93   0   0   1
  45000 9941000|  3   5  91   1   0   0
  43000 9940000|  3   4  93   0   0   0
  44000 9891000|  4   3  93   0   0   0
  45000   10000000|  3   3  93   0   0   0
  42000 9648000|  3   4  92   0   0   0
  44000 8605000|  3   4  93   0   0   0
  36000 8472000|  4   5  90   1   0   0
  43000 9740000|  3   4  93   0   0   0
  43000 9806000|  2   3  95   0   0   0
  46000   11000000|  2   4  93   0   0   1
  49000   11000000|  5   4  92   0   0   0
  53000   12000000|  3   5  92   0   0   1
  55000   13000000|  2   4  93   1   0   0
  59000   14000000|  3   4  93   0   0   0
  59000   15000000|  3   4  93   0   0   0
  69000   17000000|  3   3  93   0   0   1
  71000   18000000|  3   3  93   0   0   1
  85000   18000000|  3   4  93   0   0   0
  56000   13000000|  3   3  93   1   0   0
  67000   16000000|  3   4  93   0   0   0
  78000   16000000|  3   5  92   0   0   1
  62000   14000000|  3   3  93   0   0   0
  62000   14000000|  3   4  94   0   0   0
  68000   15000000|  3   3  93   0   0   1
  61000   14000000|  3   3  92   1   0   1
  61000   14000000|  3   6  90   0   0   0
  63000   14000000|  2   4  93   0   0   0
  60000   14000000|  4   4  92   0   0   1
  59000   15000000|  2   4  94   0   0   0
  59000   14000000|  3   4  93   0   0   1
  60000   15000000|  3   6  90   1   0   0
  57000   14000000|  3   5  92   0   0   0
  60000   15000000|  3   4  93   0   0   1
  67000   15000000|  3   4  92   0   0   0
  70000   16000000|  3   4  92   0   0   0
  66000   16000000|  3   4  92   0   0   1
  75000   16000000|  3   5  91   1   0   1
  68000   15000000|  3   5  93   0   0   0
  67000   16000000|  2   4  94   0   0   1
  73000   17000000|  3   5  93   0   0   0
  79000   19000000|  3   4  93   0   0   0
  84000   20000000|  3   4  92   0   0   1
  90000   21000000|  3   4  92   2   0   0
  94000   23000000|  3   5  92   0   0   0
  98000   24000000|  4   5  91   0   0   0
 102000   26000000|  3   5  92   0   0   1
  82000   13000000|  3   4  92   0   0   0
  36000 8574000|  3   4  94   0   0   0
  36000 8539000|  3   3  93   1   0   0
  43000 9673000|  3   3  94   0   0   0
  42000   10000000|  4   3  93   0   0   0
  51000   11000000|  3   4  94   0   0   0
  49000 8660000|  3   2  95   0   0   0
  37000 8911000|  3   3  93   0   0   1
  41000 9606000|  3   3  93   2   0   0
  41000 9473000|  2   4  94   0   0   0
  42000   10000000|  3   4  93   0   0   0
  39000 9673000|  2   4  94   0   0   0
  42000   10000000|  3   4  93   0   0   0
  42000 9673000|  3   5  93   0   0   0
  45000   10000000|  3   5  91   1   0   0
  41000 9740000|  4   4  92   0   0   0
  45000   10000000|  3   3  94   0   0   0
  49000   11000000|  3   4  92   0   0   1
  49000   11000000|  3   3  93   0   0   1
  52000   12000000|  4   3  93   0   0   0
  57000   14000000| 28   5  67   1   0   1
  62000   15000000| 29   4  67   0   0   1
  68000   17000000| 28   4  67   0   0   1
  78000   14000000| 28   5  68   0   0   0
  59000   14000000| 22   5  72   0   0   0
  68000   16000000| 23   5  72   0   0   1
  47000 7423000| 30   5  28  37   0   0
 170000 8214000| 29   5   0  66   0   1
 434000 7751000| 29   6   0  64   0   1
 526000 8484000| 29   5  47  19   0   0
  35000 8162000| 14   5  81   0   0   0
  44000 8951000|  2   4  88   7   0   0
  25000 1493000|  2   4  27  68   0   0
  60000 4156000|  2   4   0  94   0   1
  36000 5381000|  3   4   0  94   0   0
  23000 3646000|  2   4  17  77   0   0
  21000 4220000|  2   4  94   0   0   0
  22000 3860000|  3   3  93   1   0   0
  29000 4342000|  3   3  94   0   0   0
  39000 5467000|  2   4  94   0   0   0
  79000   10000000|  3   4  93   0   0   1
  43000 7913000|  2   3  95   0   0   0
  38000 8291000|  3   5  92   0   0   0
  30000 6803000|  2   5  92   1   0   0
  33000 7526000|  2   3  95   0   0   0
  33000 6941000|  3   4  93   0   0   0
  31000 6819000|  2   4  94   0   0   0
  31000 7003000|  3   4  93   0   0   0
  34000 6939000|  2   4  93   0   0   0
  35000 7104000|  2   3  94   1   0   0
  35000 7039000|  3   4  94   0   0   0
  36000 7071000|  3   4  93   0   0   0
  39000 7405000|  3   3  94   0   0   0
  38000 7614000|  2   5  93   0   0   0
  37000 7663000|  2   3  94   0   0   1
  39000 8405000|  4   4  89   4   0   0
  41000 8939000|  3   3  94   0   0   0
  45000   10000000|  3   4  92   0   0   1
  49000   11000000|  2   4  95   0   0   0
  58000   13000000|  2   4  94   0   0   0
  61000   14000000|  2   5  93   0   0   0
  73000   17000000|  3   5  91   1   0   1
  81000   19000000|  3   4  94   0   0   0
  97000   23000000|  4   4  92   0   0   1
  74000   14000000|  2   3  72  23   0   0
  78000   19000000|  3   6  54  38   0   0
  99000   24000000|  4   4  30  61   0   1
 120000   26000000|  4   5  38  54   0   0
 109000   24000000|  3   5  27  65   0   0
 102000   19000000|  3   5   0  91   0   1
  37000 6817000|  4   3   5  88   0   0
  35000 7142000|  2   2  13  82   0   1
  34000 7520000|  3   3  55  39   0   0
  34000 7747000|  3   3  81  12   0   0
  35000 8346000|  3   4  94   0   0   0
  40000 9347000|  2   3  94   0   0   0
  41000 8967000|  2   5  93   0   0   0
  41000 9505000|  3   2  95   0   0   0
  46000 9640000|  3   5  92   0   0   0
  46000 9740000|  2   2  95   1   0   0
  44000 9821000|  3   5  92   0   0   0
  45000   10000000|  3   5  92   0   0   1
  48000   10000000|  2   4  93   0   0   1
  50000   11000000|  3   4  92   0   0   0
  55000   12000000|  4   3  93   0   0   0
  58000   13000000|  2   3  93   1   0   0
  68000   12000000|  2   3  94   0   0   1
  48000 9906000|  3   5  92   0   0   0
  50000   10000000|  3   4  94   0   0   0
  51000   11000000|  3   4  93   0   0   0
  55000   11000000|  3   5  93   0   0   0
  49000 9750000|  2   4  93   1   0   0
  44000 9453000|  3   5  93   0   0   0
  47000   10000000|  2   4  93   0   0   1
  45000 9873000|  3   4  93   0   0   0
  48000   11000000|  3   4  93   0   0   0
  45000   10000000|  3   4  94   0   0   0
  47000   11000000|  3   3  92   2   0   0
  46000   11000000|  2   4  94   0   0   1
  53000   12000000|  3   4  92   0   0   0
  53000   12000000|  2   4  93   0   0   0
  65000   14000000|  2   4  93   0   0   0
  66000   15000000|  2   4  94   0   0   0
  71000   16000000|  2   3  93   1   0   0
  77000   15000000|  3   3  94   0   0   0
  72000   15000000|  4   5  92   0   0   0
  68000   15000000|  3   3  94   0   0   0
  70000   16000000|  3   4  93   0   0   0
  74000   13000000|  3   4  93   0   0   1
  55000   12000000|  2   4  93   1   0   0
  62000   12000000| 21   4  74   0   0   1
  51000 9993000| 28   4  68   0   0   1
  51000   11000000| 28   4  68   0   0   0
  47000   11000000| 28   4  68   0   0   0
  50000   11000000| 27   4  69   0   0   0
  54000   11000000| 16   6  77   1   0   0
  57000   11000000|  2   4  93   0   0   0
  24000 3617000|  2   4  93   0   0   0
  22000 3791000|  2   3  95   0   0   0
  20000 3671000|  3   4  93   0   0   0
  20000 3805000|  2   3  95   0   0   0
  18000 3817000|  2   4  92   1   0   0
  22000 4510000|  2   4  94   0   0   0
  29000 5297000|  2   4  94   0   0   1
  64000 9147000|  3   3  93   0   0   0
  76000   13000000|  3   4  93   0   0   1
  56000   11000000|  3   4  94   0   0   0
  24000 4938000|  3   3  93   1   0   0
  28000 6171000|  3   3  93   0   0   0
  25000 6004000|  3   4  93   0   0   0
  33000 7339000|  3   3  94   0   0   0
  35000 8004000|  3   4  93   0   0   0
  41000 9705000|  4   3  93   0   0   0
  53000   12000000|  4   4  91   1   0   1
  54000   11000000|  3   3  94   0   0   0
  52000   12000000|  2   4  94   0   0   0
  53000   10000000|  3   3  94   0   0   0
  51000   11000000|  3   4  93   0   0   0
  54000   11000000|  3   4  93   0   0   0
  57000   12000000|  3   2  93   1   0   1
  57000   12000000|  3   4  93   0   0   0
  58000   13000000|  2   4  94   0   0   0
  55000   12000000|  3   3  94   0   0   0
  54000   12000000|  3   3  93   0   0   1
  55000   12000000|  2   4  94   0   0   0
  58000   12000000|  3   5  91   1   0   0
  52000   11000000|  2   4  93   0   0   1
  50000   10000000|  3   4  93   0   0   0
  53000   11000000|  3   4  93   0   0   0
  54000   12000000|  3   4  93   0   0   1
  56000   12000000|  3   5  92   0   0   0
  57000   12000000| 17   4  78   1   0   1
  59000   13000000| 27   4  68   0   0   1
  60000   13000000| 28   3  68   0   0   1
  60000   13000000| 27   4  68   0   0   1
  60000   13000000| 28   4  69   0   0   0
  60000   13000000| 27   4  69   0   0   1
  60000   13000000| 27   5  67   1   0   0
  61000   13000000| 27   4  68   0   0   1
  66000   13000000|  5   5  90   0   0   1
  64000   14000000|  2   3  94   0   0   0
  46000 9094000|  2   4  94   0   0   0
  43000 8807000|  2   3  94   0   0   0
  49000 8178000|  2   4  93   1   0   0
  36000 7382000|  2   4  94   0   0   0
  38000 8080000|  2   3  94   0   0   0
  49000 8740000|  3   3  94   0   0   0
  48000 9547000|  2   3  95   0   0   0
  82000   13000000|  2   5  93   0   0   1
  78000   12000000|  3   3  93   1   0   0
  55000   12000000|  3   3  94   0   0   0
  61000   13000000|  2   5  92   0   0   0
  60000   13000000|  2   4  94   0   0   0
  58000   13000000|  3   4  93   0   0   0
  57000   13000000|  3   3  94   0   0   0
  57000   13000000|  3   4  92   1   0   0
  56000   13000000|  3   3  94   0   0   0
  56000   13000000|  2   4  94   0   0   0
  58000   13000000|  2   4  93   0   0   0
  61000   14000000|  2   3  94   0   0   0
  62000   14000000|  2   4  93   0   0   0
  66000   15000000|  3   3  93   1   0   0
  71000   14000000|  3   2  94   0   0   1
  53000   12000000|  3   4  93   0   0   0
  61000   14000000|  3   4  93   0   0   1
  63000   15000000|  2   4  94   0   0   0
  71000   17000000|  2   4  93   0   0   1
  76000   16000000|  2   4  93   1   0   1
  71000   16000000|  3   4  93   0   0   1
  72000   17000000|  2   4  94   0   0   0
  78000   19000000|  2   4  94   0   0   0
  88000   18000000|  3   4  92   0   0   1
  71000   17000000| 15   4  80   0   0   1
  85000   17000000| 28   4  67   1   0   1
  58000   13000000| 28   4  68   0   0   1
  61000   15000000| 28   4  68   0   0   1
  64000   15000000| 28   3  69   0   0   0
  64000   15000000| 27   4  68   0   0   1
  69000   15000000|  2   4  93   0   0   0
  50000 9871000|  3   3  92   1   0   0
  36000 8202000|  2   3  95   0   0   0
  32000 7328000|  2   3  95   0   0   0
  34000 8156000|  2   2  95   0   0   0
  31000 7340000|  3   4  93   0   0   0
  37000 8558000|  3   4  92   1   0   0
  42000 8353000|  2   3  94   0   0   0
  56000   10000000|  3   4  93   0   0   0
  99000   16000000|  3   4  93   0   0   1
  66000   14000000|  2   3  95   0   0   0
  68000   17000000|  2   4  93   0   0   1
  70000   16000000|  3   4  92   1   0   1
  70000   17000000|  3   4  93   0   0   0
  75000   18000000|  2   4  93   0   0   0
  81000   20000000|  2   4  94   0   0   1
  86000   21000000|  2   4  93   0   0   1
  96000   17000000|  2   4  94   0   0   0
  27000 5544000|  2   3  93   1   0   0
  25000 5870000|  2   4  94   0   0   0
  32000 7114000|  3   3  94   0   0   0
  34000 7629000|  3   4  93   0   0   0
  38000 9139000|  3   4  93   0   0   0
  44000   10000000|  3   3  94   0   0   0
  56000   13000000|  2   4  92   1   0   1
  73000   15000000|  2   3  94   0   0   0
  63000   14000000|  2   4  94   0   0   0
  63000   14000000|  3   4  93   0   0   0
  64000   15000000|  3   4  93   0   0   0
  62000   12000000|  3   4  93   0   0   0
  56000   13000000|  2   3  94   1   0   0
  61000   13000000|  2   4  94   0   0   0
  63000   14000000|  3   4  93   0   0   1
  69000   14000000|  1   5  93   0   0   0
  67000   15000000|  2   3  94   0   0   0
  68000   16000000|  3   5  92   0   0   1
  72000   17000000|  2   5  92   1   0   0
  73000   18000000|  2   4  94   0   0   0
  83000   19000000|  3   4  93   0   0   0
  83000   21000000|  3   4  93   0   0   1
  82000   16000000|  3   4  93   0   0   1
  45000 9594000|  2   3  94   0   0   0
  44000 9606000|  3   4  92   1   0   0
  44000   10000000|  2   3  95   0   0   0
  45000   10000000|  2   4  94   0   0   0
  48000   11000000|  3   3  94   0   0   0
  52000   12000000| 23   5  72   0   0   1
  56000   13000000| 27   4  69   0   0   1
  62000   15000000| 27   5  67   1   0   1
  69000   16000000| 21   4  74   0   0   1
  67000   13000000|  3   4  93   0   0   0
  14000 2470000|  2   3  95   0   0   0
  15000 3003000|  3   3  95   0   0   0
  16000 3293000|  2   3  95   0   0   0
  20000 4183000|  2   4  94   1   0   0
  21000 4702000|  2   4  94   0   0   0
  30000 6274000|  2   3  95   0   0   0
  45000 8433000|  2   4  94   0   0   1
  98000   13000000|  2   4  94   0   0   0
  53000   13000000|  2   4  94   0   0   0
  64000   16000000|  3   3  92   1   0   1
  82000   20000000|  3   5  92   0   0   1
  82000   19000000|  2   4  94   0   0   1
  90000   22000000|  3   3  94   0   0   0
  52000 7375000|  3   4  94   0   0   0
  20000 3573000|  2   3  95   0   0   0
  19000 3862000|  2   3  93   1   0   0
  21000 4410000|  2   3  94   0   0   0
  20000 4936000|  3   3  95   0   0   0
  27000 6204000|  1   3  95   0   0   0
  31000 5876000|  2   4  94   0   0   0
  30000 6358000|  2   4  94   0   0   0
  30000 6137000|  2   3  94   1   0   0
  30000 6404000|  2   4  94   0   0   0
  29000 6271000|  2   3  94   0   0   1
  30000 6604000|  3   3  95   0   0   0
  32000 6604000|  2   4  93   0   0   0
  32000 7271000|  2   3  95   0   0   1
  35000 7672000|  2   3  93   1   0   0
  38000 8684000|  3   3  94   0   0   0
  44000 9728000|  3   3  94   0   0   0
  48000   10000000|  2   4  94   0   0   0
  53000   12000000|  2   4  94   0   0   1
  60000   14000000|  3   4  94   0   0   0
  69000   17000000|  3   4  92   1   0   0
  80000   19000000|  3   4  93   0   0   1
  91000   20000000|  3   5  93   0   0   1
  35000 5489000|  2   4  94   0   0   0
  28000 6340000|  3   3  94   0   0   0
  30000 6671000|  2   4  94   0   0   0
  36000 8405000|  2   4  93   1   0   0
  39000 9152000|  2   4  94   0   0   0
  49000   11000000|  2   3  94   0   0   0
  50000   10000000|  3   3  95   0   0   0
  52000   10000000|  2   4  94   0   0   0
  42000 9406000|  2   4  93   0   0   1
  40000 9606000|  2   3  94   1   0   0
  42000 9873000|  2   3  95   0   0   0
  49000   10000000|  3   4  94   0   0   0
  48000   10000000|  2   4  94   0   0   0
  48000   10000000|  3   3  94   0   0   0
  52000   11000000|  2   3  95   0   0   0
  49000   11000000| 25   3  72   1   0   0
  59000   13000000| 27   4  69   0   0   1
  57000   13000000| 26   4  69   0   0   1
  63000   15000000| 27   3  69   0   0   1
  72000   14000000|  8   4  88   0   0   0
  57000   12000000|  2   4  93   0   0   1
  27000 5739000|  2   3  94   2   0   0
  28000 6072000|  3   3  95   0   0   0
  33000 7206000|  2   3  95   0   0   0
  38000 7530000|  2   3  95   0   0   0
  32000 6203000|  2   3  95   0   0   0
  34000 7262000|  2   4  93   0   0   0
  47000 8656000|  2   4  93   1   0   0
 104000   13000000|  3   3  94   0   0   0
  44000 9907000|  2   3  95   0   0   0
  53000   12000000|  2   4  94   0   0   0
  52000   11000000|  2   4  94   0   0   1
  51000   12000000|  2   3  95   0   0   0
  46000   11000000|  3   3  93   1   0   0
  52000   12000000|  2   3  95   0   0   0
  50000   11000000|  3   3  94   0   0   0
  53000   11000000|  2   3  94   0   0   0
  48000   10000000|  2   4  94   0   0   0
  51000 9241000|  2   4  94   0   0   0
  42000 8939000|  2   3  93   1   0   1
  40000 9006000|  3   4  94   0   0   1
  45000 9606000|  2   4  94   0   0   0
  44000 9740000|  2   3  95   0   0   0
  50000   10000000|  3   3  94   0   0   0
  48000   11000000|  2   4  94   0   0   1
  51000   11000000|  2   4  93   1   0   0
  56000   11000000|  2   4  93   0   0   0
  50000 9637000|  2   3  94   0   0   0
  47000   10000000|  2   4  94   0   0   0
  53000   11000000|  2   4  94   0   0   1
  50000 9737000|  3   4  93   0   0   0
  47000   10000000|  2   3  94   1   0   0
  45000   10000000|  2   4  93   0   0   1
  51000   11000000|  2   4  94   0   0   0
  54000   10000000|  2   4  94   0   0   0
  57000   11000000|  2   3  94   0   0   0
  51000 9689000|  4   3  93   0   0   0
  49000   10000000|  4   3  93   1   0   0
  49000   10000000|  2   4  94   0   0   0
  51000   11000000|  2   3  95   0   0   0
  53000   11000000|  2   4  94   0   0   0
  57000   12000000|  2   4  94   0   0   0
  55000   12000000|  3   3  94   0   0   0
  63000   13000000|  2   3  94   1   0   1
  61000   11000000| 13   4  83   0   0   0
  57000   12000000| 26   3  69   0   0   1
  57000   12000000| 28   3  69   0   0   0
  58000   12000000| 28   4  68   0   0   0
  57000   11000000| 27   4  69   0   0   0
  51000   11000000| 27   3  68   1   0   1
  58000   12000000| 27   4  69   0   0   1
  57000   13000000|  8   4  88   0   0   0
  60000   13000000|  2   4  94   0   0   0
  42000 8400000|  3   4  94   0   0   0
  41000 9408000|  3   3  94   0   0   0
  43000   10000000|  2   3  93   1   0   0
  48000 8463000|  2   3  95   0   0   0
  38000 9014000|  2   4  94   0   0   0
  43000 9427000|  2   3  95   0   0   0
  55000   11000000|  2   4  94   0   0   0
  97000   15000000|  1   4  94   0   0   1
  90000   17000000|  3   3  94   1   0   0
  65000   15000000|  3   4  93   0   0   0
  74000   18000000|  2   4  94   0   0   0
  79000   19000000|  3   5  93   0   0   1
  89000   20000000|  2   4  93   0   0   1
  77000   17000000|  3   4  94   0   0   0
  81000   19000000|  2   4  93   1   0   0
  77000   18000000|  2   3  94   0   0   1
  80000   19000000|  2   4  94   0   0   0
  77000   19000000|  3   4  93   0   0   0
  78000   19000000|  3   4  93   0   0   0
  78000   14000000|  2   3  94   0   0   0
  61000   15000000|  2   4  93   1   0   0
  67000   16000000|  2   4  94   0   0   0
  74000   17000000|  2   4  93   0   0   1
  76000   18000000|  2   4  94   0   0   0
  77000   19000000|  2   4  93   0   0   1
  79000   19000000|  1   5  94   0   0   0
  82000   19000000|  2   4  92   1   0   1
  80000   19000000|  2   5  93   0   0   0
  79000   19000000|  7   4  88   0   0   1
  78000   19000000| 27   3  69   0   0   1
  79000   19000000| 28   4  68   0   0   1
  79000   19000000| 27   4  68   0   0   1
  81000   19000000| 15   5  79   1   0   1
  67000   14000000|  3   4  93   0   0   0
  36000 8315000|  2   4  94   0   0   0
  42000 9232000|  2   3  95   0   0   0
  41000 9741000|  2   3  95   0   0   0
  40000   10000000|  2   4  93   2   0   0
  46000   11000000|  2   3  95   0   0   0
  53000   12000000|  2   4  94   0   0   0
  78000   16000000|  3   3  94   0   0   0
 115000   20000000|  2   4  93   0   0   0
  79000   19000000|  2   4  94   0   0   1
  77000   19000000|  2   4  93   1   0   0
  90000   23000000|  2   4  95   0   0   0
  89000   23000000|  2   5  93   0   0   0
 102000   26000000|  2   3  94   0   0   1
  94000   24000000|  3   4  93   0   0   0
 108000   27000000|  2   4  94   0   0   0
 102000   25000000|  3   4  92   1   0   0
 110000   27000000|  2   4  94   0   0   0
 105000   26000000|  2   3  95   0   0   1
 110000   27000000|  2   4  94   0   0   0
 111000   27000000|  2   3  95   0   0   1
 110000   26000000|  3   4  92   0   0   1
 113000   27000000| 27   4  67   1   0   1
  59000 9883000| 27   3  69   0   0   0
  43000   10000000| 27   4  69   0   0   1
  42000 9944000| 28   4  68   0   0   0
  53000   11000000| 26   5  69   0   0   0
  47000   11000000| 27   3  69   0   0   1
  57000   14000000| 28   3  68   1   0   0
  60000   14000000| 26   4  69   0   0   1
  78000   20000000| 28   4  68   0   0   1
  88000   22000000| 11   4  85   0   0   1
  90000   20000000|  2   4  94   0   0   0
  62000   15000000|  2   3  95   0   0   0
  68000   15000000|  2   3  93   1   0   0
  73000   18000000|  2   3  95   0   0   0
  69000   17000000|  3   3  94   0   0   0
  49000 7764000|  2   4  95   0   0   0
7666B  829000|  2   3  95   0   0   0
  27000 2837000|  2   3  95   0   0   0
  60000 7677000|  2   4  93   1   0   0
  37000 7279000|  2   3  95   0   0   0
  37000 9072000|  2   3  95   0   0   0
  51000   13000000|  2   3  95   0   0   1
  57000   13000000|  2   3  95   0   0   0
  64000   13000000|  2   3  95   0   0   0
  51000   11000000|  2   3  95   0   0   0
  54000   13000000|  2   3  95   0   0   0
  51000   12000000|  2   4  94   0   0   0
  60000   13000000|  2   3  95   0   0   0
  58000   11000000|  2   3  94   0   0   0
  55000   11000000|  2   3  95   0   0   0
  55000   12000000|  2   3  94   1   0   0
  50000   11000000|  3   3  94   0   0   0
  57000   12000000|  2   3  95   0   0   0
  51000   12000000|  2   3  95   0   0   0
  58000   13000000|  2   3  95   0   0   0
  54000   12000000|  2   3  95   0   0   1
  58000   13000000|  1   3  94   1   0   0
  57000   13000000|  3   3  94   0   0   0
  62000   15000000|  2   4  94   0   0   0
  67000   15000000|  2   3  95   0   0   0
  72000   17000000|  2   3  94   0   0   1
  76000   18000000|  2   4  93   0   0   0
  83000   20000000|  2   4  93   1   0   1
  91000   23000000|  2   4  94   0   0   0
 100000   25000000|  3   3  93   0   0   1
  76000   14000000|  2   3  95   0   0   0
  47000   11000000|  2   3  95   0   0   0
  42000 6649000|  2   2  96   0   0   0
  34000 8534000|  2   3  94   1   0   0
  43000 8428000|  2   3  95   0   0   0
  34000 8672000|  2   3  95   0   0   0
  44000   11000000|  2   3  95   0   0   0
  49000   12000000|  2   4  94   0   0   0
  62000   15000000|  3   3  94   0   0   0
  66000   12000000|  2   3  93   1   0   0
  55000   13000000| 10   4  87   0   0   0
  58000   14000000| 26   4  70   0   0   0
  61000   12000000| 27   4  69   0   0   1
  50000   12000000| 26   4  69   0   0   0
  51000   12000000| 27   3  69   0   0   1
  55000   11000000| 27   3  68   1   0   1
  46000   11000000| 27   3  70   0   0   0
  53000   11000000| 27   2  70   0   0   0
  45000 9959000|  3   4  93   0   0   0
  47000   10000000|  1   3  96   0   0   0
  45000 9708000|  2   4  94   0   0   0
  33000 6940000|  2   3  94   2   0   0
  30000 6731000|  1   3  96   0   0   0
  34000 7844000|  2   3  95   0   0   0
  34000 7711000|  2   3  95   0   0   0
  45000 7595000|  2   3  95   0   0   0
  33000 6831000|  2   3  95   0   0   0
  44000 8662000|  2   3  93   1   0   0
  87000   11000000|  2   3  94   0   0   0
  71000   15000000|  2   4  95   0   0   0
  79000   14000000|  2   3  95   0   0   0
  48000   10000000|  2   2  95   0   0   0
  54000   12000000|  2   3  95   0   0   0
  54000 9808000|  2   4  93   1   0   0
  43000 9606000|  2   3  95   0   0   0
  44000 9940000|  2   3  94   0   0   0
  44000 9831000|  2   3  94   0   0   0
  43000   10000000|  3   3  94   0   0   0
  43000   10000000|  2   3  94   0   0   0
  48000   10000000|  2   4  93   1   0   0
  45000   10000000|  2   3  95   0   0   0
  48000   11000000|  2   3  94   0   0   1
  51000   10000000|  3   3  95   0   0   0
  52000   11000000|  1   3  95   0   0   0
  45000   10000000|  2   3  95   0   0   0
  51000   11000000|  2   4  94   1   0   0
  52000   12000000|  2   4  95   0   0   0
  58000   11000000|  2   3  95   0   0   0
  53000   12000000|  2   2  96   0   0   0
  57000   13000000|  2   4  94   0   0   0
  67000   14000000|  2   3  95   0   0   1
  62000   14000000|  2   3  93   1   0   0
  68000   16000000|  2   4  94   0   0   1
  54000   10000000|  2   3  95   0   0   0
  55000   14000000|  2   4  94   0   0   0
  56000   10000000|  2   3  95   0   0   0
  54000   10000000|  2   4  94   0   0   1
  42000 9072000|  9   3  87   1   0   0
  50000 9898000| 26   3  70   0   0   1
  42000 8653000| 28   3  70   0   0   0
  42000 9606000| 27   3  70   0   0   1
  43000 9443000| 27   3  70   0   0   1
  43000 8610000| 27   3  69   0   0   0
  45000 9210000| 26   4  68   1   0   1
  47000 8896000| 26   4  69   0   0   1
  43000 8454000| 27   3  70   0   0   1
  40000 8300000| 27   3  70   0   0   0
  43000 8654000| 27   3  70   0   0   0
  43000 8739000| 11   3  86   0   0   1
  45000 8939000|  1   3  95   2   0   0
  37000 6670000|  2   3  95   0   0   0
  27000 4605000|  2   3  96   0   0   0
  27000 4337000|  1   4  95   0   0   0
  25000 4538000|  2   3  95   0   0   0
  21000 4338000|  2   3  95   0   0   0
  22000 4732000|  2   3  94   1   0   0
  27000 5317000|  1   3  96   0   0   0
  38000 6705000|  1   4  95   0   0   0
  87000   12000000|  1   3  96   0   0   1
  64000   17000000|  2   3  95   0   0   0
  90000   24000000|  2   3  94   0   0   1
  53000 8985000|  2   2  95   1   0   0
  45000 9775000|  1   3  96   0   0   0
  47000   11000000|  1   3  95   0   0   0
  63000   13000000|  1   4  95   0   0   0
  67000   16000000|  1   3  95   0   0   0
  56000   10000000|  2   3  96   0   0   0
  33000 8472000|  3   3  94   1   0   0
  49000   13000000|  2   4  94   0   0   1
  76000   20000000|  2   3  95   0   0   0
  95000   24000000|  2   4  94   0   0   1
 106000   24000000|  2   4  94   0   0   0
  89000   23000000|  2   3  94   0   0   1
  64000   13000000|  2   3  95   1   0   0
  49000   13000000|  2   3  95   0   0   0
  65000   16000000|  2   3  95   0   0   1
  77000   19000000|  2   3  94   0   0   1
  85000   22000000|  2   3  94   0   0   1
  87000   22000000|  2   4  94   0   0   0
  93000   23000000|  1   4  93   1   0   1
  96000   24000000|  3   3  94   0   0   0
  91000   22000000| 16   4  80   0   0   1
 103000   24000000| 27   4  69   0   0   1
  94000   22000000| 27   4  69   0   0   1
 102000   25000000| 27   3  69   0   0   1
  94000   22000000| 12   4  82   1   0   1
  92000   19000000|  3   3  94   0   0   0
  54000   12000000|  1   3  95   0   0   0
  58000   14000000|  2   3  95   0   0   0
  50000   12000000|  1   4  95   0   0   1
  60000   14000000|  2   3  94   1   0   0
  57000   14000000|  2   3  95   0   0   0
  64000   14000000|  2   2  95   0   0   0
  76000   16000000|  2   3  95   0   0   0
 124000   22000000|  2   3  94   0   0   1
 108000   28000000|  2   3  95   0   0   0
  82000   14000000|  2   3  93   1   0   0
  19000 4843000|  2   2  96   0   0   0
  26000 5409000|  1   2  97   0   0   0
  23000 5337000|  2   3  95   0   0   0
  30000 5811000|  1   3  95   0   0   0
  27000 6494000|  1   3  95   0   0   0
  34000 7915000|  2   3  94   1   0   0
  46000 9695000|  1   3  96   0   0   0
  41000 8637000|  3   2  95   0   0   0
  37000 8276000|  2   3  95   0   0   0
  41000 9437000|  2   2  96   0   0   0
  41000 8853000|  2   3  95   0   0   0
  43000 9642000|  2   3  95   1   0   1
  42000 8923000|  2   3  95   0   0   0
  41000 9496000|  2   3  95   0   0   0
  41000 8982000|  2   2  95   0   0   1
  45000 9940000|  2   4  94   0   0   0
  42000 9339000|  2   2  96   0   0   0
  51000 9514000|  2   3  94   1   0   0
  40000 8539000|  2   3  95   0   0   0
  45000   10000000|  1   3  95   0   0   0
  46000   10000000|  2   3  95   0   0   0
  52000   10000000|  2   2  96   0   0   0
  45000   10000000|  1   4  94   0   0   0
  51000 9888000|  2   3  95   1   0   0
  44000 9753000| 15   3  81   0   0   0
  47000   10000000| 26   4  70   0   0   0
  45000   10000000| 26   4  70   0   0   0
  47000 9695000| 27   3  70   0   0   1
  44000 8883000| 26   4  70   0   0   0
  41000 9406000| 26   3  69   1   0   1
  43000 9747000| 26   3  70   0   0   1
  47000 9932000| 21   4  75   0   0   0
  47000   10000000|  2   3  95   0   0   0
  41000 7840000|  1   3  96   0   0   0
  22000 4472000|  2   2  94   1   0   0
  23000 4737000|  2   2  96   0   0   0
  24000 5071000|  1   3  96   0   0   0
  27000 5806000|  2   3  95   0   0   0
  29000 6367000|  1   3  95   0   0   0
  37000 7801000|  1   3  95   0   0   0
  47000 9493000|  2   3  94   1   0   0
  59000   11000000|  2   3  96   0   0   0
  67000   13000000|  2   3  95   0   0   1
  79000   15000000|  1   3  95   0   0   1
  75000   17000000|  2   4  94   0   0   0
  80000   19000000|  1   3  96   0   0   0
  77000   19000000|  1   4  94   1   0   0
  79000   19000000|  2   4  95   0   0   0
  80000   19000000|  1   4  95   0   0   0
  79000   19000000|  2   4  94   0   0   0
  79000   19000000|  2   3  95   0   0   1
  79000   19000000|  2   3  95   0   0   0
  79000   19000000|  2   3  93   1   0   0
  78000   19000000|  2   3  95   0   0   0
  78000   19000000|  1   3  96   0   0   0
  78000   19000000|  2   3  95   0   0   0
  79000   19000000|  2   3  95   0   0   0
  80000   19000000|  2   3  95   0   0   0
  82000   20000000|  2   2  94   1   0   1
  80000   19000000|  1   4  95   0   0   0
  81000   20000000| 23   3  73   0   0   1
  85000   19000000| 27   3  70   0   0   1
  83000   20000000| 16   4  80   0   0   1
  56000 9717000|  1   2  97   0   0   0
  20000 3871000|  0   1  97   1   0   0
  21000 4604000|  1   0  99   0   0   0
  26000 5613000|  0   1  99   0   0   0
  30000 7064000|  1   0  99   0   0   0
  38000 8222000|  1   0  99   0   0   0
  47000   10000000|  1   1  98   0   0   0
  67000   13000000|  0   1  99   1   0   0
 113000   20000000|  1   1  98   0   0   0
  98000   21000000|  1   1  99   0   0   0
  33000 5500000|  1   1  99   0   0   0
  29000 8007000|  1   0  99   0   0   0
  37000 9539000|  1   1  99   0   0   0
  40000 8511000|  1   1  98   1   0   0
  38000 8524000|  0   1  99   0   0   0
  39000 9339000|  1   1  99   0   0   0
  46000 8112000|  1   1  99   0   0   0
  34000 7953000|  1   1  98   0   0   0
  37000 8531000|  0   1  99   0   0   0
  38000 8205000|  1   1  98   1   0   0
  39000 9273000|  0   1  99   0   0   0
  35000 8405000|  1   1  99   0   0   0
  38000 9206000|  1   1  99   0   0   0
  37000 8872000|  1   1  99   0   0   0
  38000 8764000|  1   1  99   0   0   0
  39000 9181000|  1   1  97   1   0   0
  41000 9139000|  1   1  98   0   0   0
  44000   10000000|  1   1  99   0   0   0
  44000   10000000|  1   1  99   0   0   0
  54000   11000000|  1   0  99   0   0   0
  58000   12000000|  1   1  98   0   0   0
  57000 9975000|  1   1  98   1   0   0
  45000   10000000|  1   1  98   0   0   0
  51000   12000000|  1   0  99   0   0   0
  55000   11000000|  1   1  98   0   0   0
  49000   11000000|  1   1  98   0   0   0
  51000   11000000|  1   1  98   0   0   0
  50000   10000000|  1   1  97   1   0   0
  47000   11000000|  1   1  99   0   0   0
  45000   10000000|  1   1  99   0   0   0
  48000   11000000|  1   1  99   0   0   0
  43000   10000000|  1   1  98   0   0   0
  56000 8930000|  1   0  99   0   0   0
  40000 8472000|  1   0  98   1   0   0
  41000 9606000|  0   1  99   0   0   0
  45000 9673000|  1   1  98   0   0   0
  47000   10000000|  1   2  98   0   0   0
  51000   10000000|  1   1  99   0   0   0
  47000 9960000|  1   1  99   0   0   0
  43000 8620000|  1   1  98   1   0   0
  43000 8739000|  1   1  99   0   0   0
  41000 9139000|  1   1  98   0   0   0
  46000 9539000|  1   1  99   0   0   0
  46000 9873000|  1   0  99   0   0   0
  45000 9940000|  1   1  99   0   0   0
  53000 8659000|  0   1  98   1   0   0
  40000 8278000|  1   1  99   0   0   0
  42000 9526000|  1   1  98   0   0   0
  45000 9680000|  1   1  99   0   0   0
  47000   10000000|  1   1  99   0   0   0
  48000   10000000|  1   1  98   0   0   0
  45000   10000000|  1   1  98   1   0   0
  44000   10000000|  1   1  98   0   0   0
  44000   10000000|  1   1  98   0   0   0
  45000   10000000|  0   1  99   0   0   0
  43000   10000000|  1   0  99   0   0   0
  48000   11000000|  1   1  98   0   0   0
  52000   11000000|  1   1  98   1   0   0
  53000   11000000|  1   1  98   0   0   0
  54000   12000000|  1   1  99   0   0   0
  56000 9636000|  1   1  99   0   0   0
  49000   10000000|  1   1  99   0   0   0
  54000   11000000|  1   1  98   0   0   0
  55000   11000000|  1   1  97   1   0   0
  55000   12000000|  1   0  99   0   0   0
  57000   12000000|  1   1  99   0   0   0
  58000   12000000|  1   1  99   0   0   0
  59000   12000000|  1   1  98   0   0   0
  61000   12000000|  1   1  99   0   0   0
  63000   11000000|  1   1  98   1   0   0
  53000   11000000|  1   1  99   0   0   0
  55000   12000000|  1   1  98   0   0   0
  55000   12000000|  1   1  99   0   0   0
  59000   12000000|  1   1  98   0   0   0
  61000   12000000|  1   1  98   0   0   0
  55000   12000000|  1   1  98   1   0   0
  60000   13000000|  1   1  99   0   0   0
  60000   13000000|  1   0  99   0   0   0
  69000   15000000|  1   1  99   0   0   0
  69000   15000000| 16   2  83   0   0   0
  74000   16000000| 25   1  73   0   0   1
  74000   17000000| 25   2  72   1   0   1
  82000   20000000| 25   2  73   0   0   0
  97000   21000000| 25   2  73   0   0   1
  90000   21000000| 25   1  73   0   0   1
  91000   22000000| 26   2  72   0   0   1
  91000   21000000| 49   1  49   0   0   1
  94000   22000000| 38   1  61   1   0   1
  51000 8788000| 24   1  76   0   0   0
  20000 4470000|  0   1  99   0   0   0
  20000 4480000|  0   0 100   0   0   0
4790B 1134B|  0   0 100   0   0   0
 954B    0|  0   0 100   0   0   0
 555B    0|  0   0 100   0   0   0
