   0     0|  1   1  95   3   0   0
 192B  400B|  7   7  86   0   0   0
3954B 3320B|  5   4  90   0   0   0
2642B 2386B|  5   5  90   0   0   0
2118B 2804B|  4   4  91   0   0   0
7476B 4270B|  5   5  91   0   0   0
4312B   30000|  6   5  88   1   0   0
5094B  382000|  5   5  90   0   0   0
  25000 2289000|  7   6  87   0   0   1
  85000 7964000|  5   6  88   0   0   1
 146000   20000000|  5   6  89   0   0   0
  87000   20000000|  6   5  88   0   0   1
  94000   13000000|  5   6  87   1   0   1
  37000 7738000|  6   5  88   0   0   1
  45000   10000000|  6   5  89   0   0   0
  61000   12000000|  7   5  86   1   0   0
  73000   16000000|  6   5  80   9   0   1
  89000   15000000|  6   7  87   0   0   0
  87000   15000000|  6   6  87   1   0   0
  90000   16000000|  7   5  88   0   0   0
  81000   15000000|  7   6  86   0   0   1
 102000   15000000|  6   5  89   0   0   0
  72000   13000000|  5   6  89   0   0   1
  69000   15000000|  5   6  88   0   0   0
  78000   13000000|  7   6  86   1   0   1
  81000   14000000|  7   6  86   0   0   0
  70000   13000000|  8   5  87   0   0   1
  77000   14000000|  6   6  88   0   0   0
  65000   13000000|  6   7  87   0   0   0
  73000   15000000|  5   6  89   0   0   0
  82000   15000000|  6   5  87   1   0   0
  93000   15000000|  6   5  88   0   0   1
  49000 8047000|  6   5  88   0   0   0
  49000 8763000|  6   5  89   0   0   0
  44000 8248000|  6   5  86   2   0   0
  47000 9077000|  5   6  86   3   0   1
  49000 8739000|  7   6  87   1   0   0
  45000 8855000|  6   5  89   0   0   1
  53000 8358000|  6   4  90   0   0   0
  40000 8232000|  8   4  88   0   0   0
  47000 9179000|  6   4  89   0   0   0
  51000 9339000|  6   6  87   0   0   0
  50000   10000000|  6   5  87   1   0   1
  51000   11000000|  6   5  88   0   0   1
  72000 9468000|  6   5  89   0   0   1
  47000 9072000|  6   5  89   0   0   0
  54000   10000000|  6   6  88   0   0   0
  60000   11000000|  6   5  88   0   0   1
  60000   11000000|  7   5  87   1   0   0
  60000   11000000|  6   5  88   0   0   0
  64000   11000000|  6   4  90   0   0   0
  62000   10000000|  6   5  88   0   0   0
  48000 9139000|  5   5  90   0   0   0
  54000 9806000|  7   6  88   0   0   0
  49000 9695000|  6   5  88   1   0   1
  58000 9938000|  6   6  88   0   0   0
  49000 9320000|  7   6  87   0   0   0
  50000 9959000|  7   4  88   0   0   0
  48000 9740000|  7   5  87   0   0   0
  53000   10000000|  5   4  90   0   0   1
  49000 9618000|  5   7  87   1   0   0
  48000 8506000|  6   5  89   0   0   0
  48000 8806000|  6   5  88   0   0   1
  46000 9273000|  6   6  88   0   0   0
  55000 8488000|  5   5  89   0   0   0
  42000 8121000|  6   6  88   0   0   1
  41000 8623000|  4   5  90   1   0   0
  47000 9062000|  6   5  88   0   0   0
  54000 8711000|  5   6  88   0   0   1
  43000 8405000|  6   5  89   0   0   0
  43000 8767000|  6   7  80   7   0   0
  50000 8978000|  6   6  88   0   0   0
  44000 8554000|  7   5  85   2   0   1
  46000 8005000|  6   4  89   0   0   0
  45000 6819000|  5   5  90   0   0   0
  39000 7405000|  6   6  88   0   0   0
  41000 7738000|  5   6  89   0   0   1
  44000 7738000|  5   5  89   0   0   0
  37000 7852000|  6   5  87   1   0   0
  40000 8091000|  6   7  87   0   0   0
  46000 8405000|  6   7  87   0   0   0
  45000 8472000|  6   6  88   0   0   0
  48000 8605000|  5   6  88   0   0   0
  52000 8233000|  6   6  88   0   0   0
  50000 7445000|  6   6  87   1   0   0
  40000 7680000|  7   5  88   0   0   0
  47000 8514000|  7   8  85   0   0   0
  43000 8622000|  6   8  86   0   0   0
  51000 9465000|  6   5  89   0   0   0
  53000 7176000|  5   6  88   0   0   0
  39000 7805000|  7   5  87   1   0   0
  42000 8205000|  5   5  88   0   0   1
  44000 8806000|  7   9  84   0   0   0
  46000 8872000|  5   7  87   0   0   1
  49000 7674000|  5   5  89   0   0   1
  46000 7701000|  7   6  87   0   0   0
  42000 7795000|  6   4  88   1   0   0
  48000 8253000|  5   5  89   0   0   0
  46000 8143000|  6   5  88   0   0   0
  40000 8334000| 16   6  77   0   0   1
  51000 7677000| 34   5  61   0   0   0
  42000 8272000| 33   5  61   0   0   1
  43000 8739000| 33   6  59   1   0   1
  53000 9756000| 33   6  60   0   0   1
  57000 9760000| 33   5  61   0   0   1
  48000 9339000| 33   5  61   0   0   1
  51000 9673000| 31   6  63   0   0   1
  52000   10000000|  7   5  88   1   0   0
  53000   10000000|  5   7  80   9   0   0
  36000 5052000|  7   5  88   0   0   0
  22000 4138000|  5   5  89   0   0   0
  19000 4071000|  5   6  89   0   0   0
  25000 4582000|  5   4  91   0   0   0
  23000 4494000|  7   5  87   0   0   1
  25000 5356000|  6   4  89   1   0   0
  31000 6007000|  5   5  89   0   0   0
  51000 8386000|  6   6  88   0   0   0
  99000   12000000|  7   5  88   0   0   0
  57000   11000000|  6   5  88   0   0   1
  77000   16000000|  7   5  87   0   0   1
  90000   17000000|  8   5  85   1   0   1
 112000   20000000| 17   4  79   0   0   1
  99000   21000000| 32   7  60   0   0   1
 138000   24000000| 26   6  66   0   0   1
 129000   23000000|  6   7  87   0   0   1
  49000 6929000|  5   5  89   0   0   0
  40000 6339000|  6   4  88   2   0   0
  35000 6557000|  6   4  90   0   0   0
  39000 6654000|  5   7  87   0   0   0
  36000 6594000|  6   5  88   0   0   0
  39000 7004000|  5   6  88   0   0   1
  59000 6315000|  6   5  89   0   0   0
  77000 9874000|  6   5  88   1   0   1
  95000   18000000|  5   5  89   0   0   1
 105000   20000000|  6   6  87   0   0   1
 127000   24000000|  7   6  87   0   0   0
 104000   22000000|  6   6  87   0   0   1
  57000 6637000|  5   4  91   0   0   0
  39000 7145000|  5   5  89   1   0   0
  37000 7125000|  5   5  90   0   0   1
  43000 7618000|  5   5  90   0   0   0
  48000 7663000|  6   4  89   0   0   1
  44000 7485000|  6   4  89   0   0   0
  58000   10000000|  6   5  88   0   0   1
  59000   11000000|  5   5  89   1   0   0
  60000   11000000|  7   4  88   0   0   1
  65000   11000000|  5   4  90   0   0   0
  58000   12000000|  7   5  88   0   0   0
  60000   11000000|  6   4  89   0   0   0
  64000   11000000|  6   4  89   1   0   0
  55000   11000000|  5   5  89   0   0   1
  63000   12000000|  7   5  88   0   0   0
  62000   11000000|  4   4  91   0   0   1
  61000   12000000|  6   5  88   0   0   1
  66000   12000000|  6   5  89   0   0   1
  72000   10000000|  6   4  88   1   0   0
  52000 9940000|  6   4  90   0   0   0
  58000   10000000|  8   5  87   0   0   0
  54000   11000000|  7   5  87   0   0   0
  61000   11000000|  5   6  88   0   0   1
  66000   10000000|  5   4  91   0   0   0
  52000   10000000|  6   7  86   1   0   0
  58000   10000000|  6   4  89   0   0   1
  59000   11000000|  6   5  88   0   0   1
  62000   11000000|  5   5  89   0   0   0
  64000 8316000|  6   6  88   0   0   0
  47000 7796000|  6   4  90   0   0   0
  41000 7443000|  6   5  87   1   0   1
  47000 8020000|  5   5  90   0   0   0
  44000 8257000|  4   5  90   0   0   0
  47000 8405000|  5   5  90   0   0   0
  56000 6323000|  6   5  88   0   0   1
  33000 6328000|  6   6  88   0   0   1
  36000 6471000|  5   5  89   1   0   0
  40000 5641000|  6   5  89   0   0   0
  29000 5003000|  6   6  88   0   0   1
  29000 5137000|  5   5  89   0   0   0
  35000 5620000|  4   5  91   0   0   0
  33000 5587000|  6   6  88   0   0   0
  34000 5492000|  6   5  88   1   0   0
  35000 5581000|  6   4  90   0   0   0
  33000 5648000|  6   6  88   0   0   0
  37000 5492000|  6   5  88   0   0   0
  34000 5074000|  4   5  90   0   0   1
  28000 5204000|  6   5  89   0   0   0
  29000 5309000|  7   3  88   1   0   1
  32000 5832000|  7   5  88   0   0   0
  34000 6641000|  6   5  89   0   0   0
  38000 7034000|  5   4  90   0   0   1
  41000 8072000|  5   6  89   0   0   0
  44000 9072000|  6   5  89   0   0   0
  57000   11000000|  5   5  89   1   0   0
  61000   11000000|  6   4  89   0   0   0
  55000   10000000|  6   6  88   0   0   0
  61000   11000000|  6   4  90   0   0   0
  57000   12000000|  5   5  89   0   0   0
  69000   13000000|  6   6  87   0   0   1
  69000   13000000|  6   5  87   2   0   0
  70000   15000000|  6   5  88   0   0   1
  79000   16000000|  6   5  89   0   0   0
  86000   17000000|  5   4  90   0   0   1
  94000   13000000|  6   6  88   0   0   0
  75000   14000000|  7   5  89   0   0   0
  70000   14000000|  6   6  87   1   0   0
  73000   15000000|  5   6  88   0   0   1
  85000   15000000|  5   6  89   0   0   0
  76000   16000000|  6   6  88   0   0   1
  77000   16000000|  5   7  88   0   0   1
  85000   16000000|  5   4  90   0   0   1
  76000   16000000|  6   6  87   1   0   0
  81000   16000000|  7   6  87   0   0   0
  83000   16000000|  6   5  89   0   0   0
  83000   16000000|  6   6  88   0   0   0
  89000   16000000|  8   6  86   0   0   1
  82000   17000000| 33   7  59   0   0   1
  86000   17000000| 31   6  61   1   0   1
  95000   18000000| 33   6  60   0   0   1
  93000   19000000| 32   6  61   0   0   1
   0     0| 12   5  83   0   0   1
   0     0| 18   6  76   0   0   0
   0     0| 32   6  62   0   0   1
   0     0| 33   5  60   2   0   1
   0     0| 26   5  69   0   0   1
 469000   90000000|  7   5  87   0   0   0
  19000  165000|  5   5  90   0   0   0
6372B  307000|  4   4  91   0   0   0
  19000 1650000|  5   6  89   0   0   0
  61000 5541000|  6   5  88   1   0   0
  54000   10000000|  6   5  89   0   0   0
  52000   11000000|  6   5  90   0   0   0
  81000   17000000|  6   6  87   0   0   1
 130000   20000000|  5   6  89   0   0   1
 154000   28000000|  7   5  87   0   0   1
 138000   25000000|  5   5  88   1   0   1
 136000   26000000|  6   5  88   0   0   0
 138000   26000000|  5   5  90   0   0   0
  56000   10000000|  6   5  89   0   0   1
  69000   12000000|  5   6  89   0   0   0
  62000   12000000|  6   5  88   0   0   0
  72000   13000000|  5   5  88   1   0   1
  81000   14000000|  6   5  88   0   0   1
  74000   15000000|  5   6  88   0   0   1
  85000   19000000|  6   5  88   0   0   1
 111000   18000000|  7   5  87   0   0   0
 108000   21000000|  6   7  88   0   0   0
 122000   23000000|  6   5  88   1   0   1
 135000   24000000|  6   6  87   0   0   1
 144000   26000000|  6   6  87   0   0   1
 145000   26000000|  6   7  86   0   0   1
 163000   26000000|  6   5  88   0   0   1
  76000   10000000|  5   5  89   0   0   0
  56000   12000000|  4   6  88   1   0   1
  78000   16000000|  5   5  89   0   0   1
  91000   20000000|  6   5  88   0   0   1
 105000   20000000|  6   5  88   0   0   1
 100000   22000000|  6   5  89   0   0   0
 106000   17000000|  6   5  88   0   0   1
  81000   17000000|  5   6  88   1   0   0
  76000   17000000|  6   6  87   0   0   1
  95000   20000000|  6   6  88   0   0   1
  92000   18000000|  6   5  89   0   0   0
 100000   21000000|  6   4  90   0   0   0
  95000   19000000|  6   5  88   0   0   1
 103000   21000000|  7   4  87   1   0   0
 114000   20000000|  6   6  87   0   0   0
 102000   22000000|  6   6  88   0   0   0
 105000   16000000|  5   5  90   0   0   1
  87000   17000000|  6   6  87   0   0   1
 100000   18000000|  6   6  87   0   0   0
  83000   15000000|  6   6  87   1   0   0
  91000   17000000|  5   5  89   0   0   0
  82000   16000000|  4   5  90   0   0   1
  95000   18000000|  7   5  87   0   0   1
  86000   14000000|  4   6  89   0   0   1
  86000   15000000|  5   5  90   0   0   0
  78000   15000000|  6   5  88   1   0   1
  80000   16000000|  6   6  88   0   0   0
  88000   16000000|  5   4  90   0   0   0
  82000   16000000|  5   7  88   0   0   0
  87000   16000000|  5   4  90   0   0   0
  90000   16000000|  6   5  88   0   0   1
  77000   16000000|  7   5  86   1   0   1
 103000   15000000| 24   5  70   0   0   1
  70000   13000000| 33   5  61   0   0   1
  75000   13000000| 31   6  62   0   0   1
  77000   15000000| 32   6  61   0   0   1
  73000   14000000| 32   5  61   0   0   2
  82000   15000000| 31   7  61   1   0   1
  75000   14000000| 32   5  63   0   0   1
  75000   12000000| 32   6  62   0   0   0
  39000 7140000| 31   5  64   0   0   1
  37000 7606000| 32   4  63   0   0   1
  40000 7495000| 20   7  71   2   0   1
  42000 8053000|  6   5  89   0   0   0
  20000 2160000|  4   4  92   0   0   0
7239B  381000|  4   4  92   0   0   0
  23000 2050000|  5   4  91   0   0   1
  66000 6900000|  5   5  90   0   0   1
  71000   14000000|  6   4  89   2   0   0
  71000   15000000|  6   5  89   0   0   0
 107000   19000000|  6   4  89   0   0   1
 112000   20000000|  6   5  88   0   0   1
 160000   24000000|  4   5  91   0   0   0
  43000 4790000|  6   6  89   0   0   0
  37000 8236000|  5   4  89   1   0   0
  43000 6366000|  5   5  90   0   0   0
  38000 8072000|  5   6  89   0   0   0
  45000 8872000|  5   5  90   0   0   0
  72000   12000000|  5   6  88   0   0   0
  68000   13000000|  5   6  89   0   0   0
  75000   13000000|  5   5  88   1   0   1
  63000   13000000|  5   5  89   0   0   0
  85000   15000000|  5   5  89   0   0   0
  65000   14000000|  6   5  89   0   0   0
  89000   15000000|  6   5  89   0   0   0
  68000   14000000|  5   6  88   0   0   1
  83000   15000000|  6   6  87   1   0   1
  68000   14000000|  6   5  88   0   0   1
  82000   14000000|  5   5  89   0   0   1
  72000   12000000|  5   4  90   0   0   0
  72000   13000000|  6   6  87   0   0   1
  69000   13000000|  4   5  91   0   0   0
  82000   14000000|  5   4  89   1   0   1
  76000   13000000|  5   6  89   0   0   1
  73000   14000000|  5   5  90   0   0   1
  86000   15000000|  5   6  89   0   0   0
  75000   16000000|  5   6  89   0   0   1
 104000   18000000|  5   6  88   0   0   1
 101000   19000000|  5   6  88   1   0   1
 102000   21000000|  6   5  89   0   0   0
 112000   23000000|  6   5  89   0   0   1
 114000   24000000|  4   5  90   0   0   1
 117000   24000000|  6   6  87   0   0   1
 135000   19000000|  5   4  90   0   0   0
  40000 7175000|  5   5  89   1   0   0
  41000 7694000|  5   5  89   0   0   1
  51000 8660000|  5   5  90   0   0   0
  50000   10000000|  6   4  89   0   0   1
  72000   12000000|  6   5  89   0   0   0
  79000   14000000|  5   4  91   0   0   0
  86000   19000000|  6   5  88   1   0   0
 109000   21000000|  5   6  88   0   0   1
 115000   22000000|  6   5  89   0   0   0
 107000   23000000|  6   5  89   0   0   0
 105000   15000000|  5   5  90   0   0   1
  60000   13000000|  4   4  90   1   0   1
  75000   14000000|  6   6  88   0   0   0
  89000   20000000|  5   5  90   0   0   1
  90000   19000000|  5   6  89   0   0   1
 120000   18000000|  5   4  90   0   0   0
  75000   16000000|  5   5  89   0   0   1
  94000   17000000|  5   4  89   1   0   1
  83000   15000000|  4   6  89   0   0   0
  80000   16000000|  6   6  88   0   0   1
  89000   16000000|  5   4  90   0   0   1
  86000   17000000|  6   5  88   0   0   1
  99000   18000000|  4   5  90   0   0   1
  87000   18000000|  6   5  88   1   0   0
 106000   20000000|  6   3  90   0   0   0
  95000   20000000| 23   6  69   0   0   2
 122000   22000000| 31   6  62   0   0   1
 115000   21000000| 32   5  63   0   0   1
  61000 7154000| 32   6  61   0   0   1
  41000 8072000| 31   5  62   1   0   1
  60000   11000000| 16   6  78   0   0   0
  64000   13000000|  4   5  91   0   0   0
  73000   12000000|  6   5  89   0   0   1
  38000 7253000|  5   4  91   0   0   0
  42000 7539000|  5   5  90   0   0   0
  45000 7807000| 28   7  63   2   0   1
  39000 7741000| 31   5  62   0   0   1
  45000 7804000| 32   5  63   0   0   1
  43000 8039000| 32   4  65   0   0   0
  62000 9273000| 31   5  63   0   0   1
  87000   12000000| 19   5  76   0   0   1
 103000   16000000|  3   5  90   2   0   0
  60000   10000000|  5   7  87   0   0   1
  53000 6349000|  4   3  93   0   0   0
  26000 5671000|  4   4  92   0   0   0
  37000 6606000|  5   5  90   0   0   1
  31000 6339000|  4   5  91   0   0   0
  38000 6991000|  4   5  90   1   0   1
  42000 6767000|  5   5  91   0   0   0
  50000 8548000|  5   6  89   0   0   1
 112000   14000000|  6   5  89   0   0   1
  87000   19000000|  6   6  88   0   0   0
 120000   23000000|  5   6  88   0   0   1
 104000   16000000|  4   5  90   1   0   0
  44000 7789000|  6   4  90   0   0   0
  47000 7888000|  5   4  91   0   0   0
  46000 9673000|  5   4  90   0   0   0
  52000   11000000|  4   6  90   0   0   0
  69000   14000000|  5   5  89   0   0   1
  79000   18000000|  5   6  88   1   0   0
 116000   22000000|  5   5  90   0   0   1
 108000   18000000|  6   5  89   0   0   0
 103000   22000000|  5   5  88   0   0   1
 125000   23000000|  4   5  90   0   0   0
 119000   26000000|  5   5  89   0   0   0
  84000   14000000|  5   5  89   1   0   0
  53000   11000000|  5   5  90   0   0   1
  68000   13000000|  5   5  90   0   0   0
  78000   14000000|  5   5  90   0   0   1
  83000   18000000|  5   6  89   0   0   0
 119000   21000000|  7   5  88   0   0   1
 121000   24000000|  5   6  87   1   0   1
 122000   24000000|  5   4  90   0   0   1
 134000   26000000|  5   6  89   0   0   1
 140000   26000000|  5   4  90   0   0   1
 151000   28000000|  5   4  90   0   0   0
 150000   27000000|  4   5  90   0   0   1
 158000   29000000|  6   5  88   1   0   1
 156000   29000000|  6   5  88   0   0   1
 158000   31000000|  5   5  90   0   0   1
 134000   30000000|  5   6  88   0   0   1
 139000   32000000|  6   4  89   0   0   1
 144000   24000000|  5   5  90   0   0   0
  97000   19000000|  6   4  88   1   0   1
  95000   19000000|  6   5  88   0   0   2
 124000   22000000|  4   6  89   0   0   1
 120000   25000000|  5   5  89   0   0   1
 128000   30000000|  5   6  89   0   0   0
 136000   30000000| 31   7  61   0   0   1
 153000   32000000| 31   7  59   1   0   2
 131000   21000000| 33   5  62   0   0   0
  71000   16000000| 33   4  62   0   0   1
  75000   16000000| 31   6  62   0   0   1
  89000   17000000| 32   5  62   0   0   0
  81000   17000000| 31   7  61   0   0   1
  88000   18000000| 30   6  62   1   0   1
  85000   14000000| 15   5  80   0   0   0
  35000 8006000|  3   5  92   0   0   0
  47000 7172000|  5   6  89   0   0   0
  23000 4516000|  4   4  91   0   0   0
  37000 5859000|  5   4  91   0   0   0
  34000 4012000|  4   4  90   2   0   0
  23000 4153000|  5   5  90   0   0   0
  21000 4040000|  4   4  91   0   0   0
  29000 5027000| 24   6  70   0   0   0
  51000 6954000| 31   6  63   0   0   1
  80000 9034000| 31   6  63   0   0   1
  37000 7405000| 30   4  64   1   0   0
  48000 9740000| 32   6  62   0   0   1
  49000   10000000| 31   5  64   0   0   0
  59000   12000000| 32   5  63   0   0   1
  57000   11000000| 31   6  63   0   0   0
  61000   13000000| 31   5  63   0   0   1
  63000   12000000|  9   7  83   1   0   1
  68000   13000000|  5   4  91   0   0   0
  60000   12000000|  5   6  89   0   0   0
  43000 8286000|  5   4  91   0   0   0
  44000 8873000|  4   4  91   0   0   0
  37000 8007000|  4   5  91   0   0   0
  45000 8808000|  5   5  89   2   0   0
  40000 8119000|  5   6  89   0   0   0
  49000 9394000|  4   5  91   0   0   0
  68000   10000000|  4   6  90   0   0   1
 101000   13000000|  5   5  90   0   0   0
  58000   13000000|  6   4  89   0   0   1
  75000   13000000|  4   5  89   1   0   0
  65000   14000000|  5   5  90   0   0   0
  73000   15000000|  4   6  90   0   0   1
  79000   13000000|  6   4  90   0   0   0
  64000   13000000|  5   5  89   0   0   1
  66000   13000000|  5   5  90   0   0   0
  74000   14000000|  5   6  87   2   0   1
  70000   15000000|  6   6  88   0   0   1
  70000   15000000|  5   5  89   0   0   1
  79000   15000000|  5   6  89   0   0   0
  76000   15000000|  5   5  90   0   0   1
  75000   15000000|  5   5  90   0   0   0
  79000   15000000|  5   5  89   1   0   0
  75000   15000000|  4   5  90   0   0   1
  78000   15000000|  4   5  90   0   0   1
  85000   16000000|  4   6  90   0   0   0
  75000   15000000|  5   5  90   0   0   0
  78000   16000000|  5   4  90   0   0   1
  81000   16000000|  4   6  88   1   0   1
  78000   16000000|  5   4  90   0   0   0
  77000   16000000|  6   5  89   0   0   1
  89000   17000000|  5   5  90   0   0   1
  82000   17000000|  5   5  90   0   0   1
  95000   19000000|  5   5  89   0   0   1
 102000   20000000|  4   6  89   1   0   1
 103000   22000000|  5   6  89   0   0   0
 111000   23000000|  6   5  89   0   0   0
 124000   24000000|  5   4  90   0   0   1
 119000   25000000|  5   5  89   0   0   1
 116000   26000000| 14   6  79   0   0   1
 138000   28000000| 31   4  62   1   0   1
 140000   28000000| 22   5  71   0   0   2
 121000   21000000|  5   5  89   0   0   1
  51000 6962000|  4   5  92   0   0   0
  33000 6845000|  4   4  91   0   0   0
  35000 7182000|  4   5  91   0   0   0
  44000 7658000|  4   4  90   2   0   0
  33000 7019000|  5   5  90   0   0   1
  45000 8499000|  4   4  92   0   0   0
  56000 8115000|  5   4  91   0   0   0
  53000 9026000|  4   4  91   0   0   0
  53000 8508000|  6   5  89   0   0   0
  65000 9507000|  5   4  90   1   0   1
  55000 8814000|  5   4  90   0   0   0
  50000 9406000|  4   4  91   0   0   1
  47000 9206000|  4   5  91   0   0   0
  47000   10000000|  4   4  92   0   0   0
  49000 9940000|  3   5  92   0   0   0
  64000   11000000|  5   5  89   1   0   1
  56000   11000000|  4   5  90   0   0   1
  57000   12000000|  4   5  91   0   0   0
  69000   14000000|  4   5  90   0   0   1
  71000   15000000|  4   5  91   0   0   1
  83000   17000000|  4   5  90   0   0   1
  98000   19000000|  6   5  88   1   0   0
 103000   22000000|  6   4  90   0   0   0
 102000   22000000|  5   5  89   0   0   1
 125000   25000000|  6   4  90   0   0   0
 115000   24000000|  4   6  89   0   0   1
 125000   14000000|  4   4  91   0   0   0
  40000 7688000|  6   4  89   1   0   1
  38000 8174000|  4   5  91   0   0   0
  45000 9246000|  5   4  90   0   0   0
  56000 9900000|  4   6  90   0   0   1
  55000   11000000|  6   4  90   0   0   0
  62000   13000000|  4   5  90   0   0   1
  90000   17000000|  5   6  88   1   0   0
  98000   20000000|  4   6  89   0   0   1
 118000   23000000|  4   6  90   0   0   1
 104000   23000000|  6   4  89   0   0   1
 133000   25000000|  8   7  84   0   0   1
 125000   24000000| 29   7  63   0   0   1
 124000   26000000| 30   6  62   1   0   1
 123000   26000000| 10   5  84   0   0   0
 105000   17000000|  5   4  90   0   0   1
  50000   10000000|  5   5  90   0   0   0
  55000 8342000|  4   4  91   0   0   0
  47000 8340000|  4   3  93   0   0   1
  43000 8619000|  4   5  90   1   0   0
  50000 9814000|  4   4  92   0   0   0
  55000   10000000|  4   5  91   0   0   0
  68000   12000000|  3   5  91   0   0   1
 114000   16000000|  5   4  91   0   0   1
 120000   24000000|  5   5  90   0   0   0
 113000   25000000|  5   5  88   1   0   1
 145000   29000000|  5   5  90   0   0   0
 122000   19000000|  5   4  91   0   0   0
  53000   11000000|  4   5  91   0   0   0
  57000   11000000|  5   5  90   0   0   1
  61000   12000000|  4   4  92   0   0   0
  59000   12000000|  5   5  89   1   0   1
  73000   14000000|  5   5  90   0   0   1
  84000   17000000|  3   5  92   0   0   1
 102000   21000000|  5   5  90   0   0   1
  94000   15000000|  4   5  90   0   0   1
  86000   17000000|  5   5  90   0   0   1
  93000   19000000|  5   5  88   1   0   1
 104000   19000000|  5   4  89   1   0   1
 105000   21000000|  4   5  90   0   0   0
  97000   20000000|  4   6  89   0   0   1
 113000   22000000|  4   4  91   0   0   1
 110000   21000000|  5   5  90   0   0   0
 102000   22000000|  4   5  88   2   0   2
 109000   18000000|  5   5  89   0   0   1
  93000   20000000|  5   5  90   0   0   1
  98000   20000000|  4   5  90   0   0   1
 111000   21000000| 20   8  72   0   0   1
  99000   21000000| 30   6  63   0   0   1
 102000   22000000| 30   5  62   1   0   2
 116000   22000000| 18   5  77   0   0   0
 101000   19000000|  5   5  90   0   0   0
  55000   10000000|  4   5  91   0   0   0
  59000 9939000|  4   4  91   0   0   1
  55000   10000000|  3   5  92   0   0   0
  52000 9908000|  4   6  89   1   0   0
  57000   11000000|  4   4  91   0   0   1
  51000   10000000|  3   6  91   0   0   0
  70000   12000000|  3   6  90   1   0   0
 121000   16000000|  4   5  81   9   0   1
 102000   15000000|  5   8  49  38   0   1
 201000   18000000|  7   7   0  86   0   1
 593000   17000000|  9   9   0  82   0   1
 922000   17000000|  4   6  35  55   0   1
1165000   15000000|  4   5  51  39   0   0
 813000   17000000|  4   6  28  62   0   0
 247000   17000000|  6   5   0  89   0   1
  97000   19000000|  4   4   0  91   0   1
 104000   19000000|  5   6   0  89   0   1
 100000   20000000|  4   5  49  41   0   0
  91000   18000000|  3   5  90   1   0   1
 107000   20000000|  5   5  69  20   0   1
  91000   18000000|  4   4  78  14   0   1
  99000   20000000|  5   5  90   1   0   0
  99000   18000000|  5   4  90   0   0   1
  96000   20000000|  5   5  90   0   0   1
  91000   19000000| 27   6  66   0   0   1
 102000   20000000| 29   5  65   0   0   1
 101000   21000000| 29   5  65   0   0   1
  98000   21000000| 17   5  77   1   0   0
 116000   21000000|  4   6  90   0   0   0
  49000   10000000|  3   4  92   0   0   1
  59000   12000000|  3   5  91   0   0   0
  64000   12000000|  4   5  91   0   0   0
  72000   15000000|  4   5  90   0   0   1
  77000   15000000|  3   5  91   1   0   0
  96000   18000000|  4   4  91   0   0   1
  96000   18000000|  4   5  91   0   0   1
 106000   19000000|  5   5  90   0   0   1
 115000   19000000|  5   4  91   0   0   1
 110000   20000000|  4   4  91   0   0   0
  94000   20000000|  6   5  88   1   0   0
 103000   19000000|  4   6  90   0   0   1
  96000   20000000|  5   4  90   0   0   1
  87000   19000000|  4   5  91   0   0   0
 106000   20000000|  5   4  90   0   0   1
  95000   14000000|  4   5  91   0   0   1
  54000   12000000|  4   5  87   3   0   0
  75000   14000000|  4   5  37  54   0   0
  80000   16000000|  5   4  17  73   0   0
  78000   15000000|  4   6   6  85   0   0
 100000   18000000|  4   5   0  91   0   1
  86000   17000000|  4   6   0  90   0   1
 106000   17000000|  5   6   0  90   0   0
  26000 3120000|  4   5   0  91   0   0
  31000 4033000|  8   5   6  81   0   0
  34000 5366000| 30   5  22  42   0   1
  47000 8633000| 30   4  49  16   0   0
  52000   12000000| 29   6  64   0   0   1
  85000   16000000| 30   5  64   1   0   0
  77000   16000000| 12   5  82   0   0   1
  81000   15000000|  5   5  91   0   0   0
  33000 5873000|  3   5  92   0   0   0
  41000 7673000|  3   4  93   0   0   0
  48000 8607000|  3   5  92   0   0   0
  60000   11000000|  4   6  89   2   0   0
  64000   12000000|  4   4  91   0   0   1
  75000   16000000|  4   5  91   0   0   1
  66000 7052000|  4   4  93   0   0   0
  70000 8029000|  3   4  93   0   0   0
  41000 7789000|  4   4  93   0   0   0
  48000   10000000|  4   5  90   1   0   0
  54000   11000000|  4   5  91   0   0   0
  76000   16000000|  5   5  89   0   0   1
  80000   14000000|  4   5  91   0   0   0
  92000   15000000|  4   4  92   0   0   0
  54000   12000000|  4   4  92   0   0   0
  78000   14000000|  4   5  90   1   0   0
  80000   12000000|  4   5  92   0   0   0
  63000   12000000|  4   5  91   0   0   1
  58000   12000000|  4   4  91   0   0   1
  69000   12000000|  3   4  92   0   0   0
  63000   11000000|  5   4  90   0   0   1
  63000   11000000|  4   4  91   1   0   0
  58000   12000000|  5   4  91   0   0   0
  64000   11000000|  2   5  92   0   0   0
  57000   12000000|  4   4  92   0   0   0
  62000   11000000|  3   5  92   0   0   0
  71000   12000000|  4   5  91   0   0   0
  66000   11000000|  4   5  89   1   0   1
  74000   12000000|  4   4  92   0   0   0
  59000   10000000|  5   5  91   0   0   0
  68000   12000000|  4   4  91   0   0   1
  71000   12000000|  4   5  91   0   0   0
  67000   13000000|  4   5  90   0   0   0
  67000   14000000|  3   4  91   1   0   1
  83000   15000000|  5   5  90   0   0   0
  94000   16000000|  4   5  91   0   0   1
  98000   17000000|  3   6  91   0   0   0
 115000   20000000|  4   5  91   0   0   0
  85000   20000000|  4   5  91   0   0   0
 127000   22000000|  4   5  90   1   0   1
 100000   20000000|  3   5  90   0   0   1
 121000   22000000|  6   4  90   0   0   1
 103000   20000000|  5   4  90   0   0   1
 111000   22000000|  5   4  91   0   0   0
 110000   20000000|  3   5  91   0   0   1
 103000   22000000|  4   5  90   1   0   0
 116000   20000000|  4   5  91   0   0   1
  97000   21000000|  4   4  91   0   0   1
 112000   21000000|  5   4  91   0   0   0
  46000 4292000|  3   5  92   0   0   0
  23000 4191000|  3   5  93   0   0   0
  26000 4625000|  3   4  92   1   0   0
  28000 4914000|  4   4  92   0   0   0
  32000 5870000|  4   5  92   0   0   0
  35000 6625000|  4   5  91   0   0   0
  54000 9871000|  3   5  93   0   0   0
  58000   12000000|  3   5  91   1   0   0
  97000   17000000|  4   5  91   0   0   1
  87000   18000000|  3   5  91   0   0   0
  82000   12000000|  8   6  86   0   0   0
  58000   11000000| 30   5  64   0   0   1
  68000   15000000| 31   4  65   0   0   1
  95000   17000000| 29   6  63   1   0   1
  95000   18000000| 18   5  77   0   0   1
  98000   20000000|  4   5  90   0   0   1
  63000 9955000|  4   3  93   0   0   0
  51000   10000000|  3   4  93   0   0   0
  60000 8697000|  3   5  92   0   0   0
  53000 6387000|  4   5  90   2   0   0
  38000 6944000|  4   5  92   0   0   0
  37000 6723000|  4   4  93   0   0   0
  50000 8428000|  4   6  90   0   0   1
 100000   12000000|  5   4  91   0   0   0
  88000   15000000|  3   5  91   0   0   1
  79000   15000000|  3   6  89   1   0   1
  78000   13000000|  4   4  92   0   0   0
  72000   14000000|  3   5  91   0   0   0
  64000   13000000|  3   4  92   0   0   0
  81000   13000000|  5   5  90   0   0   0
  64000   10000000|  3   4  93   0   0   1
  59000   11000000|  4   5  89   2   0   0
  56000   11000000|  4   4  92   0   0   0
  67000   12000000|  4   4  91   0   0   1
  56000 9772000|  2   5  92   0   0   0
  59000   11000000|  3   5  92   0   0   0
  57000   11000000|  4   5  91   0   0   0
  65000   11000000|  4   5  91   1   0   0
  67000   11000000|  3   4  93   0   0   0
  57000   11000000|  5   5  90   0   0   0
  69000   11000000| 29   5  65   0   0   1
  57000   11000000| 28   5  66   0   0   1
  69000   11000000| 31   4  65   0   0   0
  56000 8186000| 30   4  65   1   0   1
  48000 9247000| 30   5  66   0   0   0
  48000 9581000| 29   4  66   0   0   1
  59000   10000000| 29   6  64   0   0   1
  54000   10000000| 30   4  65   0   0   1
  56000 9010000| 27   4  68   0   0   1
  52000 8806000|  4   4  91   1   0   0
  49000 9206000|  4   4  92   0   0   0
  53000 8446000|  4   5  91   0   0   0
  28000 4672000|  3   5  93   0   0   0
  27000 5004000|  2   4  94   0   0   0
  25000 4671000|  3   5  93   0   0   0
  29000 4939000|  3   4  91   2   0   0
  24000 4751000|  3   4  92   0   0   0
  29000 5414000|  3   4  93   0   0   0
  41000 6342000|  4   5  92   0   0   0
  65000 7639000|  4   5  91   0   0   1
  68000 8801000|  3   5  92   0   0   0
  49000 9606000|  4   5  90   1   0   0
  57000 9940000|  4   5  92   0   0   0
  60000   11000000|  3   5  91   0   0   1
  57000   12000000|  3   4  92   0   0   1
  67000   13000000|  4   6  90   0   0   0
  77000   14000000|  4   5  91   0   0   1
  81000   14000000|  3   5  90   1   0   0
  71000   12000000|  4   5  91   0   0   0
  68000   14000000|  4   4  92   0   0   0
  77000   14000000|  4   5  91   0   0   0
  77000   15000000|  5   5  90   0   0   1
  77000   15000000|  4   5  92   0   0   0
  90000   16000000|  3   5  90   1   0   1
  78000   16000000|  3   6  91   0   0   1
  91000   18000000|  4   6  90   0   0   0
  99000   18000000|  4   5  90   0   0   1
  96000   19000000|  4   6  90   0   0   0
 101000   17000000|  5   5  90   0   0   1
  98000   18000000|  4   5  90   1   0   1
  98000   21000000|  4   5  91   0   0   1
 110000   22000000|  4   6  90   0   0   1
 132000   25000000|  5   5  90   0   0   1
 128000   24000000|  4   6  91   0   0   0
 109000   14000000|  3   5  91   0   0   0
  33000 5910000|  4   4  91   1   0   0
  30000 6148000|  4   4  92   0   0   0
  43000 7021000|  4   4  92   0   0   0
  39000 7322000|  3   4  92   0   0   1
  44000 9289000|  5   5  91   0   0   0
  58000   11000000|  3   5  92   0   0   1
  72000   15000000|  3   4  91   1   0   0
  87000   18000000|  5   4  90   0   0   1
 101000   19000000|  3   4  92   0   0   1
 104000   21000000|  4   5  91   0   0   0
  96000   16000000|  4   5  91   0   0   0
  51000 9410000|  4   5  91   0   0   0
  68000   13000000|  5   5  89   1   0   0
  61000   12000000| 29   5  66   0   0   0
  75000   13000000| 29   5  65   0   0   1
  68000   14000000| 29   6  64   0   0   1
  71000   15000000| 29   4  66   0   0   1
  88000   16000000| 18   6  76   0   0   1
  91000   15000000|  4   5  90   1   0   0
  36000 5673000|  2   4  93   0   0   0
  33000 5404000|  3   3  94   0   0   0
  30000 5672000|  4   4  92   0   0   1
  31000 5606000|  3   4  93   0   0   0
  36000 6019000|  3   4  91   2   0   0
  32000 6056000|  4   4  92   0   0   0
  45000 7523000|  3   5  91   0   0   1
  88000   11000000|  3   4  93   0   0   0
  97000   16000000|  3   6  91   0   0   0
  72000   15000000|  4   4  92   0   0   0
  95000   17000000|  3   5  90   1   0   1
 104000   19000000|  3   5  92   0   0   0
  95000   16000000|  3   5  92   0   0   0
  91000   14000000|  4   4  92   0   0   0
  63000   13000000|  3   6  91   0   0   1
  80000   16000000|  4   5  90   0   0   1
  80000   15000000|  4   5  90   1   0   1
  86000   17000000|  4   5  91   0   0   1
  86000   14000000|  3   5  92   0   0   0
  75000   14000000|  4   4  92   0   0   1
  76000   14000000|  4   5  91   0   0   0
  80000   15000000|  3   5  91   0   0   1
  82000   15000000|  4   5  90   1   0   1
  87000   15000000|  3   6  90   0   0   1
  79000   16000000|  3   4  92   0   0   1
  82000   14000000|  4   5  92   0   0   0
  79000   15000000|  3   5  91   0   0   0
  71000   14000000|  4   5  91   0   0   0
  83000   13000000| 15   5  78   1   0   1
  67000   13000000| 29   4  66   0   0   1
  70000   14000000| 27   6  65   0   0   1
  76000   13000000| 30   5  65   0   0   1
  73000   14000000| 29   5  66   0   0   0
  76000   12000000| 19   6  75   0   0   1
  75000   11000000|  3   4  92   1   0   0
  58000   11000000|  5   4  91   0   0   0
  37000 5005000|  2   4  93   0   0   0
  34000 5338000|  3   5  92   0   0   0
  28000 5205000|  2   5  93   0   0   0
  30000 5204000|  3   5  91   2   0   0
  30000 5090000|  3   5  92   0   0   0
  30000 5486000|  3   5  92   0   0   0
  44000 6389000|  3   4  93   0   0   1
  77000   10000000|  3   5  92   0   0   0
  98000   18000000|  3   4  92   0   0   1
 109000   19000000|  3   5  91   1   0   1
  47000 7322000|  4   4  92   0   0   0
  41000 8405000|  3   4  93   0   0   0
  53000   10000000|  3   5  92   0   0   1
  59000   11000000|  3   4  93   0   0   0
  57000   12000000|  3   4  93   0   0   0
  66000   13000000|  3   5  91   1   0   0
  75000   15000000|  4   4  92   0   0   0
  73000   16000000|  4   5  91   0   0   0
  90000   18000000|  4   4  92   0   0   1
 107000   20000000|  3   4  92   0   0   0
  49000 4262000|  2   4  93   0   0   0
  16000 3186000|  3   4  92   1   0   0
  19000 3713000|  3   4  93   0   0   0
  23000 3958000|  2   4  94   0   0   0
  26000 5203000|  3   5  92   0   0   0
  32000 6271000|  2   5  93   0   0   0
  51000 8680000|  3   4  93   0   0   0
  53000   11000000|  4   4  91   1   0   0
  75000   16000000|  3   5  91   0   0   1
  92000   17000000|  4   4  91   0   0   0
  94000   19000000|  3   5  91   0   0   0
 107000   17000000|  4   5  91   0   0   0
  45000 7528000|  3   5  92   0   0   0
  47000 9456000|  3   5  91   2   0   0
  78000   14000000|  4   5  91   0   0   0
  95000   16000000|  4   4  91   0   0   1
  85000   16000000|  4   4  92   0   0   0
  82000   11000000|  3   5  92   0   0   0
  70000   12000000|  3   5  92   0   0   1
  78000   12000000|  3   4  91   1   0   0
  62000   11000000|  3   5  92   0   0   0
  60000   11000000|  3   4  93   0   0   0
  59000   12000000|  4   4  91   0   0   0
  74000   12000000|  4   4  92   0   0   0
  61000   12000000|  4   4  92   0   0   0
  68000   12000000| 24   4  70   1   0   1
  61000   12000000| 29   4  66   0   0   1
  66000   13000000| 29   5  65   0   0   1
  68000   12000000| 29   5  66   0   0   1
  64000   13000000| 28   4  67   0   0   1
  68000   13000000| 25   5  70   0   0   0
  71000   13000000|  3   4  91   1   0   1
  66000   12000000|  4   4  92   0   0   0
  44000 5317000|  2   3  94   0   0   0
  32000 5204000|  3   5  93   0   0   0
  32000 5672000|  4   3  92   0   0   1
  34000 6073000|  3   4  93   0   0   0
  38000 6303000|  4   4  91   2   0   0
  37000 6847000|  3   5  92   0   0   0
  53000 7872000|  3   3  94   0   0   0
  84000 9692000|  3   5  92   0   0   0
  65000 9766000|  5   4  91   0   0   0
  59000   10000000|  3   4  93   0   0   0
  57000   10000000|  4   5  90   1   0   0
  65000   11000000|  4   4  92   0   0   0
  63000   11000000|  4   4  93   0   0   0
  61000   11000000|  3   4  93   0   0   0
  60000   11000000|  2   4  93   0   0   1
  67000   12000000|  4   4  92   0   0   0
  65000   12000000|  3   5  91   1   0   0
  67000   12000000|  2   5  93   0   0   0
  73000   13000000|  5   4  91   0   0   1
  73000   14000000|  3   4  92   0   0   1
  78000   11000000|  3   4  93   0   0   0
  64000   11000000|  3   5  92   0   0   0
  64000   12000000|  3   5  91   1   0   1
  65000   12000000|  4   4  92   0   0   1
  65000   12000000|  3   4  93   0   0   1
  63000   12000000|  4   5  91   0   0   0
  63000   12000000|  4   4  91   0   0   0
  68000   10000000|  3   3  94   0   0   0
  50000 9953000|  3   4  92   1   0   0
  55000   10000000|  3   5  92   0   0   0
  59000   11000000|  4   4  91   0   0   1
  55000   11000000|  3   6  91   0   0   0
  55000   11000000|  4   4  92   0   0   0
  61000   11000000|  3   5  92   0   0   0
  58000   11000000|  4   5  90   1   0   0
  60000   11000000|  4   3  93   0   0   0
  67000   10000000|  3   4  92   0   0   1
  56000   11000000|  4   4  93   0   0   0
  61000   12000000|  4   4  92   0   0   1
  72000   13000000|  4   5  91   0   0   0
  76000   15000000|  3   4  91   1   0   1
  85000   15000000|  8   4  87   0   0   0
  77000   12000000| 28   5  66   0   0   1
  68000   13000000| 28   5  67   0   0   0
  67000   14000000| 29   5  65   0   0   1
  79000   15000000| 29   5  66   0   0   0
  85000   12000000| 28   5  65   1   0   1
  59000   11000000| 29   4  67   0   0   1
  69000   11000000| 28   5  67   0   0   1
  70000   12000000|  5   5  90   0   0   1
  69000 8741000|  4   4  92   0   0   0
  52000 9430000|  3   5  92   0   0   0
  44000 6225000|  3   3  92   1   0   0
  34000 5805000|  3   4  93   0   0   0
  35000 5906000|  3   4  93   0   0   0
  40000 5318000|  3   4  92   0   0   0
  28000 4361000|  3   4  93   0   0   0
  27000 3682000|  2   4  94   0   0   0
  30000 4244000|  3   3  92   1   0   0
  58000 6449000|  3   4  93   0   0   1
  83000   12000000|  3   4  93   0   0   0
  98000   16000000|  4   4  93   0   0   0
  51000   10000000|  3   4  92   0   0   1
  73000   12000000|  3   5  92   0   0   0
  56000 8436000|  3   4  92   1   0   0
  43000 9006000|  3   4  93   0   0   0
  47000 8806000|  3   4  93   0   0   0
  53000 8116000|  3   4  93   0   0   0
  42000 8072000|  2   5  93   0   0   0
  42000 7921000|  4   4  92   0   0   0
  46000 7320000|  2   5  92   1   0   0
  39000 6988000|  3   4  92   0   0   1
  39000 6984000|  3   5  93   0   0   0
  42000 6938000|  3   5  92   0   0   0
  42000 7605000|  2   5  92   0   0   1
  39000 7405000|  3   4  93   0   0   0
  48000 8005000|  2   5  92   1   0   0
  44000 6658000|  4   4  93   0   0   0
  44000 7313000|  3   4  93   0   0   0
  44000 7205000|  3   4  93   0   0   0
  46000 7577000|  2   5  93   0   0   0
  42000 6521000|  3   4  94   0   0   0
  44000 6855000|  3   4  92   1   0   0
  39000 5867000|  3   4  93   0   0   0
  33000 6321000|  2   6  92   0   0   0
  37000 6143000|  3   4  93   0   0   0
  34000 6471000|  2   4  93   0   0   0
  32000 6337000|  3   3  94   0   0   0
  41000 6337000|  3   4  92   1   0   1
  33000 6404000|  3   4  93   0   0   0
  35000 6604000|  3   5  93   0   0   0
  39000 6881000|  3   4  93   0   0   0
  39000 7394000|  4   3  93   0   0   1
  41000 8005000|  3   3  93   0   0   0
  47000 8672000|  2   5  92   1   0   0
  65000 8918000|  3   4  93   0   0   0
  45000 7528000|  3   4  93   0   0   1
  47000 8385000|  3   3  94   0   0   0
  48000 9206000|  2   4  94   0   0   0
  56000 9363000|  3   4  93   0   0   0
  60000 9951000|  3   5  91   1   0   0
  52000 9971000|  3   5  92   0   0   0
  60000   10000000|  3   5  93   0   0   0
  51000 9806000|  3   5  92   0   0   0
  61000   10000000|  3   4  93   0   0   0
  53000 9806000|  3   4  93   0   0   1
  59000   10000000|  3   5  91   1   0   1
  54000   10000000|  4   4  92   0   0   0
  66000   11000000|  2   4  94   0   0   0
  62000   11000000|  3   5  93   0   0   0
  77000   11000000|  3   5  92   0   0   0
  63000   10000000|  3   4  93   0   0   0
  62000   10000000|  2   5  91   1   0   0
  59000   11000000|  2   4  94   0   0   0
  73000   11000000|  4   4  92   0   0   0
  62000 7526000|  4   3  92   0   0   1
  51000 6687000|  2   3  94   0   0   0
  42000 6508000|  3   4  93   0   0   0
  39000 6767000|  3   4  92   1   0   0
  40000 6822000|  2   5  93   0   0   0
  42000 7120000|  3   4  93   0   0   0
  39000 7004000|  2   4  93   0   0   1
  44000 7093000|  3   4  93   0   0   0
  38000 7141000|  2   4  93   0   0   0
  40000 7179000|  3   4  92   1   0   0
  46000 7471000|  3   4  92   0   0   0
  40000 7738000|  3   3  93   0   0   0
  51000 8405000|  3   5  92   0   0   0
  45000 9006000|  3   5  92   0   0   0
  58000 8852000|  2   4  93   0   0   1
  50000 9768000|  3   5  91   1   0   0
  60000   11000000| 26   4  69   0   0   1
  73000   10000000| 28   5  67   0   0   1
  57000   12000000| 27   5  67   0   0   1
  74000 9917000| 28   5  67   0   0   1
  54000   10000000| 29   4  66   0   0   1
  62000   11000000| 29   5  65   1   0   1
  68000   12000000| 28   6  66   0   0   1
  66000   11000000| 28   5  66   0   0   1
  58000 9731000| 28   4  66   0   0   1
  56000 9840000| 28   4  67   0   0   1
  65000 9842000| 27   4  67   0   0   1
  58000 9462000| 29   4  65   1   0   0
  53000 8181000| 29   4  67   0   0   1
  49000 8720000| 29   4  67   0   0   1
  52000 8921000| 28   4  67   0   0   1
  50000 8939000| 28   4  68   0   0   0
  53000 9136000| 16   5  78   1   0   1
  53000 9296000|  3   3  94   0   0   0
  56000 9387000|  3   3  93   0   0   1
  60000 8239000|  3   4  93   0   0   0
  40000 5783000|  3   5  92   0   0   1
  34000 5672000|  3   4  93   0   0   0
  37000 5872000|  3   4  92   2   0   0
  38000 6338000|  3   4  92   0   0   1
  37000 6273000|  4   3  93   0   0   0
  39000 6636000|  3   4  93   0   0   0
  49000 7457000|  3   4  92   0   0   1
  70000 9529000|  3   5  92   0   0   1
  88000   11000000|  2   5  92   1   0   0
  51000 9344000|  2   4  94   0   0   0
  58000 9480000|  3   3  94   0   0   0
  53000 9406000| 17   4  79   0   0   0
  55000 8506000| 28   4  67   0   0   1
  49000 8248000| 28   5  67   0   0   0
  46000 9029000| 28   3  67   1   0   1
  46000 9115000| 28   3  68   0   0   1
  56000 7898000| 28   4  68   0   0   1
  37000 7538000| 28   4  68   0   0   0
  39000 8220000| 28   4  68   0   0   0
  51000 6970000| 15   4  81   0   0   0
  45000 6933000|  3   3  92   2   0   0
  36000 6671000|  2   4  93   0   0   1
  42000 6934000|  3   4  94   0   0   0
  32000 4032000|  2   4  94   0   0   0
  22000 3670000|  3   4  93   0   0   0
  24000 4071000|  2   3  95   0   0   0
  26000 4338000|  3   3  93   1   0   0
  24000 4418000|  3   4  93   0   0   0
  28000 4865000|  3   3  94   0   0   0
  40000 5802000|  3   3  93   0   0   1
  75000 9233000|  3   4  92   0   0   1
  96000   16000000|  2   4  94   0   0   0
  80000   12000000|  3   4  92   1   0   0
  46000 9191000|  3   4  93   0   0   0
  66000   13000000|  3   4  93   0   0   0
  76000   14000000|  3   5  92   0   0   1
  66000   12000000|  2   5  92   0   0   1
  72000   10000000|  3   4  93   0   0   1
  50000 9639000|  3   4  92   1   0   1
  52000   10000000|  3   4  93   0   0   1
  63000 9136000|  3   5  92   0   0   0
  46000 8897000|  3   4  93   0   0   0
  46000 8700000|  4   4  92   0   0   0
  56000 9378000|  2   4  93   0   0   0
  48000 9273000|  3   4  92   1   0   0
  50000 9206000|  3   4  93   0   0   0
  50000 9206000|  3   3  94   0   0   0
  48000 9606000|  3   3  94   0   0   0
  52000 9606000|  3   3  93   0   0   0
  54000   10000000|  4   3  93   0   0   0
  53000   10000000|  3   4  92   1   0   1
  62000   11000000|  2   5  93   0   0   0
  64000   11000000|  3   4  93   0   0   0
  54000   11000000|  3   3  94   0   0   1
  68000   11000000|  3   4  93   0   0   0
  65000 9654000|  3   4  93   0   0   1
  54000 8549000|  3   4  91   1   0   1
  52000 7274000|  3   4  92   0   0   0
  46000 6941000|  3   3  94   0   0   0
  38000 6204000|  3   4  93   0   0   0
  38000 6537000|  3   4  93   0   0   0
  39000 6537000|  3   4  93   0   0   0
  41000 6394000|  2   4  92   1   0   0
  34000 5691000|  4   4  92   0   0   0
  34000 5937000|  3   4  93   0   0   0
  32000 6137000|  3   4  93   0   0   0
  36000 6404000|  2   5  93   0   0   0
  35000 6671000|  2   4  94   0   0   0
  36000 7138000|  3   4  91   1   0   1
  44000 7672000|  2   4  93   0   0   0
  45000 7627000|  3   4  93   0   0   1
  42000 7686000|  4   3  93   0   0   0
  46000 7738000|  3   3  94   0   0   0
  44000 8539000|  3   5  92   0   0   0
  48000 9006000|  3   4  92   1   0   0
  53000 9473000|  2   5  93   0   0   1
  48000   10000000|  2   5  93   0   0   0
  58000   11000000|  2   4  94   0   0   0
  66000   12000000|  2   5  93   0   0   0
  69000   13000000|  3   4  93   0   0   0
  77000   14000000|  2   5  91   1   0   1
  88000   16000000|  3   4  93   0   0   0
  87000   18000000|  3   5  92   0   0   0
  75000   12000000|  3   4  93   0   0   0
  72000   14000000|  3   5  92   0   0   0
  81000   17000000|  3   5  92   0   0   0
  90000   17000000|  3   5  91   1   0   0
 108000   20000000|  3   5  92   0   0   0
  96000   20000000|  3   4  92   0   0   1
 119000   22000000|  2   5  93   0   0   0
 130000   21000000|  3   5  92   0   0   0
 104000   21000000|  3   4  93   0   0   0
 120000   22000000|  3   5  91   1   0   1
 126000   22000000|  3   4  92   0   0   0
 116000   23000000|  3   5  92   0   0   1
 102000   17000000|  3   4  93   0   0   0
 108000   18000000|  3   4  93   0   0   0
  88000   17000000|  3   5  92   0   0   1
  82000   15000000|  3   4  91   1   0   1
  87000   14000000|  3   3  94   0   0   1
  66000   13000000|  3   4  92   0   0   0
  77000   14000000|  3   4  92   0   0   0
  73000   15000000|  4   4  92   0   0   0
  76000   13000000|  3   4  92   0   0   1
  76000   12000000|  3   4  92   1   0   0
  67000   11000000|  3   5  92   0   0   0
  61000   12000000|  3   5  92   0   0   0
  70000   12000000|  3   4  93   0   0   1
  63000   12000000| 19   3  77   0   0   1
  68000   13000000| 28   4  68   0   0   1
  68000   13000000| 28   4  66   1   0   1
  69000   13000000| 28   4  68   0   0   1
  70000   12000000| 28   4  68   0   0   1
  66000   10000000| 28   3  69   0   0   1
  53000   11000000| 32   6  62   0   0   0
  63000   11000000| 28   4  67   0   0   0
  32000 4539000| 27   3  68   2   0   0
  25000 4478000| 27   4  69   0   0   1
  29000 4874000| 27   4  68   0   0   1
  28000 4862000| 27   4  69   0   0   0
  27000 4818000| 21   5  75   0   0   0
  31000 3582000|  2   3  94   0   0   1
  35000 5079000|  3   3  93   1   0   0
  61000 6274000|  3   4  94   0   0   0
  54000 4391000|  2   3  95   0   0   0
  30000 5338000|  2   5  93   0   0   0
  32000 6539000|  2   3  95   0   0   0
  38000 6955000|  2   3  95   0   0   0
  42000 4157000|  3   4  93   1   0   0
  25000 4332000|  2   4  94   0   0   0
  44000 5571000|  2   4  94   0   0   1
  86000 7689000|  3   3  94   0   0   0
  52000 8275000|  3   4  93   0   0   0
  49000 8739000|  3   4  92   0   0   0
  48000 9873000|  3   4  90   1   0   0
  53000 9572000|  3   4  93   0   0   0
  65000 9367000|  2   4  94   0   0   0
  45000 8453000|  2   4  94   0   0   0
  50000 9006000|  4   5  91   0   0   0
  50000 9139000|  3   4  94   0   0   0
  54000 9673000|  3   4  92   1   0   0
  51000   10000000|  2   4  94   0   0   0
  54000   10000000|  3   3  94   0   0   0
  53000   11000000|  3   4  92   0   0   0
  59000   12000000|  3   5  92   0   0   0
  59000   13000000|  4   3  92   0   0   1
  81000   15000000|  2   4  92   1   0   0
  75000   16000000|  3   4  93   0   0   0
 102000   14000000|  3   5  92   0   0   0
  62000   12000000|  3   4  92   0   0   0
  77000   15000000|  3   5  92   0   0   0
  85000   15000000|  5   4  92   0   0   0
  81000   17000000|  3   5  92   1   0   0
  88000   16000000|  3   5  91   0   0   0
  87000   14000000|  2   6  92   0   0   0
  77000   14000000|  3   3  94   0   0   0
  83000   14000000|  2   4  93   0   0   0
  73000   15000000|  4   4  92   0   0   1
  93000   13000000|  2   4  92   2   0   1
  67000   12000000|  2   4  94   0   0   0
  69000   11000000|  3   3  93   0   0   1
  68000   10000000|  3   4  93   0   0   0
  57000   10000000|  2   4  94   0   0   1
  59000   11000000|  2   3  95   0   0   0
  59000   11000000|  3   3  92   1   0   1
  67000   12000000|  3   4  93   0   0   1
  71000   13000000|  3   3  94   0   0   0
  79000   14000000|  3   4  93   0   0   1
  86000   16000000|  3   4  94   0   0   0
  95000   17000000|  3   5  92   0   0   1
 104000   19000000|  3   5  91   1   0   1
 112000   19000000|  2   5  93   0   0   0
  50000 5741000|  3   4  93   0   0   0
  34000 6815000|  2   4  93   0   0   0
  43000 8602000|  4   4  93   0   0   0
  56000   11000000|  2   3  94   0   0   1
  83000   15000000|  3   3  92   1   0   1
  88000   16000000|  2   3  94   0   0   1
  96000   19000000|  3   5  93   0   0   0
  93000   10000000|  2   4  94   0   0   0
  27000 4489000|  3   4  93   0   0   0
  27000 4805000|  3   4  93   0   0   0
  29000 5122000|  3   4  92   1   0   0
  31000 5390000|  3   4  93   0   0   0
  34000 5937000|  2   3  94   0   0   1
  38000 6337000|  2   3  94   0   0   0
  41000 7302000|  3   5  93   0   0   0
  45000 9212000|  3   5  92   0   0   1
  62000   10000000|  3   5  90   1   0   0
  80000   15000000|  4   3  93   0   0   0
  55000 7970000|  3   4  93   0   0   0
  54000 9763000|  3   3  94   0   0   0
  47000 7018000|  2   4  94   0   0   1
  35000 5839000|  2   4  94   0   0   0
  39000 6661000|  3   3  93   1   0   0
  37000 7148000|  3   4  93   0   0   0
  43000 6901000|  3   4  93   0   0   0
  39000 7325000|  3   3  94   0   0   0
  44000 7255000|  3   4  93   0   0   0
  42000 7605000|  2   3  95   0   0   0
  40000 7805000|  2   5  92   1   0   0
  40000 8138000|  2   4  94   0   0   0
  48000 8299000|  2   4  94   0   0   1
  51000 7738000|  2   5  93   0   0   0
  40000 8205000|  2   4  94   0   0   0
  49000 9406000|  2   4  94   0   0   0
  51000   10000000|  3   4  92   1   0   0
  51000   11000000|  3   3  94   0   0   1
  64000   12000000|  2   4  94   0   0   0
  59000   12000000|  3   4  93   0   0   1
  69000   14000000|  3   5  92   0   0   0
  81000   13000000|  3   4  94   0   0   0
  59000   12000000|  3   4  92   1   0   0
  82000   11000000|  2   5  93   0   0   0
  53000 9273000|  1   5  94   0   0   0
  53000   11000000|  3   5  92   0   0   1
  65000   11000000| 28   6  67   0   0   0
  63000   11000000| 27   4  68   0   0   1
  50000 9606000| 28   4  67   1   0   0
  49000 8097000| 28   4  68   0   0   1
  44000 9187000| 27   4  68   0   0   1
  53000 9606000| 28   3  68   0   0   1
  53000 9018000| 28   4  68   0   0   1
  47000 8187000| 26   3  68   2   0   1
  45000 7099000|  2   3  94   0   0   1
  42000 8206000|  2   5  93   0   0   0
  25000 3573000|  2   3  95   0   0   0
  26000 3353000|  2   3  94   0   0   0
  20000 3270000|  2   4  93   1   0   0
  21000 3337000|  3   3  94   0   0   0
  21000 3343000|  3   4  94   0   0   0
  20000 3442000|  2   3  94   0   0   0
  31000 4348000|  2   4  94   0   0   0
  42000 5002000|  2   4  93   0   0   1
  52000 6011000|  2   3  94   1   0   0
  45000 6263000| 24   5  71   0   0   0
  38000 7083000| 27   5  67   0   0   1
  47000 7660000| 28   3  69   0   0   0
  42000 8405000| 28   4  68   0   0   0
  51000 9233000| 28   3  69   0   0   1
  50000 6116000| 27   3  68   1   0   1
  37000 7242000| 27   3  70   0   0   0
  44000 7617000| 28   4  68   0   0   0
  44000 7938000| 28   3  69   0   0   0
  45000 6509000|  4   5  91   0   0   0
  37000 6440000|  3   4  92   1   0   0
  38000 6842000|  2   4  94   0   0   0
  19000 2204000|  2   4  94   0   0   0
  14000 2245000|  2   3  95   0   0   0
  13000 2184000|  2   4  94   0   0   0
  15000 2381000|  2   3  95   0   0   0
  13000 2420000|  3   3  92   1   0   0
  16000 2931000|  3   3  94   0   0   0
  27000 3989000|  3   3  94   0   0   0
  58000 7267000|  3   4  93   0   0   1
  98000   12000000|  2   4  95   0   0   0
  49000   10000000|  2   4  94   0   0   0
  76000   13000000|  3   4  92   1   0   1
  64000   12000000|  3   4  93   0   0   1
  74000   15000000|  3   4  93   0   0   0
  85000   16000000|  3   4  93   0   0   1
  97000   19000000|  3   5  92   0   0   1
  93000   20000000|  3   4  93   0   0   0
 124000   24000000|  3   5  91   1   0   1
 133000   24000000|  2   5  92   0   0   1
 113000   24000000|  3   4  92   0   0   1
 118000   21000000|  3   4  93   0   0   1
  42000 6822000|  2   5  93   0   0   0
  35000 7630000|  2   4  94   0   0   0
  43000 7586000|  2   4  93   1   0   0
  51000 8964000|  2   5  93   0   0   0
  52000 8892000|  3   4  93   0   0   1
  58000 9413000|  2   4  94   0   0   0
  62000   12000000|  3   3  93   0   0   0
  76000   17000000|  3   3  94   0   0   0
 106000   16000000|  3   4  92   1   0   0
  92000   16000000|  2   4  94   0   0   1
  94000   14000000|  3   4  93   0   0   0
  87000   15000000|  3   4  93   0   0   0
  81000   15000000|  3   5  93   0   0   0
  87000   16000000|  2   4  94   0   0   0
  89000   15000000|  2   4  93   1   0   0
  86000   14000000|  2   4  94   0   0   0
  62000   13000000|  2   4  94   0   0   0
  71000   14000000|  3   4  93   0   0   0
  66000   14000000|  3   4  93   0   0   0
  76000   14000000|  2   3  94   0   0   1
  79000   13000000|  3   4  92   1   0   1
  72000   13000000|  3   4  93   0   0   0
  76000   14000000|  2   4  94   0   0   0
  69000   14000000|  2   4  94   0   0   0
  79000   14000000|  3   4  93   0   0   0
  75000   15000000|  2   4  93   0   0   1
  82000   14000000|  3   4  92   1   0   0
  74000   15000000|  3   4  93   0   0   0
  84000   13000000|  3   3  93   0   0   0
  70000   14000000|  3   4  93   0   0   0
  78000   14000000|  3   3  94   0   0   0
  86000   15000000|  3   4  93   0   0   1
  74000   16000000|  2   3  92   1   0   1
  92000   14000000|  2   4  93   0   0   1
  73000   15000000|  2   5  93   0   0   1
  87000   16000000|  2   4  93   0   0   1
  88000   16000000|  3   4  93   0   0   0
  83000   16000000|  2   5  93   0   0   0
  94000   15000000|  2   4  93   1   0   0
  69000   14000000|  2   4  94   0   0   0
  84000   15000000|  4   4  93   0   0   0
  73000   15000000|  2   4  94   0   0   0
  90000   16000000|  3   4  93   0   0   0
  83000   14000000|  3   4  92   0   0   1
  75000   12000000|  3   4  92   1   0   0
  64000   13000000|  2   3  95   0   0   0
  77000   14000000|  3   4  93   0   0   0
  76000   14000000|  2   4  93   0   0   1
  75000   15000000|  3   4  93   0   0   0
  79000   15000000|  2   4  93   0   0   1
  77000   15000000|  3   5  91   1   0   0
  94000   15000000| 27   4  68   0   0   1
  90000   15000000| 27   5  68   0   0   1
  86000   15000000| 27   4  68   0   0   1
  77000   13000000| 28   5  68   0   0   0
  69000   14000000| 28   4  68   0   0   1
  74000   14000000| 26   4  69   1   0   0
  85000   15000000| 26   5  69   0   0   1
  75000   14000000| 28   3  68   0   0   1
  59000 6896000| 27   3  70   0   0   0
  36000 6938000| 27   4  69   0   0   1
  44000 7940000| 27   3  70   0   0   0
  38000 7941000| 16   3  79   1   0   1
  48000 8575000|  3   4  93   0   0   0
  13000  253000|  2   3  95   0   0   0
  18000 1348000|  2   3  94   0   0   0
  51000 4640000|  2   3  95   0   0   1
  77000   11000000|  3   3  94   0   0   0
  32000 6771000|  3   3  92   2   0   0
  51000   10000000|  2   4  94   0   0   0
  69000   10000000|  3   4  93   0   0   1
 100000   12000000|  2   4  93   0   0   1
 115000   18000000|  2   3  94   0   0   1
 101000   19000000|  2   4  94   0   0   1
  92000   17000000|  3   3  92   1   0   1
 117000   21000000|  3   3  93   0   0   1
 111000   17000000|  3   3  94   0   0   1
  91000   15000000|  1   4  95   0   0   1
  81000   15000000|  3   4  93   0   0   1
  86000   16000000|  2   5  93   0   0   0
  92000   16000000|  3   3  92   1   0   1
  86000   14000000|  3   3  94   0   0   0
  67000   15000000|  2   4  94   0   0   0
  72000   14000000|  3   3  94   0   0   0
  84000   15000000|  2   4  94   0   0   0
  82000   14000000|  2   4  94   0   0   0
  81000   16000000|  2   4  93   1   0   0
  79000   14000000|  3   4  93   0   0   1
  75000   16000000|  3   4  93   0   0   1
  81000   13000000|  2   5  93   0   0   0
  76000   14000000|  3   3  94   0   0   1
  68000   14000000|  2   4  94   0   0   0
  86000   16000000|  3   4  92   1   0   1
  85000   16000000|  3   4  93   0   0   0
  86000   17000000|  3   4  93   0   0   0
 104000   16000000|  2   4  94   0   0   1
  83000   15000000|  3   4  93   0   0   0
  83000   16000000|  2   3  94   0   0   0
  88000   16000000|  3   4  92   1   0   0
  95000   15000000|  2   5  93   0   0   0
  70000   14000000|  3   3  94   0   0   1
  80000   13000000|  2   3  95   0   0   0
  67000   13000000|  2   4  94   0   0   0
  75000   14000000|  4   3  93   0   0   0
  81000   14000000|  3   3  94   1   0   0
  84000   16000000|  2   4  94   0   0   1
  85000   16000000|  2   4  94   0   0   0
  94000   14000000|  2   4  94   0   0   1
  81000   13000000|  3   4  94   0   0   0
  70000   13000000|  2   4  94   0   0   1
  73000   13000000|  3   4  92   1   0   1
  72000   13000000|  3   4  93   0   0   0
  73000   13000000|  2   4  94   0   0   0
  72000   12000000|  3   3  94   0   0   0
  75000   12000000|  3   4  93   0   0   0
  68000   13000000|  2   5  93   0   0   0
  71000   13000000|  2   4  94   1   0   0
  74000   13000000|  3   3  94   0   0   0
  72000   14000000|  2   4  93   0   0   0
  68000   13000000|  3   4  93   0   0   1
  75000   14000000|  2   4  95   0   0   0
  70000   14000000|  3   3  92   0   0   1
  79000   11000000|  3   3  93   1   0   0
  62000   11000000|  1   4  95   0   0   0
  63000   12000000|  3   3  94   0   0   0
  68000   12000000|  3   4  94   0   0   0
  69000   13000000|  3   3  94   0   0   0
  69000   12000000|  3   3  94   0   0   0
  68000   12000000|  2   4  93   1   0   0
  66000   12000000|  2   3  95   0   0   0
  67000   12000000|  2   4  94   0   0   0
  66000   12000000|  2   4  95   0   0   0
  72000   11000000|  2   3  95   0   0   0
  55000   11000000|  2   4  94   0   0   1
  66000   11000000|  3   4  92   1   0   1
  66000   12000000|  2   4  94   0   0   0
  67000   12000000|  3   3  94   0   0   0
  64000   12000000|  2   4  94   0   0   0
  68000   12000000|  3   3  94   0   0   0
  71000   13000000| 26   3  70   0   0   1
  71000   13000000| 28   3  68   1   0   1
  77000   14000000| 28   3  69   0   0   1
  77000   14000000| 28   3  69   0   0   1
  76000   13000000| 27   3  69   0   0   1
  73000   14000000| 33   4  63   0   0   1
  81000   16000000| 27   4  68   0   0   1
  61000 8464000| 27   4  68   1   0   1
  38000 6406000| 27   4  69   0   0   1
  37000 6228000| 27   3  69   0   0   0
  38000 4350000| 26   4  70   0   0   0
  28000 4672000|  9   4  87   0   0   1
  30000 5022000|  1   3  94   1   0   0
  27000 3012000|  2   4  94   0   0   0
  40000 3459000|  2   3  95   0   0   0
  60000 3763000|  2   3  95   0   0   0
  24000 4385000|  2   3  95   0   0   0
  31000 5472000|  3   3  94   0   0   0
  33000 7125000|  2   3  94   1   0   0
  42000 7153000|  3   3  94   0   0   0
  55000 9554000|  2   3  95   0   0   0
 104000   13000000|  2   3  94   0   0   1
  59000   11000000|  2   3  95   0   0   0
  64000   13000000|  2   4  93   0   0   0
  72000   14000000|  2   4  93   1   0   1
  90000   14000000|  3   4  93   0   0   0
  67000   11000000|  2   4  94   0   0   1
  63000   13000000|  3   3  93   0   0   1
  69000   11000000|  2   3  94   0   0   0
  61000   12000000|  2   4  95   0   0   0
  57000   12000000|  2   4  92   1   0   0
  70000   13000000|  3   3  94   0   0   0
  64000   13000000|  2   4  93   0   0   1
  66000   13000000|  2   4  94   0   0   1
  74000   11000000|  3   3  95   0   0   0
  57000   11000000|  2   4  93   0   0   0
  57000   11000000|  2   4  92   1   0   1
  65000   12000000|  2   4  94   0   0   0
  62000   12000000|  2   4  94   0   0   0
  64000   13000000|  2   3  95   0   0   0
  76000   12000000|  2   3  94   0   0   0
  62000   12000000|  2   4  94   0   0   0
  64000   13000000|  2   4  93   1   0   0
  67000   13000000|  3   3  93   0   0   1
  69000   13000000|  2   4  94   0   0   0
  64000   13000000|  3   3  93   0   0   1
  71000   13000000|  2   4  94   0   0   1
  64000   12000000|  2   4  94   0   0   0
  63000   11000000|  2   4  93   1   0   0
  65000   12000000|  2   4  94   0   0   1
  66000   13000000|  2   4  94   0   0   0
  70000   13000000|  3   3  94   0   0   0
  76000   13000000|  3   3  94   0   0   0
  67000   13000000|  2   3  94   0   0   0
  86000   14000000|  2   3  94   1   0   0
  77000   14000000|  3   3  94   0   0   1
  80000   15000000|  3   4  93   0   0   0
  90000   15000000|  3   3  93   0   0   0
  79000   16000000|  2   4  94   0   0   0
  82000   14000000|  3   4  93   0   0   1
  76000   15000000|  3   4  92   1   0   0
  75000   16000000|  2   4  94   0   0   0
  81000   16000000|  2   5  93   0   0   0
 102000   16000000|  2   4  94   0   0   1
  74000   15000000|  2   4  94   0   0   0
  84000   16000000|  3   3  94   0   0   0
  89000   16000000|  3   4  92   1   0   0
  86000   17000000|  2   4  94   0   0   0
  89000   17000000|  2   3  94   0   0   1
  87000   18000000|  2   4  93   0   0   1
  97000   17000000|  3   4  93   0   0   1
  84000   17000000|  3   3  94   0   0   0
  78000   18000000|  2   4  93   1   0   0
  85000   18000000|  2   4  93   0   0   1
  92000   18000000|  2   4  93   0   0   1
  92000   18000000|  3   4  94   0   0   0
 103000   17000000|  3   4  93   0   0   0
  84000   18000000|  2   4  93   0   0   1
 106000   20000000|  2   4  93   1   0   0
  95000   13000000|  2   4  93   0   0   1
  74000   16000000|  2   4  94   0   0   1
  91000   15000000|  2   4  94   0   0   0
  91000   14000000| 15   4  81   0   0   1
  68000   14000000| 27   4  68   0   0   1
  81000   13000000| 26   4  68   1   0   1
  70000   13000000| 28   4  69   0   0   0
  72000   14000000| 27   4  68   0   0   1
  73000   14000000| 27   3  69   0   0   1
  77000   12000000| 27   3  69   0   0   1
  74000   12000000| 27   4  68   1   0   0
  63000   12000000| 19   4  77   0   0   0
  76000   12000000|  2   4  94   0   0   1
  58000   11000000|  2   4  93   0   0   0
  47000 7741000|  2   3  95   0   0   0
  38000 7005000|  2   3  93   2   0   0
  39000 7740000|  4   3  93   0   0   0
  38000 7074000| 26   3  70   0   0   0
  38000 7687000| 28   3  69   0   0   0
  36000 7409000| 27   3  70   0   0   1
  53000 9107000| 27   3  69   0   0   1
  79000   11000000| 26   4  68   1   0   1
  87000   13000000| 18   3  78   0   0   1
  70000   14000000|  2   3  94   0   0   0
  49000 8576000|  2   3  95   0   0   0
  36000 7806000|  2   3  95   0   0   0
  47000 9407000|  2   3  95   0   0   1
  50000 7981000|  2   3  94   1   0   0
  32000 6328000|  2   3  95   0   0   0
  38000 5420000|  2   3  95   0   0   0
  35000 6036000|  2   3  95   0   0   0
  72000 9888000|  2   4  94   0   0   1
  87000   12000000|  2   4  94   0   0   0
  62000   13000000|  2   3  94   1   0   0
  66000   13000000|  2   4  94   0   0   0
  83000   12000000|  2   3  95   0   0   0
  48000   10000000|  2   4  94   0   0   0
  63000   12000000|  2   3  95   0   0   0
  57000   12000000|  2   3  94   0   0   0
  64000   13000000|  1   4  93   1   0   0
  62000   13000000|  2   3  95   0   0   0
  68000   13000000|  2   3  95   0   0   0
  67000   13000000|  2   3  95   0   0   0
  73000   13000000|  2   3  95   0   0   1
  73000   13000000|  2   4  95   0   0   0
  67000   13000000|  2   3  94   1   0   0
  73000   12000000|  1   3  95   0   0   0
  57000   11000000|  2   3  94   0   0   1
  61000   12000000|  3   4  94   0   0   0
  65000   12000000|  3   3  94   0   0   1
  66000   13000000|  2   3  95   0   0   0
  66000   13000000|  2   4  94   1   0   0
  80000   14000000|  2   4  93   0   0   1
  75000   15000000|  1   3  95   0   0   0
  82000   16000000|  3   3  93   0   0   1
  91000   17000000|  2   3  95   0   0   0
  96000   19000000|  2   3  94   0   0   1
  78000   11000000|  3   3  94   1   0   0
  67000   14000000|  2   4  95   0   0   0
  70000   15000000|  2   4  94   0   0   0
  88000   17000000|  2   4  94   0   0   0
  85000   17000000|  2   4  94   0   0   0
  84000   14000000|  2   4  94   0   0   0
  83000   13000000|  2   3  94   1   0   0
  78000   14000000|  2   4  94   0   0   1
  72000   14000000|  2   4  94   0   0   1
  78000   15000000|  2   3  95   0   0   0
  85000   15000000|  2   4  94   0   0   0
  78000   15000000|  2   3  94   0   0   0
  78000   16000000|  2   4  92   1   0   0
  82000   15000000|  2   3  95   0   0   0
  78000   16000000|  2   3  95   0   0   0
  75000   15000000|  3   3  94   0   0   0
  82000   16000000|  3   3  94   0   0   0
  74000   15000000|  2   4  94   0   0   1
  85000   16000000|  2   3  94   1   0   0
  84000   16000000|  2   3  95   0   0   0
  87000   18000000|  2   3  94   0   0   0
  99000   19000000|  2   3  94   0   0   1
 111000   18000000|  2   4  94   0   0   0
  85000   17000000|  2   4  94   0   0   0
  92000   19000000|  2   4  93   1   0   1
 118000   22000000|  2   4  94   0   0   0
 102000   20000000|  2   4  94   0   0   0
 113000   24000000|  2   3  95   0   0   0
 122000   24000000| 15   4  80   0   0   1
 124000   25000000| 27   4  69   0   0   1
 111000   23000000| 26   4  68   1   0   1
 123000   24000000| 27   4  68   0   0   1
 107000   24000000| 27   3  69   0   0   1
 123000   24000000| 27   4  69   0   0   1
 128000   24000000| 18   4  77   0   0   2
 117000   22000000|  2   4  93   0   0   1
 119000   21000000|  7   3  88   1   0   1
  85000   17000000| 25   4  70   0   0   1
  81000   17000000| 25   3  72   0   0   1
  91000   17000000|  2   4  94   0   0   0
  13000 3711B|  1   3  96   0   0   0
3632B   55000|  1   3  96   0   0   0
5164B  322000|  2   3  94   1   0   0
  19000 1688000|  1   3  96   0   0   0
  59000 5665000|  2   3  94   0   0   0
  61000 9740000|  1   4  95   0   0   0
  49000 8849000|  2   3  95   0   0   0
  81000   13000000|  2   3  94   0   0   1
 104000   15000000|  2   3  93   1   0   1
  79000   16000000|  2   3  95   0   0   0
  79000   18000000|  2   3  95   0   0   0
  99000   20000000|  1   3  95   0   0   1
 105000   17000000|  2   3  94   0   0   0
  73000   14000000|  2   3  95   0   0   1
  76000   15000000|  2   3  94   1   0   0
  84000   15000000|  2   3  95   0   0   1
  70000   14000000|  2   3  95   0   0   0
  75000   15000000|  1   4  94   0   0   1
  81000   14000000|  2   3  95   0   0   0
  67000   12000000|  2   3  95   0   0   0
  71000   11000000|  2   3  94   1   0   0
  67000   12000000|  2   4  94   0   0   0
  66000   12000000|  2   3  95   0   0   0
  69000   12000000|  2   3  94   0   0   0
  81000   12000000|  2   3  95   0   0   0
  53000   10000000|  2   3  95   0   0   0
  65000   11000000|  3   3  94   1   0   0
  64000 9216000|  1   3  96   0   0   0
  57000 9740000|  2   3  95   0   0   0
  56000 9673000|  3   3  94   0   0   1
  60000   10000000|  2   3  95   0   0   0
  69000   10000000|  2   3  95   0   0   1
  64000   10000000|  2   4  94   1   0   0
  67000   11000000|  2   3  95   0   0   0
  56000   11000000|  2   4  95   0   0   0
  70000   12000000|  2   4  95   0   0   0
  72000   13000000|  2   3  95   0   0   0
  73000   14000000|  2   3  95   0   0   0
  94000   16000000|  2   3  94   1   0   0
  83000   18000000|  2   3  94   0   0   1
 100000   15000000|  2   3  94   0   0   1
  81000   15000000|  2   4  94   0   0   0
  92000   18000000|  2   4  94   0   0   0
 103000   18000000|  3   3  94   0   0   0
 103000   21000000|  2   3  94   1   0   1
 119000   18000000|  2   4  95   0   0   0
  99000   15000000|  2   3  95   0   0   0
  69000   12000000|  2   3  95   0   0   0
  65000   13000000|  2   3  94   0   0   0
  77000   14000000|  2   3  95   0   0   0
  67000   14000000|  2   3  94   1   0   0
  83000   14000000|  2   3  94   0   0   0
  72000   15000000|  2   4  95   0   0   0
  84000   15000000|  2   3  95   0   0   0
  76000   15000000|  2   4  94   0   0   1
  85000   13000000|  2   3  95   0   0   0
  64000   11000000|  2   3  94   1   0   0
  64000   12000000|  2   3  94   0   0   0
  70000   13000000|  2   3  94   0   0   1
  67000   13000000|  2   3  95   0   0   0
  75000   11000000|  2   2  95   0   0   0
  58000   11000000|  2   3  95   0   0   0
  59000   11000000|  2   2  95   1   0   0
  66000   12000000|  2   3  95   0   0   0
  55000   11000000|  2   4  95   0   0   0
  70000   10000000|  2   3  95   0   0   0
  56000   10000000|  2   3  95   0   0   0
  60000   11000000|  1   3  95   0   0   0
  60000   11000000|  2   3  94   1   0   0
  66000   11000000|  2   4  94   0   0   1
  59000   11000000|  2   3  95   0   0   0
  66000   11000000|  2   4  94   0   0   0
  62000   11000000|  2   4  95   0   0   0
  66000   12000000|  2   3  94   0   0   1
  66000   12000000|  2   3  94   1   0   0
  67000   12000000|  2   3  95   0   0   0
  65000   12000000|  2   3  95   0   0   0
  71000   12000000|  2   3  95   0   0   0
  73000   11000000| 10   3  87   0   0   0
  56000   11000000| 27   3  69   0   0   1
  66000   11000000| 26   3  69   1   0   0
  59000   12000000| 26   3  70   0   0   1
  74000   13000000| 27   3  69   0   0   1
  65000   13000000| 26   4  70   0   0   1
  78000   14000000| 26   3  70   0   0   1
  78000   14000000|  2   4  93   1   0   0
  72000   12000000|  2   3  94   0   0   0
  48000 8740000| 10   3  86   0   0   0
  46000 9741000| 26   3  71   0   0   1
  56000 7781000| 26   3  71   0   0   0
  43000 8074000| 26   3  69   1   0   1
  46000 9259000| 26   3  71   0   0   0
  50000 9456000| 14   3  83   0   0   0
  68000 9368000|  2   3  95   0   0   0
  63000 5843000|  1   3  96   0   0   0
  65000   11000000|  1   3  96   0   0   0
  31000 6002000|  2   3  94   2   0   0
  49000   10000000|  1   3  95   0   0   0
  46000 9815000|  2   3  95   0   0   0
  71000   11000000|  2   3  95   0   0   1
  52000 8761000|  1   3  96   0   0   0
 107000   15000000|  2   4  94   0   0   0
  89000   16000000|  2   3  94   1   0   0
 102000   21000000|  2   3  94   0   0   1
 104000   19000000|  2   3  95   0   0   1
 125000   25000000|  2   4  94   0   0   0
 116000   23000000|  1   4  95   0   0   0
  60000 7852000|  2   3  95   0   0   0
  44000 8433000|  1   3  95   1   0   0
  43000 8141000|  1   3  95   0   0   1
  45000 9376000|  1   3  96   0   0   0
  49000 9473000|  2   3  95   0   0   0
  59000   11000000|  2   3  95   0   0   1
  63000   12000000|  2   4  95   0   0   0
  66000   11000000|  2   3  94   1   0   0
  56000 9940000|  2   3  95   0   0   0
  52000   11000000|  2   3  95   0   0   0
  57000   11000000|  2   4  95   0   0   0
  60000   12000000|  2   3  95   0   0   0
  58000   11000000|  2   3  95   0   0   0
  56000   12000000|  2   2  95   1   0   0
  62000   12000000|  2   3  95   0   0   0
  59000   12000000|  2   3  95   0   0   0
  65000   11000000|  2   4  94   0   0   1
  61000   11000000|  2   2  96   0   0   0
  63000   12000000|  2   3  95   0   0   0
  62000   12000000|  2   3  94   1   0   0
  66000   12000000|  2   3  95   0   0   0
  59000   12000000|  2   2  95   0   0   0
  67000   13000000|  1   3  95   0   0   0
  74000   13000000|  2   3  95   0   0   0
  68000   13000000|  2   3  95   0   0   1
  72000   14000000|  2   4  94   1   0   0
  86000   13000000|  2   3  94   0   0   0
  65000   12000000|  2   2  95   0   0   0
  65000   13000000|  2   3  95   0   0   0
  76000   14000000|  1   4  95   0   0   0
  76000   15000000|  2   4  94   0   0   0
  79000   16000000|  3   3  94   1   0   0
  91000   17000000|  1   4  95   0   0   0
  85000   17000000|  2   3  94   0   0   0
  96000   19000000|  2   3  94   0   0   0
 101000   16000000|  1   4  95   0   0   1
  90000   18000000|  2   3  95   0   0   0
  98000   21000000|  2   3  94   1   0   1
 110000   22000000|  2   3  95   0   0   0
 139000   25000000|  2   4  94   0   0   1
 106000   23000000|  3   3  95   0   0   0
 121000   25000000|  2   4  94   0   0   1
 123000   23000000|  2   3  94   0   0   0
 115000   25000000|  2   4  93   1   0   1
 115000   22000000|  2   3  95   0   0   0
 116000   24000000|  2   3  95   0   0   0
 104000   22000000|  2   3  95   0   0   0
 121000   23000000|  2   2  96   0   0   1
  45000 6287000|  1   3  96   0   0   0
  35000 6373000|  2   3  94   2   0   0
  37000 6871000|  1   3  96   0   0   0
  39000 7405000|  4   3  93   0   0   0
  42000 8872000| 26   3  71   0   0   0
  50000   10000000| 26   3  70   0   0   1
  74000   15000000| 26   4  70   0   0   1
  84000   18000000| 27   3  69   1   0   0
 103000   21000000| 28   3  69   0   0   1
 108000   21000000| 26   3  69   0   0   2
 107000   23000000| 15   4  82   0   0   0
 117000   24000000|  2   4  94   0   0   1
  90000   17000000| 16   0  83   0   0   0
  81000   17000000| 25   0  73   1   0   0
  84000   17000000| 16   1  83   0   0   0
  72000   11000000|  0   0  99   0   0   0
1620B 8960B|  0   1  99   0   0   0
3194B  246000|  0   0 100   0   0   0
  11000  934000|  0   0  99   0   0   0
  52000 4901000|  0   0  98   1   0   0
  62000   11000000|  1   0  99   0   0   0
  79000   17000000|  0   1  99   0   0   0
  71000   16000000|  1   1  99   0   0   0
  33000 2289000|  0   0 100   0   0   0
3584B  667000|  1   0 100   0   0   0
6037B 1401000|  0   0  99   1   0   0
9632B 2046000|  0   0  99   0   0   0
  18000 3899000|  1   0  99   0   0   0
  27000 6930000|  0   0  99   0   0   0
  48000   10000000|  1   0  99   0   0   0
  67000   14000000|  1   1  99   0   0   0
  67000   13000000|  0   1  98   1   0   0
  82000   16000000|  1   1  98   0   0   0
  67000   15000000|  1   1  99   0   0   0
  92000   17000000|  0   1  99   0   0   0
  81000   16000000|  1   1  99   0   0   0
  84000   18000000|  0   1  99   0   0   0
  86000   16000000|  0   1  98   1   0   0
 100000   18000000|  1   1  99   0   0   0
  72000   16000000|  0   1  99   0   0   0
  92000   18000000|  0   1  99   0   0   0
  74000   16000000|  0   1  99   0   0   0
  86000   18000000|  1   1  99   0   0   0
  38000 2809000|  0   0  99   1   0   0
3400B  534000|  1   0 100   0   0   0
4696B  867000|  0   0 100   0   0   0
9496B 1668000|  0   1  99   0   0   0
  14000 3002000|  0   1  99   0   0   0
  26000 5604000|  1   0  99   0   0   0
  38000 7479000|  0   1  98   1   0   0
  41000 7486000|  1   1  99   0   0   0
  36000 6804000|  0   1  99   0   0   0
  44000 6610000|  0   1  99   0   0   0
  24000 5203000|  1   0  99   0   0   0
  33000 6071000|  0   0  99   0   0   0
  32000 5670000|  0   1  98   1   0   0
  34000 6337000|  0   0  99   0   0   0
  30000 6023000|  1   0  99   0   0   0
  39000 4723000|  0   0  99   0   0   0
  23000 4670000|  0   1  99   0   0   0
  30000 5203000|  0   0  99   0   0   0
  28000 5070000|  0   1  98   1   0   0
  31000 5337000|  0   1  99   0   0   0
  28000 5137000|  0   0  99   0   0   0
  28000 5203000|  1   0  99   0   0   0
  29000 5203000|  1   0  99   0   0   0
  25000 5137000|  0   0  99   0   0   0
  29000 5270000|  1   1  98   1   0   0
  29000 5470000|  0   1  99   0   0   0
  34000 5604000|  0   0  99   0   0   0
  31000 5807000|  1   1  99   0   0   0
  39000 6401000|  0   0  99   0   0   0
  35000 6671000|  0   1  99   0   0   0
  48000 7605000|  1   0  98   1   0   0
  45000 8204000|  1   1  99   0   0   0
  43000 9474000|  0   0  99   0   0   0
  54000   10000000|  1   1  99   0   0   0
  60000   12000000|  0   1  99   0   0   0
  64000   13000000|  0   1  99   0   0   0
  88000 8852000|  1   0  98   1   0   0
  13000 2840000|  9   0  91   0   0   0
  28000 5183000| 25   0  75   0   0   0
  22000 3934000| 25   0  75   0   0   0
  20000 4803000| 25   0  75   0   0   0
  28000 5070000| 25   0  75   0   0   0
  23000 4470000| 25   0  75   0   0   0
  25000 5137000| 25   0  75   0   0   0
  24000 4536000| 25   0  75   0   0   0
  24000 5070000| 25   0  75   0   0   0
  26000 4470000| 12   1  87   0   0   0
  24000 5071000|  0   0 100   0   0   0
  27000 4803000|  0   0  99   1   0   0
9270B  461000|  0   0 100   0   0   0
 260B    0|  0   0 100   0   0   0
