   0     0|  2   1  92   5   0   0
 452B  722B| 10   8  82   0   0   0
6854B 6632B|  5   4  91   0   0   0
5252B 4078B|  7   4  89   0   0   0
4259B 6056B|  5   5  90   0   0   0
2920B 8708B|  6   4  91   0   0   0
 363B    0|  6   6  87   1   0   0
2424B   66000|  5   5  89   0   0   0
  13000 1058000|  7   5  87   0   0   0
  48000 4352000|  5   7  81   7   0   1
 216000   20000000|  8   7  84   0   0   1
 166000   24000000|  7   5  88   0   0   1
  81000   21000000|  7   6  85   1   0   1
 108000   26000000|  8   7  85   0   0   0
 127000   31000000|  7   7  85   0   0   1
 128000   31000000|  7   8  85   0   0   1
 147000   35000000|  8  13  78   0   0   1
 144000   34000000|  6   9  84   0   0   1
 157000   37000000|  7  16  76   1   0   1
 154000   36000000|  9  13  77   0   0   1
 160000   37000000|  8  11  80   0   0   1
 161000   31000000|  7  13  79   0   0   1
 132000   30000000|  7  18  74   0   0   1
 135000   31000000|  6   9  84   0   0   1
 141000   29000000|  8  11  80   1   0   1
 132000   26000000|  7   7  84   0   0   1
 117000   24000000|  8  10  80   0   0   1
 123000   25000000|  7  10  82   0   0   1
 134000   21000000|  7  10  82   0   0   0
 107000   22000000|  7   7  85   0   0   1
 116000   20000000|  6   9  83   1   0   1
  98000   19000000|  5   9  85   0   0   0
  93000   20000000|  8  13  79   0   0   0
  93000   20000000|  6  10  84   0   0   1
  94000   19000000|  8  10  81   0   0   1
  90000   19000000|  7   8  85   0   0   1
  94000   19000000|  8   7  84   1   0   0
  95000   20000000|  7  13  79   0   0   1
  94000   17000000|  8   9  83   0   0   1
  83000   18000000|  7  13  79   0   0   1
  88000   18000000|  7  10  81   0   0   1
  90000   17000000|  8  16  75   0   0   1
  83000   17000000|  6   8  84   1   0   1
  87000   18000000|  8  10  81   0   0   1
  93000   18000000|  8  10  81   1   0   1
  89000   16000000|  6   8  85   0   0   1
  81000   16000000|  7   7  86   0   0   0
  81000   16000000|  6   8  86   0   0   1
  81000   17000000|  8   6  84   1   0   1
  82000   17000000|  7   9  83   0   0   0
  81000   16000000|  7   8  84   0   0   1
  81000   15000000|  8   8  84   0   0   1
  84000   13000000|  8   7  85   0   0   1
  72000   13000000|  7   7  86   0   0   0
  71000   13000000|  8  15  76   1   0   1
  67000   13000000|  7   8  85   0   0   1
  68000   13000000|  7   8  85   0   0   0
  68000   13000000|  7   9  84   0   0   1
  69000   12000000|  7  10  84   0   0   0
  58000   11000000|  7   6  86   0   0   1
  62000   11000000|  7   9  82   1   0   1
  60000   12000000|  6  12  82   0   0   1
  60000   12000000|  6   8  85   0   0   1
  68000   13000000|  6  10  83   0   0   1
  69000   13000000|  5   9  86   0   0   0
  70000   13000000|  8  10  81   0   0   1
  70000   14000000|  6   7  86   1   0   0
  76000   15000000|  7   7  86   0   0   1
  75000   15000000|  6  12  81   0   0   1
  85000   16000000|  8  12  80   0   0   1
  76000   16000000|  6  13  80   0   0   1
  78000   17000000|  8  18  74   0   0   1
  89000   18000000|  8   7  84   1   0   1
  95000   15000000|  7   8  85   0   0   0
  78000   16000000|  7  14  78   0   0   1
  83000   17000000|  7   8  84   0   0   1
  92000   19000000|  6   8  85   0   0   0
  95000   18000000|  7  10  82   0   0   1
  92000   17000000|  9  17  74   0   0   1
  82000   17000000|  7   6  87   0   0   0
  84000   17000000|  7   8  85   0   0   1
  85000   17000000|  7   7  86   0   0   1
  85000   17000000|  8  14  78   0   0   0
  87000   15000000|  7   6  86   0   0   0
  81000   16000000|  6   5  87   1   0   1
  83000   16000000|  7   6  87   0   0   0
  79000   16000000| 29   7  63   0   0   1
  81000   16000000| 32   8  59   0   0   1
  79000   17000000| 34   8  58   0   0   1
  82000   18000000| 34  13  52   0   0   1
  88000   19000000| 34  12  53   1   0   1
  95000   20000000| 33  12  53   0   0   2
  99000   22000000| 34  18  47   0   0   1
 109000   21000000| 34  10  54   0   0   1
  87000   16000000| 34  19  45   0   0   1
  83000   18000000| 13   7  78   1   0   1
  94000   19000000|  6   6  86   2   0   1
  86000   18000000|  7   6  79   8   0   0
  78000   13000000|  7   5  88   0   0   1
  61000   12000000|  6   6  88   0   0   1
  65000   13000000|  7   5  87   0   0   1
  71000   12000000|  7   5  88   0   0   1
  60000   11000000|  6   6  86   2   0   1
  59000   12000000|  7   5  87   0   0   1
  69000   11000000|  7   7  86   0   0   0
  72000   10000000|  6   5  88   0   0   1
  78000   10000000|  6   6  87   0   0   0
  70000   10000000|  6   6  87   0   0   1
  53000   10000000|  6   5  86   2   0   1
  55000   11000000|  6   6  88   0   0   1
  61000   11000000|  6   6  88   0   0   1
  57000   10000000|  6   6  88   0   0   0
  58000   10000000|  7   5  88   0   0   0
  53000   10000000|  8   6  86   0   0   0
  53000   11000000|  5   6  87   1   0   1
  57000   11000000|  6   5  88   0   0   1
  58000   12000000|  7   6  87   0   0   1
  61000   12000000|  6   5  88   0   0   1
  64000   13000000| 30   9  61   0   0   1
  67000   14000000| 33   8  58   0   0   1
  70000   15000000| 32   9  57   1   0   1
  76000   17000000| 33   7  59   0   0   1
  91000   18000000| 34   7  57   0   0   1
  91000   19000000| 34   7  58   0   0   1
  98000   21000000| 35   7  57   0   0   2
 109000   23000000| 34   7  58   0   0   1
 124000   26000000| 36   8  55   1   0   1
 103000   18000000| 66   9  24   0   0   1
 100000   22000000| 41   8  50   0   0   1
 104000   20000000| 27   6  66   0   0   1
   0     0|  7   6  87   0   0   0
   0     0|  7   6  87   0   0   0
   0     0|  5   5  88   1   0   0
   0     0|  6   6  88   0   0   0
   0     0|  6   5  89   0   0   1
   0     0|  6   5  89   0   0   0
   0     0|  5   6  89   0   0   1
   0     0|  8   5  86   0   0   1
   0     0|  7   5  87   1   0   0
   0     0|  7   6  87   0   0   1
   0     0|  7   6  86   0   0   1
   0     0|  7   5  88   0   0   0
   0     0|  6   6  88   0   0   1
   0     0|  7   5  88   0   0   0
   0     0|  6   7  85   1   0   1
   0     0|  7   7  85   0   0   1
   0     0|  8   6  85   0   0   1
   0     0|  7   7  86   0   0   0
   0     0|  7   6  87   0   0   1
   0     0|  7   6  86   0   0   1
   0     0| 25   6  67   1   0   1
   0     0| 34   7  58   0   0   1
   0     0| 34   7  58   0   0   1
   0     0| 26   8  65   0   0   1
2475000  523000000|  7   6  86   0   0   0
  56000 9817000|  6   4  90   0   0   0
  47000 9179000|  8   4  86   2   0   0
  48000 9855000|  7   4  88   0   0   0
  47000 9990000|  7   6  87   0   0   0
  54000   11000000|  7   6  86   0   0   1
  64000   12000000|  5   5  89   0   0   1
  72000   13000000|  6   6  88   0   0   0
  78000   14000000|  7   5  87   1   0   0
  88000   15000000|  6   5  88   0   0   1
  93000   15000000|  6   6  88   0   0   1
  87000   14000000|  6   5  88   0   0   0
  72000   13000000|  6   6  87   0   0   1
  72000   13000000|  7   5  87   0   0   1
  73000   14000000|  8   5  85   1   0   1
  73000   14000000|  5   7  88   0   0   1
  72000   14000000|  6   5  89   0   0   0
  69000   14000000|  6   4  89   0   0   0
  67000   14000000|  6   5  89   0   0   0
  69000   15000000|  5   6  88   0   0   1
  75000   15000000|  6   6  87   1   0   0
  78000   15000000|  6   6  88   0   0   0
  80000   16000000|  8   5  87   0   0   1
  84000   17000000|  7   6  87   0   0   1
  92000   18000000|  7   6  87   0   0   1
  96000   20000000|  6   5  88   0   0   1
  99000   22000000|  7   6  85   1   0   1
 114000   26000000|  5   7  87   0   0   1
 125000   28000000|  7   7  86   0   0   1
 141000   33000000|  7   7  85   0   0   1
 160000   36000000|  6   6  86   0   0   1
 139000   26000000|  6   7  86   0   0   1
 133000   29000000|  8   6  85   1   0   0
 139000   32000000|  7   5  87   0   0   1
 148000   33000000|  6   7  86   0   0   1
 149000   34000000|  7   6  86   0   0   1
 161000   37000000|  8   6  85   0   0   0
 175000   40000000|  6   6  86   0   0   1
 178000   38000000|  7   7  85   1   0   0
 172000   39000000|  6   8  85   0   0   1
 171000   39000000|  7   6  86   0   0   1
 141000   28000000|  8   5  87   0   0   1
 115000   21000000|  6   6  87   0   0   1
  94000   20000000|  6   6  87   0   0   1
 100000   22000000|  6   5  86   1   0   1
  99000   23000000|  7   5  87   0   0   1
 106000   24000000|  6   5  88   0   0   1
 111000   26000000|  7   6  87   0   0   1
 121000   28000000|  8   6  86   0   0   1
 124000   28000000|  6   6  87   0   0   1
 129000   29000000|  7   7  84   1   0   1
 134000   29000000| 11   7  81   0   0   1
 132000   29000000| 33   7  59   0   0   1
 131000   30000000| 33   7  58   0   0   2
 138000   30000000| 34   7  59   0   0   1
 151000   29000000| 25   7  67   0   0   1
 131000   26000000|  7   6  85   1   0   1
  91000   16000000|  6   5  88   0   0   1
  80000   16000000|  6   5  88   0   0   1
  81000   16000000|  6   5  89   0   0   0
  77000   15000000|  5   6  89   0   0   1
  71000   15000000|  8   6  84   2   0   1
  71000   15000000| 33   7  59   0   0   1
  79000   16000000| 33   7  59   0   0   2
 117000   18000000| 32   7  59   0   0   1
 109000   19000000| 32   7  59   0   0   1
  98000   20000000| 33   6  59   0   0   1
  96000   21000000| 33   6  59   2   0   1
 103000   21000000| 12   6  81   0   0   1
 102000   22000000|  6   6  87   0   0   0
  85000   16000000|  6   5  88   0   0   0
  78000   15000000|  6   5  88   0   0   1
  74000   17000000|  7   5  88   0   0   0
  90000   17000000|  5   5  88   1   0   1
  78000   15000000|  7   6  87   0   0   1
  82000   17000000|  6   5  89   0   0   0
  96000   19000000|  6   5  89   0   0   1
 139000   22000000|  5   6  88   0   0   1
 127000   27000000|  7   5  88   0   0   1
 116000   25000000|  6   6  86   1   0   1
 115000   27000000|  7   6  87   0   0   1
 128000   28000000|  7   5  87   0   0   1
 124000   29000000|  7   7  85   0   0   0
 144000   28000000| 32   7  60   0   0   1
  67000   13000000| 32   7  60   0   0   1
  73000   15000000| 34   6  59   1   0   1
  67000   13000000| 33   6  60   0   0   1
  70000   15000000| 33   6  60   0   0   0
  71000   15000000| 32   7  60   0   0   1
  78000   17000000| 33   7  59   0   0   1
  93000   20000000| 33   6  60   0   0   1
 106000   21000000| 33   7  59   1   0   1
 107000   23000000| 32   5  61   0   0   1
 111000   22000000| 31   7  62   0   0   1
 106000   19000000| 30   8  61   0   0   1
 101000   21000000| 31   7  61   0   0   1
  95000   18000000| 33   7  59   0   0   1
  76000   16000000| 33   6  59   2   0   1
  84000   17000000| 32   5  63   0   0   1
  83000   17000000|  7   6  87   0   0   0
  87000   16000000|  7   6  87   0   0   1
  55000   11000000|  6   6  88   0   0   1
  62000   13000000|  5   5  89   0   0   1
  79000   15000000|  6   5  86   2   0   1
  92000   17000000|  6   6  88   0   0   1
  96000   19000000|  6   6  87   0   0   1
  92000   21000000|  7   5  87   0   0   1
  88000   14000000|  4   6  89   0   0   0
 101000   16000000|  6   5  89   0   0   0
  98000   19000000|  6   5  88   1   0   1
  99000   22000000|  6   7  86   0   0   1
  98000   19000000|  5   5  89   0   0   1
  97000   21000000|  5   6  88   0   0   1
  92000   20000000|  6   5  89   0   0   0
  99000   23000000|  6   6  88   0   0   1
  75000   13000000|  5   6  88   1   0   0
  67000   15000000|  5   5  89   0   0   1
  76000   16000000|  5   6  89   0   0   1
  89000   19000000|  5   6  89   0   0   1
  83000   16000000|  6   7  87   0   0   0
  80000   17000000|  6   5  88   0   0   1
  78000   17000000|  6   5  88   1   0   0
  87000   19000000|  6   6  87   0   0   1
  86000   19000000|  5   5  90   0   0   0
  97000   21000000|  6   5  88   0   0   1
 100000   22000000|  6   6  87   0   0   1
 105000   24000000|  5   7  87   0   0   1
 118000   27000000|  8   6  85   1   0   1
 122000   29000000|  8   5  87   0   0   1
 135000   33000000|  7   6  86   0   0   1
 153000   34000000|  8   6  86   0   0   1
 158000   35000000|  5   5  88   0   0   1
 163000   34000000|  6   7  86   0   0   1
 160000   36000000|  6   6  87   1   0   0
 157000   37000000|  5   8  87   0   0   1
 169000   38000000|  7   5  87   0   0   0
 154000   35000000|  7   4  88   0   0   1
 158000   36000000|  7   7  85   0   0   1
 157000   37000000|  6   5  88   0   0   1
 164000   37000000|  6   5  87   1   0   1
 166000   36000000|  8   6  86   0   0   0
 145000   34000000|  6   5  88   0   0   1
 150000   36000000|  5   6  88   0   0   1
 152000   36000000|  7   7  86   0   0   0
 154000   37000000| 32   8  58   0   0   2
 156000   36000000| 36   8  54   1   0   1
 157000   36000000| 60  12  26   0   0   3
 161000   36000000| 37   8  53   0   0   2
 142000   28000000| 11   7  82   0   0   0
 101000   17000000|  6   6  87   0   0   1
  63000   13000000|  5   5  90   0   0   1
  65000   13000000|  5   5  88   1   0   0
  67000   14000000|  5   6  89   0   0   1
  75000   16000000|  5   6  88   0   0   1
  84000   18000000|  6   5  88   0   0   1
 112000   21000000|  5   6  89   0   0   0
 173000   31000000|  6   7  87   0   0   1
 190000   34000000|  5   6  86   1   0   1
 163000   39000000|  5   6  88   0   0   1
 128000   25000000|  4   5  90   0   0   1
  80000   19000000|  6   6  87   0   0   0
  86000   18000000|  6   5  89   0   0   0
  81000   18000000|  4   6  90   0   0   1
  87000   19000000|  6   5  88   1   0   1
  92000   19000000|  6   5  89   0   0   1
  89000   20000000|  6   5  88   0   0   1
  96000   21000000|  6   5  88   0   0   1
  97000   21000000|  5   5  89   0   0   1
 103000   21000000|  6   6  87   0   0   1
 103000   22000000|  5   5  88   1   0   1
 102000   21000000|  5   6  88   0   0   1
 101000   21000000|  6   5  89   0   0   0
 102000   20000000|  5   6  88   0   0   0
  99000   20000000|  5   6  88   0   0   1
  96000   19000000|  5   6  88   0   0   1
  96000   18000000|  5   7  86   1   0   1
  86000   19000000|  5   6  88   0   0   1
  88000   19000000|  6   6  88   0   0   0
  94000   20000000|  5   6  89   0   0   1
  97000   20000000|  5   6  88   0   0   1
 107000   20000000|  6   6  88   0   0   0
  97000   19000000|  5   4  89   1   0   1
 100000   20000000|  5   6  89   0   0   1
 103000   20000000|  5   6  88   0   0   1
 102000   21000000|  5   5  89   0   0   1
 103000   21000000|  6   6  87   0   0   1
 103000   21000000|  6   6  87   0   0   1
  99000   23000000|  5   5  88   1   0   1
 106000   25000000|  6   5  88   0   0   1
 118000   27000000|  5   6  89   0   0   1
 131000   30000000|  7   6  87   0   0   1
 149000   33000000|  6   6  86   0   0   1
 163000   32000000|  6   6  88   0   0   0
 117000   26000000|  7   5  86   1   0   1
 140000   31000000|  5   6  89   0   0   0
 148000   33000000| 16   7  76   0   0   1
 159000   36000000| 31   9  58   0   0   2
 165000   36000000| 32   6  60   0   0   2
 169000   38000000| 32   8  58   0   0   1
 176000   39000000| 14   7  76   2   0   1
 173000   36000000|  5   7  87   0   0   1
 138000   29000000|  6   5  88   0   0   1
 140000   27000000|  5   5  89   0   0   0
 102000   21000000|  5   6  89   0   0   1
 110000   25000000|  6   6  87   1   0   1
 129000   18000000|  4   5  90   0   0   1
  90000   14000000|  6   5  89   0   0   1
  99000   17000000|  6   5  88   0   0   1
 129000   17000000|  6   4  89   0   0   0
  97000   18000000|  6   6  87   0   0   1
  90000   16000000| 19   6  74   1   0   1
  84000   17000000| 30   7  61   0   0   1
  95000   17000000| 31   7  62   0   0   1
  85000   16000000| 31   6  61   0   0   1
  85000   16000000| 32   5  62   0   0   1
  90000   17000000| 31   6  61   0   0   1
  86000   17000000| 32   7  60   1   0   1
  92000   17000000| 31   7  61   0   0   1
  90000   16000000| 31   6  62   0   0   1
  93000   18000000| 30   7  62   0   0   1
  92000   18000000|  7   7  85   0   0   1
  90000   19000000|  4   4  91   0   0   1
  85000   16000000|  6   6  87   1   0   1
  73000   13000000|  5   4  91   0   0   0
  75000   14000000|  6   5  88   0   0   1
  68000   13000000|  5   5  90   0   0   1
  72000   15000000|  5   5  89   0   0   1
  83000   16000000|  5   5  89   1   0   0
  88000   18000000|  6   5  89   0   0   0
 107000   20000000|  9   6  84   0   0   1
 156000   24000000| 31   7  62   0   0   1
 111000   20000000| 31   6  61   0   0   2
 110000   19000000| 31   6  62   0   0   1
  94000   19000000| 32   6  61   1   0   1
  92000   20000000| 31   6  61   0   0   1
  99000   19000000| 29   7  63   0   0   1
 104000   20000000|  4   6  89   0   0   1
  97000   18000000|  5   5  89   0   0   0
  71000   13000000|  5   5  91   0   0   0
  73000   13000000|  5   6  88   2   0   1
  69000   13000000|  5   5  90   0   0   0
  67000   12000000|  5   4  90   0   0   0
  66000   11000000|  5   6  89   0   0   1
  60000   11000000|  5   5  89   0   0   0
  86000   13000000|  5   6  89   0   0   1
 105000   15000000|  6   5  87   2   0   1
 107000   13000000|  4   5  90   0   0   1
  70000   12000000|  5   5  90   0   0   0
  67000   12000000|  5   6  89   0   0   0
  63000   11000000|  4   4  91   0   0   0
  61000   11000000|  5   6  89   0   0   1
  56000   11000000|  5   5  89   1   0   0
  57000   11000000|  5   6  89   0   0   1
  61000   11000000|  4   5  91   0   0   0
  57000   11000000|  5   5  90   0   0   0
  64000   12000000|  5   5  90   0   0   0
  59000   11000000|  5   5  90   0   0   1
  62000   12000000|  5   5  88   1   0   0
  61000   12000000|  4   6  89   0   0   1
  67000   12000000|  6   5  89   0   0   1
  65000   13000000|  5   5  90   0   0   0
  72000   13000000|  5   6  89   0   0   0
  78000   15000000|  5   6  89   0   0   0
  81000   16000000|  5   5  89   1   0   0
  94000   18000000|  5   5  89   0   0   1
 100000   20000000|  5   5  90   0   0   0
 117000   22000000|  5   6  89   0   0   0
 114000   20000000|  5   5  90   0   0   0
 115000   21000000|  6   6  88   0   0   1
 113000   23000000|  5   7  86   1   0   1
 119000   21000000|  5   4  90   0   0   1
 116000   17000000|  5   5  90   0   0   1
  93000   17000000|  5   5  90   0   0   1
  89000   17000000|  5   5  90   0   0   1
  99000   18000000| 29   7  63   0   0   1
  99000   18000000| 31   7  60   1   0   1
  94000   18000000| 31   6  62   0   0   1
  91000   19000000| 32   7  60   0   0   1
  93000   18000000| 32   6  61   0   0   1
  97000   18000000| 30   7  62   0   0   1
  93000   17000000| 30   7  61   1   0   1
  92000   15000000| 31   6  61   0   0   1
  75000   14000000| 31   6  62   0   0   1
  86000   14000000| 31   6  62   0   0   1
  82000   12000000| 31   6  62   0   0   1
  73000   11000000| 32   5  63   0   0   1
  65000 9837000| 31   6  62   1   0   1
  57000 9602000| 31   6  63   0   0   1
  57000 9191000| 31   6  63   0   0   0
  47000 8131000| 31   6  62   0   0   1
  53000 8720000| 31   5  63   0   0   0
  50000 8576000| 31   5  62   1   0   1
  54000 9187000| 31   6  62   0   0   1
  50000 8582000| 31   4  64   0   0   1
  55000 9946000| 31   6  62   0   0   1
  63000   11000000| 31   6  63   0   0   1
  63000 9815000| 31   7  61   1   0   0
  57000   10000000| 32   6  62   0   0   1
  62000   11000000| 31   7  62   0   0   1
  63000   11000000| 31   6  62   0   0   1
  58000   11000000| 31   6  62   0   0   1
  66000   12000000| 31   6  62   0   0   1
  65000   12000000| 31   5  63   1   0   1
  67000   12000000| 31   6  63   0   0   0
  61000   12000000| 11   6  83   0   0   0
  68000   12000000|  5   5  90   0   0   0
  61000   12000000|  5   5  90   0   0   0
  63000   12000000|  3   5  90   2   0   0
  64000   12000000|  6   6  88   0   0   0
  57000   11000000|  4   5  90   0   0   0
  63000   12000000|  5   5  90   0   0   0
  71000   13000000|  5   5  90   0   0   0
  70000   13000000|  5   6  89   0   0   0
  73000   15000000|  5   5  88   2   0   1
  89000   17000000|  4   7  88   0   0   1
 109000   20000000|  4   6  89   0   0   1
 155000   26000000|  5   6  88   0   0   0
 142000   20000000|  5   6  89   0   0   1
 105000   18000000|  3   5  92   0   0   0
  98000   17000000|  5   6  87   1   0   1
  86000   16000000|  4   6  90   0   0   0
 105000   16000000|  4   6  89   0   0   1
  78000   15000000|  5   6  88   0   0   1
  94000   17000000|  5   6  89   0   0   0
  91000   16000000|  6   4  90   0   0   1
  98000   15000000|  5   4  90   1   0   0
  82000   16000000|  5   5  90   0   0   1
  94000   16000000|  5   5  89   0   0   0
  89000   14000000|  4   5  91   0   0   0
  76000   13000000|  4   6  90   0   0   0
  72000   14000000|  7   5  88   0   0   1
  76000   14000000|  5   5  88   1   0   1
  84000   14000000|  4   5  91   0   0   0
  81000   14000000|  4   4  91   0   0   0
  78000   15000000|  5   4  91   0   0   0
  74000   14000000|  5   5  90   0   0   1
  80000   15000000|  4   5  90   0   0   1
  78000   14000000|  5   5  89   1   0   0
  76000   14000000|  4   5  90   0   0   0
  73000   14000000|  5   5  90   0   0   0
  82000   15000000|  4   6  90   0   0   0
  78000   16000000| 20   7  72   0   0   1
  88000   18000000| 30   5  64   0   0   1
  99000   19000000| 30   8  61   1   0   1
 102000   19000000| 31   5  63   0   0   1
  94000   18000000| 31   7  61   0   0   1
 103000   18000000| 32   5  63   0   0   1
  98000   18000000| 31   8  60   0   0   1
  97000   17000000| 30   7  62   0   0   1
  94000   17000000| 30   8  61   1   0   1
  87000   16000000| 30   8  61   0   0   1
  90000   17000000| 30   7  62   0   0   1
  91000   16000000| 31   6  63   0   0   0
  86000   16000000| 31   6  61   0   0   1
  88000   17000000| 30   6  63   0   0   1
  93000   17000000| 40   8  51   1   0   1
  97000   16000000| 30   5  63   0   0   1
  85000   17000000| 31   4  64   0   0   1
  89000   14000000| 30   5  64   0   0   1
  67000   11000000| 30   7  63   0   0   0
  62000   11000000| 30   5  64   0   0   1
  67000   11000000| 27   5  66   2   0   1
  62000   11000000|  3   4  92   0   0   0
  60000   10000000|  5   5  90   0   0   0
  31000 5686000|  3   4  93   0   0   0
  44000 6532000|  4   4  92   0   0   0
  48000 6769000|  5   4  91   0   0   0
  51000 7347000|  5   5  88   2   0   0
  50000 7501000|  5   5  90   0   0   0
  56000 8481000| 20   5  75   0   0   0
  55000 8909000| 30   6  64   0   0   1
  95000   11000000| 30   4  65   0   0   1
  64000   11000000| 30   6  63   0   0   1
  62000   12000000| 30   5  64   1   0   1
  62000   12000000| 31   5  64   0   0   1
  70000   12000000| 30   5  65   0   0   0
  65000   12000000| 30   5  63   0   0   1
  68000   13000000| 30   6  64   0   0   1
  73000   14000000| 31   5  64   0   0   1
  82000   16000000| 24   5  70   1   0   1
  86000   15000000|  5   4  91   0   0   1
  64000   10000000|  4   5  91   0   0   0
  48000 8228000|  3   5  92   0   0   0
  50000 8608000|  3   4  92   0   0   1
  50000 8744000|  4   5  88   3   0   1
  49000 9201000|  4   4  91   0   0   0
  55000 8997000|  5   5  90   0   0   0
  59000 9679000|  5   5  90   0   0   1
  89000   13000000|  4   5  91   0   0   0
 108000   16000000|  4   5  91   0   0   1
  85000   15000000|  6   5  88   1   0   0
  82000   15000000|  6   4  90   0   0   0
  80000   15000000|  5   4  91   0   0   0
  77000   14000000|  5   4  91   0   0   1
  74000   13000000|  5   4  91   0   0   0
  66000   13000000|  5   4  91   0   0   0
  70000   13000000|  4   4  91   1   0   1
  74000   13000000|  4   4  91   0   0   1
  71000   13000000|  5   4  91   0   0   0
  76000   14000000|  5   5  90   0   0   1
  83000   15000000|  5   5  90   0   0   0
  78000   13000000|  4   6  90   0   0   1
  66000   13000000|  4   5  90   1   0   0
  73000   14000000|  3   6  91   0   0   1
  69000   15000000|  4   6  90   0   0   1
  76000   15000000|  5   6  89   0   0   0
  80000   15000000|  5   5  90   0   0   0
  81000   16000000|  5   4  90   0   0   1
  79000   16000000|  4   4  91   1   0   0
  87000   16000000|  5   4  91   0   0   0
  82000   15000000|  5   5  90   0   0   0
  88000   14000000|  6   5  89   0   0   0
  81000   14000000|  5   4  90   0   0   1
  77000   14000000|  4   5  91   0   0   0
  76000   14000000|  5   5  89   1   0   0
  71000   14000000|  4   5  90   0   0   1
  73000   13000000|  5   5  90   0   0   0
  69000   12000000|  4   5  91   0   0   0
  61000   11000000|  4   4  91   0   0   1
  64000   11000000|  3   6  91   0   0   0
  64000   11000000|  6   4  89   1   0   0
  64000   12000000|  4   5  91   0   0   1
  67000   12000000|  5   4  91   0   0   0
  66000   13000000|  5   4  90   0   0   0
  71000   13000000|  4   5  90   0   0   1
  74000   13000000|  4   4  91   0   0   0
  72000   14000000|  4   5  89   1   0   1
  77000   16000000|  5   4  91   0   0   0
  86000   17000000|  4   6  91   0   0   0
  96000   17000000|  4   5  91   0   0   1
  77000   16000000|  4   4  91   0   0   1
  79000   17000000|  5   5  90   0   0   1
  79000   15000000|  5   5  90   1   0   0
  78000   15000000|  3   5  91   0   0   0
  73000   13000000|  5   4  91   0   0   0
  71000   14000000|  4   5  90   0   0   1
  68000   14000000|  4   5  90   0   0   1
  80000   15000000|  5   5  90   0   0   0
  83000   15000000|  5   5  89   1   0   0
  76000   15000000|  5   5  90   0   0   0
  82000   16000000|  4   5  90   0   0   1
  86000   14000000|  3   4  92   0   0   0
  73000   12000000|  4   5  91   0   0   1
  61000   11000000|  4   5  91   0   0   0
  67000   12000000|  5   4  89   2   0   0
  62000   12000000|  3   5  91   0   0   0
  64000   12000000|  5   4  91   0   0   1
  62000   11000000|  5   4  91   0   0   1
  59000   11000000|  5   5  91   0   0   0
  56000   10000000|  6   4  89   0   0   1
  60000 9794000|  4   5  89   1   0   1
  52000 8653000|  4   4  91   0   0   0
  52000 9072000|  4   5  91   0   0   0
  48000 9740000|  5   5  90   0   0   0
  55000   10000000|  5   4  91   0   0   0
  56000   11000000|  4   4  91   0   0   1
  59000   12000000|  5   5  89   1   0   0
  68000   13000000|  5   4  90   0   0   1
  71000   14000000|  4   5  90   0   0   1
  78000   16000000|  5   4  90   0   0   0
  91000   19000000| 18   6  75   0   0   1
 106000   19000000| 30   6  62   0   0   2
  90000   18000000| 31   5  63   1   0   1
  89000   17000000| 29   5  64   0   0   1
  92000   17000000| 30   5  64   0   0   1
  83000   16000000| 29   6  64   0   0   1
  92000   17000000| 30   5  64   0   0   1
  86000   18000000| 30   6  63   0   0   1
  92000   19000000| 30   5  63   1   0   1
 103000   21000000| 19   6  74   0   0   1
 116000   22000000|  4   4  91   0   0   0
  96000   13000000|  4   4  92   0   0   0
  70000   14000000|  4   4  90   0   0   1
  79000   12000000|  4   4  92   0   0   1
  64000   11000000|  5   4  89   2   0   0
  66000   13000000|  3   5  92   0   0   0
  67000   10000000|  4   5  91   0   0   1
  53000   11000000|  5   5  90   0   0   0
  59000   11000000|  3   6  91   0   0   0
  71000   12000000|  4   5  90   0   0   0
 117000   14000000|  4   5  90   1   0   0
  90000   13000000|  5   4  91   0   0   1
  71000   13000000|  5   4  90   0   0   0
  78000   14000000|  5   5  90   0   0   1
  70000   14000000|  4   5  90   0   0   0
  81000   12000000|  4   5  91   0   0   1
  72000   11000000|  5   4  90   1   0   1
  61000   11000000|  4   4  92   0   0   0
  65000   11000000|  5   4  90   0   0   1
  62000   11000000|  4   5  91   0   0   0
  62000   11000000|  3   5  91   0   0   0
  58000   11000000|  4   4  92   0   0   0
  60000   12000000|  4   5  90   1   0   0
  58000   10000000|  5   4  91   0   0   0
  57000   10000000|  4   4  91   0   0   1
  58000   11000000|  5   5  90   0   0   0
  61000   11000000|  4   4  92   0   0   1
  66000   12000000|  4   4  91   0   0   0
  64000   13000000|  4   5  90   1   0   0
  78000   13000000|  4   4  92   0   0   0
  66000   11000000|  4   4  92   0   0   0
  60000   12000000|  5   4  91   0   0   0
  64000   13000000| 15   5  80   0   0   1
  71000   14000000| 30   5  64   0   0   1
  66000   13000000| 29   6  63   1   0   1
  71000   14000000| 30   6  63   0   0   1
  71000   14000000| 31   5  64   0   0   1
  75000   15000000| 31   6  63   0   0   1
  71000   14000000| 31   5  63   0   0   1
  76000   13000000| 29   5  64   1   0   1
  66000   11000000| 31   5  64   0   0   0
  60000   12000000| 29   4  65   0   0   1
  67000   13000000| 30   6  64   0   0   1
  73000   10000000| 21   5  74   0   0   0
  55000   10000000|  4   6  90   0   0   0
  54000   10000000|  4   4  90   1   0   1
  61000   10000000|  3   6  91   0   0   0
  56000 9176000|  3   5  92   0   0   1
  48000 8463000|  3   5  92   0   0   1
  47000 8247000|  3   4  93   0   0   0
  46000 8379000|  4   4  92   0   0   0
  46000 8635000|  4   4  90   1   0   0
  44000 8680000|  4   4  91   0   0   1
  47000 9178000| 24   4  71   0   0   1
  58000   10000000| 30   5  64   0   0   1
  75000   11000000| 29   5  65   0   0   1
  81000   12000000| 29   6  64   0   0   1
  78000   12000000| 30   6  62   2   0   0
  64000   13000000| 30   5  64   0   0   1
  80000   15000000| 29   5  65   0   0   1
  75000   15000000| 20   6  74   0   0   1
  82000   17000000|  5   5  91   0   0   0
  47000 7211000|  3   4  93   0   0   0
  40000 7510000|  3   5  90   2   0   0
  39000 7406000|  3   5  92   0   0   0
  38000 7673000|  4   5  91   0   0   0
  46000 8680000|  3   6  91   0   0   0
  52000 8982000|  3   5  92   0   0   0
  52000 8782000|  4   3  92   0   0   0
  59000 8729000|  4   4  91   1   0   0
  51000 8297000|  3   4  92   0   0   0
  51000 8159000|  3   5  92   0   0   0
  50000 8214000|  4   4  92   0   0   0
  44000 8104000|  4   4  92   0   0   1
  51000 8543000|  4   5  92   0   0   0
  51000 8325000|  4   6  89   2   0   1
  55000 8604000|  3   5  92   0   0   0
  59000 9083000|  3   5  92   0   0   0
  63000 9465000|  4   5  91   0   0   0
  55000 9954000|  3   5  92   0   0   0
  58000   10000000|  3   5  92   0   0   0
  56000   10000000|  4   4  91   1   0   0
  55000   11000000|  5   3  92   0   0   0
  60000   12000000|  4   6  90   0   0   0
  69000   13000000|  5   4  91   0   0   0
  71000   14000000|  4   4  92   0   0   1
  79000   17000000|  5   5  90   0   0   0
  90000   19000000|  4   5  89   1   0   1
 100000   22000000|  4   5  91   0   0   1
 117000   24000000| 20   6  73   0   0   0
 112000   25000000| 28   6  64   0   0   2
 133000   28000000| 30   6  63   0   0   1
 125000   28000000| 29   6  63   0   0   2
 130000   20000000| 29   5  64   1   0   1
  70000   14000000| 29   5  65   0   0   1
  78000   16000000| 28   5  67   0   0   0
  88000   18000000| 10   6  83   0   0   1
  97000   20000000|  3   5  92   0   0   0
 109000   24000000|  5   4  90   0   0   1
 101000   16000000|  3   5  90   2   0   1
  86000   17000000|  3   5  92   0   0   0
  79000   15000000|  4   6  90   0   0   1
  86000   15000000|  4   5  91   0   0   0
  69000   13000000|  3   4  92   0   0   0
  76000   14000000|  4   4  92   0   0   0
  88000   16000000|  4   4  91   1   0   0
 128000   18000000|  3   5  91   0   0   1
 104000   18000000|  4   4  92   0   0   1
  95000   16000000|  3   5  92   0   0   0
  80000   16000000|  3   5  91   0   0   1
  87000   14000000|  4   4  92   0   0   1
  78000   12000000|  5   4  89   2   0   1
  58000   12000000|  4   5  91   0   0   1
  58000   12000000|  3   5  92   0   0   0
  61000   13000000|  4   4  92   0   0   0
  64000   12000000|  4   5  91   0   0   0
  64000   13000000|  4   4  92   0   0   0
  66000   14000000|  4   4  91   1   0   1
  71000   15000000|  4   5  90   0   0   0
  75000   16000000|  3   5  91   0   0   1
  81000   14000000|  4   4  92   0   0   1
  67000   13000000|  3   6  91   0   0   0
  69000   12000000|  5   4  91   0   0   0
  59000   11000000|  3   5  90   1   0   1
  57000   12000000|  4   4  92   0   0   0
  64000   12000000|  3   4  92   0   0   1
  65000   12000000|  4   5  92   0   0   0
  61000   11000000|  4   5  91   0   0   1
  63000   10000000|  3   4  92   0   0   0
  51000   10000000|  3   5  90   2   0   1
  55000   11000000|  3   3  93   0   0   0
  56000   10000000|  3   4  93   0   0   1
  54000   11000000|  4   5  91   0   0   0
  59000   11000000|  3   5  92   0   0   0
  59000   11000000|  4   4  92   0   0   0
  64000   11000000|  4   4  90   1   0   1
  64000 9931000|  4   5  92   0   0   0
  51000 9605000|  3   4  91   0   0   1
  52000 9225000|  5   4  92   0   0   0
  49000 8829000|  3   5  92   0   0   1
  50000 9324000|  4   5  91   0   0   0
  51000   10000000|  3   4  92   1   0   0
  54000   11000000|  3   4  93   0   0   0
  58000   12000000|  4   5  91   0   0   0
  64000   13000000|  4   5  90   0   0   0
  65000   11000000|  5   4  91   0   0   0
  59000   12000000|  4   5  91   0   0   1
  58000   11000000|  4   4  91   1   0   0
  55000   11000000|  3   4  93   0   0   0
  58000   12000000|  4   4  91   0   0   1
  67000   11000000|  4   4  92   0   0   1
  57000   10000000|  5   4  91   0   0   0
  53000 9206000|  4   3  92   0   0   1
  49000 8981000|  3   4  92   1   0   0
  47000 8912000|  3   4  93   0   0   0
  45000 8872000|  4   5  91   0   0   0
  46000 8975000|  3   5  92   0   0   0
  47000 8589000|  3   5  92   0   0   0
  43000 8133000|  4   4  91   0   0   0
  42000 8405000|  3   4  92   1   0   1
  48000 8648000|  4   3  93   0   0   0
  47000 8549000|  4   5  92   0   0   0
  47000 8908000|  3   4  92   0   0   1
  49000 8829000|  4   4  92   0   0   0
  49000 9176000|  3   5  92   0   0   1
  50000   10000000|  3   5  91   1   0   1
  53000   11000000|  3   4  93   0   0   0
  60000   11000000|  3   4  93   0   0   0
  69000   11000000|  3   6  91   0   0   1
  58000   11000000|  3   4  92   0   0   0
  62000   12000000|  3   4  92   0   0   1
  64000   13000000|  4   5  91   1   0   0
  71000   14000000|  4   4  92   0   0   1
  72000   13000000|  4   4  91   0   0   1
  66000   13000000|  4   5  91   0   0   0
  73000   14000000|  4   4  91   0   0   1
  72000   13000000|  3   4  92   0   0   1
  67000   13000000|  4   4  91   1   0   0
  70000   14000000|  4   4  92   0   0   1
  76000   16000000|  3   4  92   0   0   0
  83000   16000000|  4   4  92   0   0   1
  95000   17000000|  4   5  90   0   0   1
  78000   16000000|  3   4  92   0   0   1
  81000   17000000|  3   5  91   1   0   0
  81000   18000000|  4   4  91   0   0   1
  87000   19000000|  4   5  91   0   0   1
 100000   18000000|  4   5  91   0   0   1
  93000   18000000|  4   6  89   0   0   1
  90000   20000000|  4   5  91   0   0   0
 100000   22000000|  5   4  89   1   0   1
 111000   23000000|  4   5  90   0   0   1
  70000   14000000|  4   4  92   0   0   0
  76000   16000000|  4   5  90   0   0   1
  88000   17000000| 28   7  64   0   0   1
  84000   17000000| 30   5  64   0   0   1
  89000   18000000| 29   6  63   1   0   1
  90000   18000000| 29   6  64   0   0   1
 100000   21000000| 30   6  63   0   0   1
 100000   21000000| 29   6  64   0   0   1
 112000   24000000| 30   5  63   0   0   2
 116000   25000000| 44   7  47   0   0   1
 127000   28000000| 58  10  30   1   0   2
 138000   27000000| 57  10  31   0   0   2
  86000   17000000| 57   9  33   0   0   1
  84000   19000000| 44   7  48   0   0   1
  99000   20000000| 28   4  66   0   0   1
  86000   19000000| 11   4  85   0   0   0
  85000   18000000|  4   5  89   2   0   1
  73000   16000000|  3   5  92   0   0   0
  66000   14000000|  4   3  93   0   0   0
  74000   12000000|  3   4  93   0   0   1
  54000   11000000|  4   4  92   0   0   0
  57000   12000000|  4   6  89   1   0   0
  65000   12000000| 29   6  65   0   0   1
  76000   14000000| 29   5  65   0   0   1
 140000   19000000| 29   6  65   0   0   1
 109000   14000000| 28   5  67   0   0   1
  84000   12000000| 28   5  66   0   0   1
  63000   12000000| 28   5  66   0   0   1
  59000   12000000| 29   6  65   0   0   0
  66000   13000000| 29   5  66   0   0   0
  62000   12000000| 28   4  67   0   0   1
  60000   12000000| 28   5  66   0   0   1
  65000   12000000| 28   5  66   0   0   1
  65000   12000000| 15   5  79   1   0   0
  67000   12000000|  4   3  93   0   0   1
  64000   11000000|  4   4  92   0   0   0
  46000 7125000|  3   4  93   0   0   1
  40000 7085000|  3   5  92   0   0   0
  41000 7245000|  3   3  92   2   0   1
  38000 7235000|  4   4  93   0   0   0
  39000 7292000|  3   5  92   0   0   0
  44000 7597000|  3   4  93   0   0   0
  53000 8260000|  3   4  93   0   0   0
  51000 8224000|  4   4  92   0   0   0
  54000 8222000|  4   4  90   1   0   1
  55000 8779000|  8   4  88   0   0   0
  57000 9283000| 29   5  66   0   0   1
  57000 9863000| 28   4  67   0   0   1
  52000   10000000| 29   4  67   0   0   0
  57000   11000000| 28   6  65   0   0   1
  62000   13000000| 28   5  65   1   0   1
  75000   12000000| 29   4  67   0   0   0
  60000   11000000| 27   5  68   0   0   1
  58000   11000000|  3   4  92   0   0   1
  55000 9767000|  3   4  93   0   0   0
  30000 5769000|  3   3  94   0   0   0
  37000 7108000|  3   4  91   1   0   1
  39000 7151000|  4   4  92   0   0   0
  41000 8651000|  3   4  93   0   0   0
  47000 7827000|  4   4  92   0   0   0
  55000 8011000|  3   4  93   0   0   0
  51000 7792000|  4   4  92   0   0   1
  52000 8162000|  3   4  92   1   0   0
  62000 8309000|  3   3  93   0   0   0
  61000 8463000|  3   5  92   0   0   0
  51000 8889000|  4   3  93   0   0   0
  52000 9003000|  3   4  93   0   0   1
  45000 8855000|  3   4  92   0   0   0
  52000   10000000|  2   4  92   1   0   0
  58000   11000000|  3   5  92   0   0   0
  64000   12000000|  3   6  91   0   0   0
  57000   11000000|  3   4  93   0   0   0
  59000   12000000|  4   4  92   0   0   1
  63000   12000000|  4   3  93   0   0   1
  66000   13000000|  3   3  92   1   0   0
  67000   13000000|  3   4  92   0   0   0
  74000   15000000|  4   5  92   0   0   0
  77000   14000000|  4   4  92   0   0   1
  69000   14000000|  4   4  92   0   0   0
  75000   15000000|  3   5  91   0   0   1
  74000   16000000|  3   5  90   1   0   1
  81000   16000000|  3   5  92   0   0   0
  84000   16000000|  4   3  92   0   0   0
  77000   16000000|  4   3  92   0   0   1
  86000   17000000|  3   5  92   0   0   1
  83000   15000000|  4   4  92   0   0   0
  78000   14000000|  4   4  91   1   0   0
  71000   14000000|  3   5  92   0   0   0
  76000   14000000|  3   5  92   0   0   1
  76000   15000000|  3   5  92   0   0   1
  77000   15000000|  4   4  92   0   0   0
  78000   15000000|  4   5  92   0   0   0
  77000   13000000|  3   5  90   1   0   0
  68000   14000000|  3   5  92   0   0   0
  72000   15000000|  3   5  92   0   0   0
  75000   14000000|  4   3  93   0   0   0
  70000   14000000|  3   4  93   0   0   0
  76000   14000000|  3   4  93   0   0   1
  71000   13000000|  3   5  91   1   0   0
  72000   14000000|  4   5  91   0   0   0
  77000   16000000|  3   4  93   0   0   1
  86000   17000000|  4   3  93   0   0   1
  90000   15000000|  2   5  93   0   0   0
  80000   15000000|  3   5  92   0   0   0
  81000   16000000|  3   5  90   1   0   1
  82000   15000000|  2   5  93   0   0   0
  77000   15000000|  5   4  91   0   0   0
  73000   15000000|  3   4  93   0   0   1
  70000   15000000|  3   5  92   0   0   0
  80000   16000000|  4   5  91   0   0   1
  76000   16000000|  3   5  90   1   0   1
  79000   17000000|  4   4  92   0   0   0
  87000   18000000|  3   4  92   0   0   1
  95000   21000000|  3   5  92   0   0   1
  96000   19000000|  5   4  91   0   0   0
 108000   21000000|  3   5  91   0   0   1
 106000   22000000|  4   5  90   1   0   0
 115000   23000000|  3   5  91   0   0   1
 114000   20000000|  4   4  91   0   0   1
  96000   20000000|  3   5  91   0   0   1
  98000   21000000|  3   5  92   0   0   1
 103000   18000000|  4   4  92   0   0   1
  95000   17000000|  4   4  91   1   0   1
  82000   16000000|  4   5  91   0   0   0
  85000   17000000|  3   4  93   0   0   0
  86000   17000000|  3   4  93   0   0   0
  88000   18000000|  3   4  92   0   0   1
  87000   17000000|  3   5  92   0   0   0
  90000   16000000|  3   5  91   1   0   0
  82000   17000000|  3   5  92   0   0   0
  88000   18000000|  4   4  92   0   0   1
  91000   18000000|  3   5  91   0   0   1
  91000   19000000|  4   4  91   0   0   1
 100000   18000000|  8   4  88   0   0   0
  95000   18000000| 28   5  65   1   0   1
  98000   15000000| 29   4  65   0   0   1
  78000   16000000| 28   5  65   0   0   1
  84000   16000000| 29   5  66   0   0   1
  77000   17000000| 30   5  65   0   0   1
  84000   18000000| 30   5  65   0   0   1
  90000   20000000| 29   5  65   0   0   1
  88000   16000000| 28   4  67   0   0   1
  68000   15000000| 29   4  66   0   0   1
  78000   13000000| 28   4  67   0   0   1
  63000   12000000| 21   4  74   0   0   1
  63000   13000000|  3   4  92   0   0   1
  67000   13000000|  3   5  91   1   0   0
  55000 9752000|  3   4  93   0   0   0
  48000 8192000|  3   4  93   0   0   0
  45000 7861000|  3   4  93   0   0   0
  40000 7010000|  4   3  93   0   0   0
  36000 7309000|  3   4  93   0   0   0
  41000 7043000|  3   4  91   2   0   0
  41000 7188000|  2   3  95   0   0   0
  77000 9852000|  4   4  92   0   0   1
  61000 6324000|  2   3  95   0   0   0
  50000 7070000|  3   3  93   0   0   0
  38000 6938000|  2   3  95   0   0   0
  37000 7538000|  3   4  91   1   0   0
  36000 6235000|  3   4  94   0   0   0
  37000 7271000|  2   5  93   0   0   0
  39000 7759000|  3   4  93   0   0   0
  42000 8654000|  3   3  94   0   0   0
  49000 9616000|  3   4  94   0   0   0
  55000   11000000|  3   4  92   1   0   1
  59000   12000000|  4   5  91   0   0   0
  68000   12000000|  2   5  93   0   0   1
  56000   12000000|  3   4  92   0   0   1
  64000   14000000|  4   4  92   0   0   0
  69000   15000000|  3   4  93   0   0   0
  78000   17000000|  4   4  92   1   0   0
  88000   18000000|  3   4  92   0   0   1
  88000   18000000|  4   3  93   0   0   0
  98000   17000000|  4   4  92   0   0   1
  77000   16000000|  4   5  91   0   0   0
  79000   17000000|  4   4  90   0   0   1
  80000   17000000|  2   3  93   1   0   0
  82000   17000000|  3   5  92   0   0   0
  78000   16000000|  3   4  93   0   0   0
  81000   16000000|  3   4  92   0   0   1
  79000   16000000|  4   5  90   0   0   1
  79000   16000000|  4   4  93   0   0   0
  85000   17000000|  3   4  92   2   0   1
  81000   17000000|  3   4  93   0   0   0
  81000   17000000|  4   4  92   0   0   1
  83000   18000000|  3   5  92   0   0   0
  95000   19000000|  4   5  91   0   0   1
  94000   20000000| 25   6  68   0   0   1
  99000   21000000| 28   6  64   1   0   1
 108000   22000000| 28   5  65   0   0   2
 106000   21000000| 29   5  66   0   0   1
 108000   24000000| 29   5  66   0   0   0
 121000   26000000| 28   5  65   0   0   2
 131000   29000000| 28   5  66   0   0   1
 147000   33000000| 24   6  68   1   0   1
 135000   28000000| 29   5  64   0   0   2
 125000   27000000| 28   4  67   0   0   1
 133000   27000000| 28   5  66   0   0   1
 142000   30000000|  3   5  92   0   0   0
  92000   18000000|  3   4  92   2   0   0
  86000   16000000|  2   4  94   0   0   1
  87000   18000000|  3   3  94   0   0   1
 101000   19000000|  3   3  94   0   0   0
  96000   20000000|  4   4  92   0   0   0
 116000   20000000|  3   4  92   0   0   1
 102000   19000000|  3   5  90   1   0   0
 128000   21000000|  3   4  91   0   0   1
 107000   18000000| 24   5  71   0   0   1
  87000   15000000| 28   5  66   0   0   1
  70000   13000000| 29   4  67   0   0   1
  63000   13000000| 28   4  68   0   0   1
  63000   13000000| 27   4  67   1   0   1
  62000   13000000| 28   4  67   0   0   1
  62000   13000000| 28   4  68   0   0   1
  65000   12000000| 28   4  68   0   0   1
  66000   13000000| 11   5  84   0   0   1
  69000   13000000|  3   4  91   1   0   1
  68000   12000000|  3   4  93   0   0   0
  52000 9187000|  2   4  93   0   0   0
  48000 9105000|  4   3  93   0   0   0
  51000 9957000|  3   4  93   0   0   0
  50000   10000000|  3   4  92   0   0   0
  52000   11000000|  3   3  93   1   0   0
  57000   11000000|  2   4  94   0   0   0
  72000   13000000|  3   3  94   0   0   1
 130000   16000000|  3   4  92   0   0   1
  68000   13000000|  3   4  93   0   0   0
  70000   13000000|  3   4  93   0   0   0
  64000   13000000|  2   4  92   1   0   1
  70000   14000000|  4   4  92   0   0   0
  72000   14000000|  4   3  93   0   0   1
  76000   14000000|  3   3  94   0   0   1
  73000   13000000|  3   4  93   0   0   0
  67000   13000000|  3   4  93   0   0   0
  69000   14000000|  3   5  91   1   0   1
  73000   14000000|  3   3  93   0   0   1
  70000   15000000|  3   4  93   0   0   0
  73000   16000000|  4   4  92   0   0   0
  80000   16000000|  3   3  93   0   0   1
  82000   16000000|  3   6  92   0   0   0
  84000   16000000|  3   4  92   1   0   0
  86000   17000000|  3   4  92   0   0   1
  82000   16000000|  3   4  92   0   0   1
  84000   18000000|  3   4  93   0   0   0
  86000   19000000|  4   4  92   0   0   1
 103000   19000000|  4   4  91   0   0   0
  89000   15000000|  2   4  92   1   0   0
  76000   15000000|  3   3  93   0   0   1
  75000   12000000|  4   4  92   0   0   0
  59000   11000000|  2   5  93   0   0   0
  59000   12000000|  3   4  93   0   0   0
  66000   12000000|  3   4  93   0   0   0
  62000   12000000|  4   4  91   1   0   0
  61000   12000000|  3   5  93   0   0   0
  58000   12000000|  3   5  92   0   0   0
  62000   12000000|  4   4  93   0   0   0
  59000   12000000|  3   3  93   0   0   0
  61000   12000000|  2   5  93   0   0   0
  64000   12000000|  2   4  93   1   0   0
  66000   12000000|  3   5  92   0   0   1
  67000   13000000|  3   4  93   0   0   0
  73000   15000000| 17   5  78   0   0   1
  84000   15000000| 29   5  66   0   0   1
  81000   16000000| 28   4  67   0   0   1
  87000   17000000| 28   5  65   1   0   1
  88000   18000000| 28   4  67   0   0   1
  90000   21000000| 28   5  66   0   0   1
  97000   18000000| 28   5  66   0   0   1
  83000   18000000| 28   5  66   0   0   1
  89000   19000000| 29   4  67   0   0   1
  92000   19000000| 28   5  65   1   0   1
  85000   17000000| 28   4  67   0   0   0
  80000   17000000| 28   5  66   0   0   1
  82000   16000000| 19   4  77   0   0   1
  78000   15000000|  2   4  94   0   0   0
  68000   15000000|  3   4  93   0   0   1
  73000   12000000|  3   4  91   1   0   1
  57000   11000000|  1   5  94   0   0   0
  57000   11000000|  3   4  93   0   0   1
  55000   11000000|  2   4  94   0   0   0
  55000   11000000|  2   5  93   0   0   0
  54000   11000000|  3   4  92   1   0   0
  56000   11000000|  3   4  93   0   0   0
  74000   11000000|  3   5  92   0   0   0
  64000   10000000|  3   4  93   0   0   1
  62000   10000000|  3   4  93   0   0   0
  69000   11000000|  3   3  93   0   0   1
  68000   10000000|  2   4  93   1   0   1
  55000 9606000|  2   4  93   0   0   0
  51000   10000000|  3   4  92   0   0   1
  56000   11000000|  3   5  93   0   0   0
  60000   12000000|  3   3  94   0   0   0
  63000   14000000|  3   5  92   0   0   1
  69000   15000000|  3   3  92   2   0   0
  74000   16000000|  3   4  92   0   0   1
  86000   17000000|  3   3  93   0   0   1
  64000   14000000|  3   4  94   0   0   0
  75000   16000000|  4   3  93   0   0   1
  79000   13000000|  3   4  94   0   0   0
  65000   13000000|  4   3  92   1   0   0
  68000   14000000|  2   4  93   0   0   1
  73000   13000000|  2   4  94   0   0   0
  70000   13000000|  3   4  93   0   0   0
  66000   12000000|  3   4  93   0   0   0
  64000   12000000|  3   4  94   0   0   0
  67000   13000000|  3   4  92   1   0   1
  69000   13000000|  3   3  94   0   0   0
  65000   12000000|  2   4  93   0   0   0
  64000   12000000|  2   3  95   0   0   0
  63000   12000000|  3   3  94   0   0   0
  66000   13000000|  2   3  94   0   0   0
  64000   12000000|  2   4  92   1   0   0
  67000   12000000|  2   3  94   0   0   0
  62000 8540000|  2   3  94   0   0   0
  50000 9270000|  3   3  94   0   0   0
  49000 9539000|  2   5  93   0   0   1
  52000 9806000|  2   4  94   0   0   0
  50000 9940000|  3   3  92   1   0   1
  53000   10000000|  2   4  94   0   0   0
  52000   10000000|  3   4  93   0   0   0
  56000   11000000|  3   4  93   0   0   0
  56000   12000000|  3   5  93   0   0   0
  65000   13000000|  3   3  94   0   0   0
  67000   13000000|  3   4  92   1   0   0
  68000   13000000|  3   4  93   0   0   0
  71000   13000000|  3   4  94   0   0   0
  72000   15000000|  2   4  93   0   0   1
  78000   16000000|  3   4  93   0   0   1
  85000   18000000|  3   3  93   0   0   1
  92000   20000000|  3   4  91   1   0   1
  96000   20000000|  4   4  92   0   0   1
 103000   21000000|  4   3  92   0   0   1
 100000   18000000|  6   4  89   0   0   1
  85000   17000000| 28   5  66   0   0   1
  93000   17000000| 29   4  67   0   0   0
  79000   14000000| 29   4  66   1   0   1
  72000   14000000| 28   4  67   0   0   1
  69000   13000000| 28   5  66   0   0   1
  68000   13000000| 28   3  69   0   0   1
  66000   13000000| 27   4  68   0   0   0
  73000   14000000| 29   4  67   0   0   1
  69000   13000000| 27   4  67   1   0   0
  70000   13000000| 10   5  85   0   0   1
  72000   13000000|  3   4  93   0   0   1
  66000   10000000|  2   5  93   0   0   0
  47000 8188000|  3   4  94   0   0   0
  49000 8606000|  2   4  94   0   0   0
  44000 8674000|  2   3  93   1   0   1
  51000 9221000|  2   4  94   0   0   0
  49000 8462000|  3   3  94   0   0   0
  55000 9702000|  3   4  93   0   0   0
  53000 9572000|  2   3  94   0   0   0
  56000   11000000|  2   4  94   0   0   0
  62000   12000000|  3   4  91   1   0   1
  68000   13000000|  3   4  94   0   0   0
  72000   13000000|  3   3  94   0   0   1
  76000   14000000|  3   4  93   0   0   0
  77000   13000000|  3   4  93   0   0   0
  56000   11000000|  3   3  93   0   0   0
  64000   13000000|  2   4  92   1   0   0
  66000   13000000|  3   4  93   0   0   1
  74000   15000000|  3   3  94   0   0   1
  65000   11000000|  2   5  92   0   0   0
  59000   12000000|  3   4  93   0   0   0
  61000   12000000|  3   4  94   0   0   0
  69000   13000000|  3   4  92   1   0   0
  79000   12000000| 23   4  72   0   0   1
  63000   12000000| 28   4  68   0   0   1
  66000   12000000| 27   4  68   0   0   1
  66000   13000000| 28   3  68   0   0   1
  77000   15000000| 28   4  68   0   0   1
  76000   13000000| 28   3  67   1   0   1
  72000   14000000| 28   4  68   0   0   1
  74000   13000000| 27   6  67   0   0   0
  78000   13000000| 28   4  68   0   0   1
  66000   10000000| 28   4  68   0   0   0
  60000   12000000| 35   3  61   0   0   1
  64000   12000000| 42   5  51   1   0   1
  66000   13000000| 27   4  68   0   0   1
  71000   14000000| 27   4  68   0   0   0
  73000   13000000| 27   3  69   0   0   1
  80000   15000000| 27   5  67   0   0   1
  68000   14000000| 28   3  67   1   0   0
  78000   17000000| 28   3  69   0   0   1
  84000   19000000| 27   4  68   0   0   1
  92000   17000000| 27   4  69   0   0   1
  66000   14000000| 28   3  69   0   0   1
  76000   14000000|  3   4  92   1   0   0
  81000   15000000|  4   3  92   0   0   1
  83000   12000000|  2   3  95   0   0   0
  87000   12000000|  3   3  94   0   0   0
  55000   11000000|  2   3  94   0   0   0
  64000   14000000|  3   4  92   2   0   1
  64000   12000000|  3   4  94   0   0   0
  63000   13000000|  3   3  94   0   0   0
  76000   12000000|  3   3  93   0   0   0
  93000   13000000|  3   3  94   0   0   1
  90000   11000000|  3   4  94   0   0   0
  53000   10000000|  2   3  93   2   0   0
  52000   10000000|  4   3  93   0   0   1
  55000 9818000|  3   3  94   0   0   0
  50000 9560000|  3   4  93   0   0   0
  53000 9575000|  3   3  94   0   0   1
  54000 9760000|  2   4  94   0   0   0
  53000 8877000|  3   3  92   1   0   0
  49000 8994000|  2   4  94   0   0   0
  47000 9339000|  2   4  93   0   0   0
  53000 9873000|  2   4  94   0   0   0
  56000   11000000|  3   4  93   0   0   0
  61000   11000000|  3   3  94   0   0   0
  72000 9949000|  3   3  93   1   0   0
  52000 8767000|  3   4  94   0   0   0
  48000 9525000|  3   4  94   0   0   0
  51000   10000000|  3   3  95   0   0   0
  52000   10000000|  3   3  94   0   0   0
  49000 8978000|  3   3  93   0   0   1
  49000 9464000|  3   3  93   1   0   0
  47000 9735000|  3   3  94   0   0   0
  51000 9959000|  2   3  95   0   0   0
  52000 9445000|  3   3  94   0   0   1
  54000 9596000|  2   4  94   0   0   1
  51000 9828000|  2   4  94   0   0   0
  55000   10000000|  3   3  93   1   0   0
  55000   11000000|  2   3  94   0   0   0
  60000   12000000|  3   3  93   0   0   0
  62000   13000000|  4   4  93   0   0   0
  75000   12000000|  3   3  94   0   0   0
  56000   11000000|  3   3  93   0   0   1
  58000   11000000|  2   4  93   1   0   0
  64000   12000000|  3   3  94   0   0   0
  67000   11000000|  3   4  93   0   0   1
  60000   11000000|  2   4  94   0   0   0
  60000   11000000|  3   2  94   0   0   0
  56000   10000000|  3   4  93   0   0   0
  57000   11000000|  2   4  94   1   0   0
  61000   12000000|  2   3  95   0   0   1
  61000   12000000|  2   3  94   0   0   1
  63000   12000000|  3   4  93   0   0   0
  65000   12000000|  3   3  94   0   0   0
  63000   11000000|  3   3  94   0   0   0
  64000   11000000|  3   3  93   1   0   0
  60000   10000000|  3   3  94   0   0   0
  56000   11000000|  2   3  94   0   0   0
  62000   11000000|  3   3  94   0   0   0
  61000   12000000|  3   4  93   0   0   0
  71000   11000000|  2   3  94   0   0   1
  58000 9078000|  2   4  94   1   0   0
  49000 9477000|  2   4  94   0   0   1
  51000 9937000|  3   3  94   0   0   0
  53000   10000000|  2   4  94   0   0   0
  54000   10000000|  3   3  95   0   0   0
  55000   10000000|  2   3  94   0   0   1
  49000 9823000|  3   3  93   1   0   0
  53000   10000000|  2   4  93   0   0   1
  51000 9078000|  3   4  93   0   0   0
  48000 9596000|  2   4  94   0   0   0
  53000   10000000|  3   4  93   0   0   0
  56000   11000000|  2   4  94   0   0   0
  58000   11000000|  2   3  94   1   0   0
  55000   11000000|  2   4  94   0   0   0
  63000   11000000|  4   4  93   0   0   0
  62000   12000000|  3   3  94   0   0   0
  72000   12000000|  3   4  94   0   0   0
  58000   12000000|  2   4  94   0   0   0
  72000   12000000|  3   3  93   1   0   0
  60000   11000000|  3   3  94   0   0   0
  57000   10000000|  3   3  94   0   0   0
  54000   10000000|  2   5  94   0   0   0
  55000   10000000|  2   4  93   0   0   0
  57000   11000000|  2   3  95   0   0   0
  59000   11000000|  3   4  92   1   0   0
  64000   11000000|  2   4  94   0   0   0
  60000   11000000| 20   4  75   0   0   1
  64000   13000000| 28   5  67   0   0   1
  69000   14000000| 27   4  67   0   0   1
  77000   16000000| 28   4  68   0   0   0
  88000   18000000| 28   4  68   0   0   1
 100000   21000000| 28   4  67   0   0   1
 109000   17000000| 27   4  68   0   0   1
  92000   19000000| 28   4  67   0   0   1
 103000   17000000| 27   4  68   0   0   1
  88000   16000000| 27   4  68   0   0   1
  87000   15000000| 28   4  64   2   0   1
  72000   14000000| 27   3  69   0   0   1
  72000   15000000| 15   5  80   0   0   0
  81000   16000000|  2   4  93   0   0   1
  51000 8591000|  3   3  94   0   0   0
  42000 7454000|  2   4  92   2   0   0
  41000 8035000|  2   4  94   0   0   0
  42000 8341000|  2   4  94   0   0   0
  41000 8678000|  3   3  94   0   0   0
  52000 9504000|  2   4  94   0   0   1
  57000   10000000|  3   4  94   0   0   0
  59000 9311000|  2   3  94   1   0   1
  57000 9102000|  2   3  94   0   0   0
  57000 9225000|  3   3  94   0   0   1
  58000 8302000|  2   3  95   0   0   0
  48000 8075000|  3   4  93   0   0   0
  45000 8005000|  3   3  94   0   0   0
  42000 7787000|  3   4  93   1   0   0
  40000 7888000|  3   4  94   0   0   0
  42000 8115000|  2   4  94   0   0   0
  44000 8521000|  3   3  93   1   0   1
  44000 8545000|  3   4  70  23   0   0
 110000 9558000|  2   5  23  69   0   0
 244000   10000000|  3   4   9  84   0   0
 634000   10000000|  3   3  30  64   0   0
1019000   11000000|  3   4  28  65   0   1
1632000   12000000|  3   5  15  78   0   1
 713000   13000000|  3   4  18  76   0   0
 309000   14000000|  3   4  47  46   0   1
  84000   16000000|  3   4  87   7   0   0
  97000   16000000|  2   4  94   0   0   0
  81000   15000000|  3   4  89   5   0   0
  77000   14000000|  2   4  68  24   0   1
  78000   15000000|  2   4  57  36   0   0
  73000   14000000|  3   3  66  28   0   1
  74000   12000000|  2   4  93   1   0   1
  63000   12000000|  4   3  93   0   0   0
  63000   12000000|  3   3  95   0   0   0
  59000   12000000|  3   4  93   0   0   1
  63000   11000000|  3   3  94   0   0   1
  54000   11000000|  3   4  94   0   0   1
  52000   11000000|  3   3  93   1   0   1
  57000   11000000|  3   3  93   0   0   0
  53000   10000000|  2   4  95   0   0   0
  55000 9692000|  2   4  94   0   0   0
  56000   10000000|  3   4  93   0   0   1
  56000   10000000|  3   3  94   0   0   0
  54000   11000000|  2   4  92   1   0   1
  54000   11000000|  3   3  93   0   0   0
  57000 9695000|  1   5  94   0   0   0
  47000 9704000|  2   3  95   0   0   0
  52000   10000000|  2   4  94   0   0   0
  54000   10000000|  3   3  93   0   0   0
  60000   10000000|  3   3  93   1   0   0
  55000 9717000|  3   4  93   0   0   0
  52000 8460000|  3   3  94   0   0   0
  50000 8162000|  2   4  94   0   0   0
  43000 7830000|  2   3  72  22   0   0
  44000 7121000|  2   5  81  13   0   0
  37000 6850000|  3   3  91   4   0   0
  44000 7790000|  2   4  53  42   0   0
  48000 7802000|  3   4  26  67   0   0
  46000 7602000|  2   3  28  66   0   0
  45000 7757000|  2   3  65  30   0   0
  44000 8012000|  2   4  93   2   0   0
  44000 8340000|  2   4  93   1   0   1
  46000 9055000|  3   3  94   0   0   0
  51000 9066000|  2   3  94   0   0   0
  50000   10000000|  3   4  94   0   0   0
  55000   10000000|  3   3  94   0   0   0
  54000 9742000|  2   3  95   0   0   0
  48000   10000000|  5   3  91   1   0   0
  55000   11000000| 27   4  68   0   0   1
  59000   11000000| 27   5  68   0   0   1
  59000   10000000| 27   4  69   0   0   1
  51000 9702000| 28   4  68   0   0   1
  53000   10000000| 28   3  69   0   0   0
  55000   11000000| 27   4  67   1   0   1
  62000   11000000| 28   3  69   0   0   0
  59000   10000000| 27   5  68   0   0   1
  61000   10000000| 27   4  69   0   0   0
  62000   10000000| 28   3  69   0   0   0
  55000   10000000| 28   4  68   0   0   1
  55000 9814000| 27   3  68   1   0   0
  53000 9188000| 28   3  68   0   0   1
  51000 9802000| 27   3  69   0   0   1
  55000 9553000| 27   3  69   0   0   1
  55000   10000000| 25   4  70   0   0   0
  54000   11000000|  2   3  95   0   0   0
  61000   11000000|  2   4  92   1   0   0
  36000 6169000|  3   3  94   0   0   0
  37000 6776000| 25   4  71   0   0   0
  37000 6979000| 27   3  70   0   0   1
  38000 7821000| 27   3  70   0   0   1
  46000 8950000| 27   3  68   1   0   1
  51000   10000000| 27   3  70   0   0   1
  66000   12000000| 27   4  68   0   0   1
  98000   16000000| 28   3  67   0   0   1
 110000   20000000| 28   4  67   0   0   1
  90000   19000000| 27   4  68   0   0   1
  97000   21000000| 27   5  67   1   0   1
  95000   17000000| 28   4  68   0   0   1
  79000   16000000| 29   3  68   0   0   1
  72000   15000000| 27   3  69   0   0   1
  78000   16000000| 28   3  68   0   0   1
  78000   13000000| 27   4  68   0   0   1
  67000   13000000| 27   4  68   1   0   0
  70000   13000000| 17   5  77   0   0   1
  67000   13000000|  1   3  95   0   0   0
  72000   13000000|  2   3  94   0   0   1
  70000   11000000|  8   4  89   0   0   0
  55000   11000000| 27   4  69   0   0   1
  52000 9161000| 25   1  72   2   0   1
  52000 8791000| 26   1  73   0   0   0
  48000 7596000| 26   0  74   0   0   0
  43000 7990000| 26   1  73   0   0   0
  46000 8087000| 26   1  73   0   0   0
  45000 7637000| 25   1  73   0   0   1
  55000 8574000| 26   1  72   1   0   0
  90000 9966000| 26   1  72   0   0   0
  62000 7981000| 25   1  73   0   0   1
  50000 7405000| 26   1  73   0   0   1
  41000 7520000| 26   1  74   0   0   0
  41000 7414000| 26   1  73   0   0   0
  41000 8082000| 25   1  73   1   0   1
  47000 8714000| 26   1  73   0   0   1
  45000 7808000| 26   0  74   0   0   0
  44000 8260000| 26   1  73   0   0   0
  47000 7405000| 21   1  78   0   0   0
  39000 7137000|  2   1  97   0   0   0
  39000 7382000|  1   1  97   2   0   0
  41000 7669000|  1   1  98   0   0   0
  40000 7446000|  1   1  98   0   0   0
  41000 8371000|  1   0  99   0   0   0
  46000 8683000|  1   1  98   0   0   0
  52000 9861000|  1   1  98   0   0   0
  51000   10000000|  1   1  97   1   0   0
  55000 9163000|  1   1  98   0   0   0
  41000 8373000|  1   1  98   0   0   0
  46000 9439000|  1   1  99   0   0   0
  48000 8140000|  1   1  98   0   0   0
  42000 7105000|  1   1  98   0   0   0
  35000 5528000|  1   1  98   1   0   0
  28000 5267000|  1   1  98   0   0   0
  28000 4865000|  1   1  98   0   0   0
  29000 5134000|  1   1  98   0   0   0
  27000 5148000|  1   1  98   0   0   0
  28000 5386000|  1   1  99   0   0   0
  30000 4800000|  1   1  97   1   0   0
  27000 5403000|  1   1  99   0   0   0
  29000 5604000|  1   1  98   0   0   0
  33000 6244000|  1   1  99   0   0   0
  37000 5231000|  1   1  98   0   0   0
  30000 5492000|  1   1  98   0   0   0
  36000 6349000|  1   1  98   1   0   0
  34000 6580000|  1   1  98   0   0   0
  40000 6622000|  1   1  98   0   0   0
  34000 6207000|  1   0  98   0   0   0
  35000 6537000|  2   1  97   0   0   0
  38000 6247000| 26   1  73   0   0   0
  31000 5475000| 26   1  72   1   0   0
  30000 5999000| 26   2  72   0   0   0
  31000 6051000| 26   1  73   0   0   0
  32000 6383000| 26   1  74   0   0   0
  31000 6382000| 26   0  74   0   0   0
  35000 6821000| 26   1  73   0   0   0
  36000 6838000| 26   1  72   1   0   0
  40000 7464000| 25   1  74   0   0   1
  41000 7105000| 26   1  74   0   0   0
  40000 8245000| 26   1  73   0   0   0
  41000 8966000| 25   1  73   0   0   0
  50000   10000000| 26   1  73   0   0   0
  59000 8047000| 26   1  72   1   0   0
  41000 8562000| 26   1  73   0   0   0
  45000 9307000| 26   1  73   0   0   0
  48000   10000000| 26   0  74   0   0   0
  52000   11000000| 26   1  73   0   0   0
  56000   12000000| 26   2  73   0   0   0
  69000   12000000| 26   2  71   1   0   0
  61000   11000000| 26   1  74   0   0   0
  58000   11000000| 26   1  74   0   0   0
  57000   11000000| 23   2  76   0   0   0
  55000   11000000|  1   1  99   0   0   0
  56000   11000000|  1   1  99   0   0   0
  65000 8943000|  1   1  97   2   0   0
  44000 7464000|  1   0  99   0   0   0
  39000 7605000|  0   1  99   0   0   0
  43000 8005000|  1   1  98   0   0   0
  41000 7717000|  1   0  99   0   0   0
  40000 6608000|  0   1  99   0   0   0
  32000 5979000|  0   1  98   1   0   0
  34000 6493000|  1   0  99   0   0   0
  42000 7007000|  1   1  99   0   0   0
  38000 7471000|  1   0  99   0   0   0
  43000 7540000|  1   1  99   0   0   0
  45000 7345000|  1   0  99   0   0   0
  41000 7362000|  1   1  98   1   0   0
  41000 8619000|  1   1  98   0   0   0
  49000   10000000|  1   1  98   0   0   0
  55000   11000000|  1   1  99   0   0   0
  56000 9656000|  1   1  98   0   0   0
  49000   10000000|  1   1  99   0   0   0
  61000 8720000|  1   1  98   1   0   0
  36000 6314000|  1   1  99   0   0   0
  33000 6920000|  1   1  99   0   0   0
  35000 7289000|  1   1  99   0   0   0
  37000 7738000|  1   1  99   0   0   0
  37000 7836000|  1   1  99   0   0   0
  41000 8574000|  1   1  97   2   0   0
  39000 9006000|  1   1  98   0   0   0
  46000 9873000|  0   1  99   0   0   0
  61000 7941000|  1   1  99   0   0   0
  31000 6960000|  1   1  98   0   0   0
  45000 7627000|  1   1  99   0   0   0
  36000 4483000|  1   1  98   1   0   0
  27000 3862000|  1   1  99   0   0   0
  21000 3687000|  1   1  98   0   0   0
  19000 3485000|  1   0  99   0   0   0
  22000 4244000|  1   1  99   0   0   0
  28000 4432000|  1   0  99   0   0   0
  19000 2815000|  1   1  98   1   0   0
  17000 3058000|  0   0  99   0   0   0
  18000 2701000|  1   1  99   0   0   0
  17000 2111000|  1   1  99   0   0   0
  11000 1840000|  1   0  99   0   0   0
  11000 1951000|  0   1  99   0   0   0
  11000 2249000|  1   1  98   1   0   0
  14000 2421000|  1   0  99   0   0   0
  15000 2394000|  1   0  99   0   0   0
  12000 2445000|  1   1  99   0   0   0
  15000 2643000|  1   1  99   0   0   0
  16000 2725000|  1   0  99   0   0   0
  14000 2891000|  1   1  98   1   0   0
  17000 3248000|  0   1  99   0   0   0
  20000 3272000|  1   1  99   0   0   0
  19000 3460000|  1   0  99   0   0   0
  23000 4280000|  1   1  99   0   0   0
  23000 4803000|  0   0 100   0   0   0
  27000 4357000|  1   1  98   1   0   0
  21000 3802000|  0   1  99   0   0   0
  24000 4504000|  1   0  99   0   0   0
  24000 4745000|  1   0  99   0   0   0
  25000 5094000|  1   1  99   0   0   0
  28000 5270000|  1   1  99   0   0   0
  28000 5320000|  1   1  98   1   0   0
  30000 3565000|  0   0  99   0   0   0
  21000 3749000|  1   0  99   0   0   0
  24000 4160000|  1   1  99   0   0   0
  27000 4846000|  1   1  99   0   0   0
  27000 4870000|  1   1  99   0   0   0
  25000 5003000|  1   0  98   1   0   0
  27000 5203000|  0   1  99   0   0   0
  29000 5203000|  1   0  99   0   0   0
  28000 5172000|  1   1  99   0   0   0
  26000 3783000|  1   0  99   0   0   0
  21000 4336000|  1   0  99   0   0   0
  27000 4025000|  0   1  99   1   0   0
  25000 4203000|  1   1  99   0   0   0
  25000 4369000|  1   0  99   0   0   0
  25000 4437000|  1   1  99   0   0   0
  33000 4536000|  1   1  99   0   0   0
  25000 4470000|  1   0  99   0   0   0
  25000 4662000|  1   1  98   1   0   0
  22000 4597000|  1   0  99   0   0   0
  26000 4950000|  1   1  99   0   0   0
  25000 5203000|  1   0  99   0   0   0
  30000 5925000|  1   0  99   0   0   0
  30000 4690000|  1   0  99   0   0   0
  29000 5604000|  1   0  98   1   0   0
  28000 5937000|  1   1  99   0   0   0
  35000 6938000|  1   1  98   0   0   0
  36000 7605000|  1   0  99   0   0   0
  39000 8555000|  1   0  99   0   0   0
  47000 9670000|  1   1  99   0   0   0
  57000 9198000|  1   1  98   1   0   0
  52000 7762000|  1   1  98   0   0   0
  41000 6039000|  0   1  99   0   0   0
  34000 6314000|  1   1  99   0   0   0
  35000 6204000|  1   0  99   0   0   0
  37000 6008000|  1   1  99   0   0   0
  33000 5423000|  1   1  98   1   0   0
  34000 5906000|  0   1  99   0   0   0
  34000 5930000|  1   0  99   0   0   0
  36000 6893000|  1   1  99   0   0   0
  38000 7506000|  1   1  99   0   0   0
  44000 7325000|  1   0  99   0   0   0
  32000 5713000|  1   0  98   1   0   0
  35000 5148000|  1   1  99   0   0   0
  28000 5404000|  1   1  99   0   0   0
  34000 5312000|  0   0  99   0   0   0
  32000 5537000|  1   1  99   0   0   0
  32000 4947000|  1   0  99   0   0   0
  23000 3500000|  9   1  90   1   0   0
  22000 4336000| 25   1  74   0   0   0
  25000 4634000| 25   1  74   0   0   0
  22000 4499000| 25   1  74   0   0   0
  25000 4118000| 25   0  75   0   0   0
  17000 3032000| 25   1  74   0   0   0
  18000 3810000| 25   0  73   1   0   0
  21000 3995000| 25   0  74   0   0   0
  22000 4203000| 25   1  74   0   0   0
  22000 4470000| 25   0  75   0   0   0
  23000 4812000| 25   0  74   0   0   0
  27000 5328000| 25   1  74   0   0   0
  29000 5700000| 25   1  73   1   0   0
  28000 5221000| 25   0  75   0   0   0
  30000 6641000| 25   0  74   0   0   0
  41000 8780000| 25   1  74   0   0   0
  48000 8184000| 17   1  82   0   0   0
  39000 8206000|  1   1  99   0   0   0
  33000 5649000|  0   0  98   2   0   0
  14000 2668000|  0   0  99   0   0   0
  12000 2535000|  0   0  99   0   0   0
  16000 2735000|  1   0  99   0   0   0
  15000 1988000|  0   0 100   0   0   0
8886B 1518000|  0   0  99   1   0   0
  11000 2086000|  0   0  99   0   0   0
  13000 2250000|  1   0  99   0   0   0
  13000 2268000|  0   0  99   0   0   0
  14000 2163000|  0   0 100   0   0   0
  15000 2268000|  0   0  99   0   0   0
  13000 2161000|  0   0  99   1   0   0
  14000 2347000|  0   1 100   0   0   0
  13000 2335000|  0   0 100   0   0   0
  15000 2602000| 22   1  77   0   0   0
  14000 2868000| 25   0  75   0   0   0
  17000 3202000| 25   0  75   0   0   0
  17000 3590000| 25   0  74   1   0   0
  15000 1924000| 25   0  75   0   0   0
  15000 2074000| 25   1  75   0   0   0
  10000 1763000| 25   0  75   0   0   0
  12000 2321000| 25   0  75   0   0   0
  12000 2289000| 25   0  75   0   0   0
  12000 2488000| 25   0  74   1   0   0
  13000 2295000| 25   0  75   0   0   0
  13000 2335000| 25   0  75   0   0   0
  14000 2268000| 25   0  75   0   0   0
  12000 1552000| 25   0  75   0   0   0
8746B 1684000| 25   0  74   1   0   0
  10000 1935000| 25   0  75   0   0   0
  12000 2135000| 25   0  75   0   0   0
  11000 2268000| 25   0  75   0   0   0
  12000 2201000| 25   0  75   0   0   0
  11000 2268000| 12   1  86   1   0   0
  11000 2202000|  0   0 100   0   0   0
  12000 2268000|  0   0 100   0   0   0
  12000 2402000|  0   0 100   0   0   0
  10000 1217000|  0   0 100   0   0   0
 848B   70B|  0   0 100   0   0   0
 448B    0|  0   0 100   0   0   0
