   0     0|  1   1  95   4   0   0
2055B 1695B|  2   2  96   0   0   0
1792B  846B|  3   3  94   0   0   0
1516B 1626B|  3   2  96   0   0   0
3526B 2264B|  3   2  95   0   0   0
7294B   80000|  4   2  94   0   0   0
2496B  294000|  3   3  93   2   0   0
2990B  457000|  3   3  94   0   0   0
6862B 1141000|  4   1  95   0   0   0
  13000 1957000|  3   3  94   0   0   0
  22000 4369000|  3   2  95   0   0   0
  26000 6271000|  3   2  95   0   0   0
  63000 9714000|  4   2  93   1   0   0
  38000 7821000|  4   3  94   0   0   0
  47000 9857000|  5   2  93   0   0   0
  43000 9118000|  5   2  93   0   0   0
  52000   11000000|  4   3  94   0   0   0
  60000 8490000|  4   2  94   0   0   0
  41000 8100000|  3   3  93   1   0   0
  50000 6580000|  5   2  93   0   0   0
  30000 6071000|  4   3  94   0   0   0
  34000 6604000|  4   2  94   0   0   0
  34000 6471000|  4   2  94   0   0   0
  35000 6871000|  5   2  93   0   0   0
  32000 6671000|  4   2  93   1   0   0
  43000 5475000|  4   2  94   0   0   0
  28000 4936000|  4   2  94   0   0   0
  31000 5870000|  4   3  94   0   0   0
  29000 5337000|  4   2  95   0   0   0
  32000 6088000|  4   2  94   0   0   0
  32000 5719000|  4   2  93   1   0   0
  33000 6071000|  3   2  94   0   0   0
  34000 5804000|  4   2  94   0   0   0
  35000 6004000|  5   2  94   0   0   0
  35000 5731000|  4   2  94   0   0   0
  38000 4458000|  4   3  93   0   0   0
  28000 4925000|  5   1  94   1   0   0
  31000 5203000|  4   2  95   0   0   0
  34000 5590000|  4   2  94   0   0   0
  31000 5617000|  4   2  94   0   0   0
  37000 6071000|  4   2  93   0   0   0
  34000 5737000|  4   2  94   0   0   0
  36000 6103000|  4   2  93   1   0   0
  35000 5771000|  3   3  94   0   0   0
  36000 6071000|  5   2  93   0   0   0
  40000 5144000|  5   3  93   0   0   0
  33000 4504000|  4   2  94   0   0   0
  28000 3439000|  4   3  93   0   0   0
  22000 3736000|  5   3  92   1   0   0
  27000 3352000|  4   2  95   0   0   0
  20000 2922000|  3   2  95   0   0   0
  19000 2935000|  4   3  93   0   0   0
  19000 3335000|  3   2  95   0   0   0
  21000 3335000|  5   2  94   0   0   0
  21000 3288000|  4   2  93   1   0   0
  21000 3383000|  4   3  93   0   0   0
  24000 3335000|  4   2  94   0   0   0
  21000 3335000|  4   3  94   0   0   0
  21000 3335000|  4   2  93   0   0   0
  20000 3469000|  5   2  94   0   0   0
  22000 3669000|  4   2  93   1   0   0
  24000 4069000|  4   3  94   0   0   0
  24000 4470000|  4   1  95   0   0   0
  27000 5137000|  4   2  94   0   0   0
  30000 5737000|  4   3  93   0   0   0
  36000 6804000|  4   2  93   0   0   0
  40000 7872000|  4   3  93   1   0   0
  46000 9273000|  4   2  94   0   0   0
  63000 8681000|  4   3  93   0   0   0
  41000 8005000|  4   2  94   0   0   0
  46000 8872000|  4   2  94   0   0   0
  48000 9099000|  4   2  94   0   0   0
  50000 6913000|  4   2  93   1   0   0
  40000 7271000|  4   3  93   0   0   0
  42000 7605000|  4   2  94   0   0   0
  43000 7805000|  4   2  94   0   0   0
  42000 7872000|  3   2  95   0   0   0
  44000 8138000|  4   1  95   0   0   0
  46000 7676000|  4   2  93   1   0   0
  51000 6068000|  4   2  94   0   0   0
  45000 5808000|  3   3  94   0   0   0
  32000 4870000|  4   3  93   0   0   0
  31000 5203000|  4   2  94   0   0   0
  31000 5337000|  3   3  93   0   0   0
  33000 5604000|  4   3  93   1   0   0
  31000 5537000|  3   2  94   0   0   0
  39000 4781000|  5   2  93   0   0   0
  26000 4330000|  5   1  94   0   0   0
  28000 4936000|  3   3  94   0   0   0
  27000 5003000|  4   3  94   0   0   0
  36000 4216000|  4   2  93   1   0   0
  25000 3936000|  4   2  94   0   0   0
  28000 3029000|  4   2  94   0   0   0
  21000 3202000|  5   1  94   0   0   0
  19000 3402000|  2   2  96   0   0   0
  20000 3335000|  4   2  94   0   0   0
  20000 3335000|  4   2  93   1   0   0
  20000 3451000|  3   2  94   0   0   0
  20000 3287000|  3   3  94   0   0   0
  19000 3448000|  4   2  94   0   0   0
  18000 3423000|  4   3  93   0   0   0
  22000 3802000|  3   2  95   0   0   0
  22000 3536000|  3   3  93   1   0   0
  24000 4269000|  4   2  94   0   0   0
  25000 4323000| 23   3  74   0   0   0
  29000 5017000| 30   3  67   0   0   0
  29000 5604000| 31   2  67   0   0   0
  34000 6271000| 31   2  67   0   0   0
  46000 6561000| 32   2  64   1   0   0
  33000 5537000| 30   3  67   0   0   0
  34000 6337000| 31   2  67   0   0   0
  34000 6405000| 15   3  82   0   0   0
  28000 3960000|  4   4  93   0   0   0
3490B 3304B|  3   3  95   0   0   0
2824B 1692B|  4   2  93   2   0   0
2208B 3252B|  3   3  95   0   0   0
1896B 4512B|  4   2  95   0   0   0
1507B   30000|  4   3  93   0   0   0
2338B  243000|  4   3  93   0   0   0
5290B  637000|  4   2  94   0   0   0
7118B 1091000|  3   2  94   1   0   0
  15000 2594000|  3   2  95   0   0   0
  21000 4226000|  4   3  93   0   0   0
  46000 9307000|  5   2  93   0   0   0
  65000   14000000|  4   3  93   0   0   0
 125000   25000000|  5   2  93   0   0   0
 132000   20000000|  4   3  92   1   0   0
 117000   24000000|  5   3  92   0   0   0
 113000   24000000|  5   2  93   0   0   0
 142000   25000000|  6   3  91   0   0   0
 120000   21000000|  4   4  92   0   0   0
 113000   23000000|  5   2  93   0   0   0
 113000   23000000|  5   3  90   2   0   0
 115000   24000000|  5   3  91   0   0   0
 114000   24000000|  6   2  92   0   0   0
 112000   24000000|  6   3  91   0   0   0
 113000   25000000|  4   3  93   0   0   0
 124000   22000000|  6   3  91   0   0   0
 101000   22000000|  4   3  92   1   0   0
 108000   22000000|  5   3  91   0   0   0
 118000   24000000|  4   3  92   0   0   0
 123000   20000000|  4   3  93   0   0   0
 107000   22000000|  6   3  91   0   0   0
 110000   22000000|  5   2  92   0   0   0
 117000   24000000|  5   3  91   1   0   0
 114000   23000000|  4   3  93   0   0   0
 120000   24000000|  5   3  92   0   0   0
 117000   24000000|  5   3  92   0   0   0
 121000   25000000|  5   2  92   0   0   0
 128000   23000000|  5   3  92   0   0   0
 114000   22000000|  5   3  91   1   0   0
 108000   23000000|  4   3  93   0   0   0
 115000   23000000|  6   2  92   0   0   0
 122000   24000000|  5   3  92   0   0   0
 115000   24000000|  5   4  91   0   0   0
 131000   21000000|  5   2  93   0   0   0
 109000   22000000|  5   3  91   1   0   0
 118000   20000000|  5   3  92   0   0   0
  95000   20000000|  5   2  93   0   0   0
 105000   22000000|  4   3  93   0   0   0
 121000   19000000|  6   3  91   0   0   0
 100000   16000000|  4   2  95   0   0   0
  89000   17000000|  5   3  92   1   0   0
  92000   18000000|  4   3  93   0   0   0
  94000   18000000|  4   3  93   0   0   0
  96000   18000000| 28   3  68   0   0   1
  92000   18000000| 30   3  66   0   0   1
  91000   19000000| 30   3  67   0   0   0
  92000   19000000| 19   3  77   1   0   0
  74000   13000000|  4   4  92   0   0   0
  42000 8339000|  4   2  94   0   0   0
  41000 8072000|  5   3  92   0   0   0
  43000 8272000|  3   2  95   0   0   0
  42000 8138000|  4   2  93   0   0   0
  48000 8872000|  4   3  91   2   0   0
  53000 7784000|  5   2  93   0   0   0
  41000 6935000|  3   3  94   0   0   0
  43000 7538000|  3   3  94   0   0   0
  42000 8005000| 29   2  69   0   0   0
  43000 8539000| 31   3  66   0   0   0
  42000 8472000| 30   3  66   1   0   0
  47000 9139000| 31   2  66   0   0   0
  44000 8672000| 30   3  66   0   0   0
   0     0| 12   4  84   0   0   0
   0     0|  4   4  92   0   0   0
   0     0|  3   2  95   0   0   0
   0     0|  4   3  92   2   0   0
   0     0|  3   2  95   0   0   0
   0     0|  2   2  96   0   0   0
   0     0|  4   2  94   0   0   0
   0     0|  3   3  93   0   0   0
   0     0|  5   4  91   0   0   0
   0     0|  3   3  93   1   0   0
   0     0|  4   3  93   0   0   0
   0     0|  4   2  94   0   0   0
   0     0|  5   3  92   0   0   0
   0     0|  6   3  90   0   0   0
   0     0|  4   5  91   0   0   0
   0     0|  6   3  90   1   0   0
   0     0|  5   5  90   0   0   0
   0     0|  6   5  89   0   0   0
   0     0|  5   4  91   0   0   0
   0     0|  6   5  88   0   0   1
   0     0|  6   5  90   0   0   0
   0     0|  6   5  88   1   0   1
   0     0|  5   5  89   0   0   0
   0     0|  5   4  91   0   0   0
   0     0|  6   5  89   0   0   0
   0     0|  4   3  92   0   0   0
   0     0|  6   4  88   1   0   0
   0     0|  5   5  89   0   0   0
   0     0|  6   3  91   0   0   0
   0     0|  6   3  90   0   0   0
   0     0|  7   4  89   0   0   0
   0     0|  6   3  91   0   0   0
   0     0|  5   4  90   1   0   0
   0     0|  5   3  92   0   0   0
   0     0|  4   3  92   0   0   0
   0     0|  7   3  90   0   0   0
   0     0|  5   4  91   0   0   0
   0     0|  5   3  92   0   0   0
   0     0|  5   3  91   1   0   0
   0     0|  6   3  91   0   0   0
   0     0|  6   3  91   0   0   0
   0     0|  6   3  91   0   0   0
   0     0|  6   3  91   0   0   0
   0     0|  5   2  93   0   0   0
   0     0|  5   2  91   1   0   0
   0     0|  5   3  92   0   0   0
   0     0|  6   3  92   0   0   0
   0     0|  5   2  92   0   0   0
   0     0|  5   3  92   0   0   0
   0     0|  5   3  93   0   0   0
   0     0|  6   3  90   1   0   0
   0     0|  6   3  91   0   0   0
   0     0|  5   3  92   0   0   0
   0     0|  6   3  91   0   0   0
   0     0|  5   3  92   0   0   0
   0     0|  7   3  90   0   0   0
   0     0|  5   2  92   1   0   0
   0     0|  5   5  90   0   0   0
   0     0|  5   2  92   0   0   0
   0     0|  4   3  92   0   0   0
   0     0|  5   4  91   0   0   0
   0     0|  5   3  91   0   0   0
   0     0|  5   3  90   1   0   0
   0     0|  4   3  93   0   0   0
   0     0|  5   4  91   0   0   0
   0     0|  5   3  92   0   0   0
   0     0|  6   4  90   0   0   0
   0     0|  6   4  91   0   0   0
   0     0| 20   4  75   1   0   1
   0     0| 31   5  63   0   0   1
   0     0| 31   4  64   0   0   1
   0     0| 32   3  65   0   0   1
   0     0| 31   4  65   0   0   0
   0     0| 32   2  65   0   0   1
9534000 1664000000|  4   4  91   1   0   0
 122000   23000000|  5   4  92   0   0   0
 100000   18000000|  5   3  92   0   0   0
  87000   16000000|  5   4  92   0   0   0
  92000   17000000|  6   3  92   0   0   0
  94000   18000000|  6   3  90   2   0   0
  98000   19000000|  5   4  92   0   0   0
 106000   21000000|  5   3  92   0   0   0
 118000   24000000|  4   4  92   0   0   0
 138000   24000000|  5   4  91   0   0   0
 134000   20000000|  4   4  93   0   0   0
 100000   21000000| 13   4  81   1   0   1
 110000   23000000| 30   4  65   0   0   1
 128000   23000000| 31   3  65   0   0   1
 120000   22000000| 31   4  65   0   0   1
 118000   20000000| 30   4  66   0   0   1
 108000   20000000| 17   3  79   0   0   1
 102000   17000000|  4   3  91   2   0   0
  75000   13000000|  4   3  93   0   0   0
  76000   13000000|  4   3  93   0   0   0
  75000   13000000|  4   2  94   0   0   0
  76000   14000000|  4   3  94   0   0   0
  99000   13000000|  5   2  93   0   0   0
  82000   11000000|  4   2  93   1   0   0
  68000   12000000|  4   2  94   0   0   0
  72000   13000000|  4   3  93   0   0   0
  74000   13000000| 24   3  72   0   0   0
  76000   14000000| 31   2  67   0   0   1
  75000   14000000| 32   2  66   0   0   0
  77000   14000000| 30   3  66   1   0   1
  76000   14000000| 31   2  66   0   0   1
  75000   14000000| 27   2  70   0   0   0
  77000   14000000| 18   3  79   0   0   1
  73000   12000000| 29   2  69   0   0   0
  41000 7205000| 30   2  68   0   0   0
  38000 6871000| 29   2  68   1   0   0
  40000 7538000| 30   2  68   0   0   0
  39000 7405000| 29   2  68   0   0   0
  47000 8273000|  6   3  91   0   0   0
  15000  777000|  4   5  92   0   0   0
  13000 9420B|  2   2  96   0   0   0
6232B 8952B|  4   2  92   2   0   0
5374B 5652B|  4   2  94   0   0   0
3203B   12000|  3   1  96   0   0   0
 132B    0|  2   2  97   0   0   0
 192B    0|  2   2  96   0   0   0
5728B  316000|  5   4  91   0   0   0
  10000 1229000|  4   3  92   1   0   0
  15000 2396000|  5   2  94   0   0   0
  31000 5397000|  4   2  94   0   0   0
  51000 8899000|  4   3  93   0   0   0
  93000   18000000|  5   4  91   0   0   0
 124000   25000000|  5   2  93   0   0   0
 186000   38000000|  6   3  91   1   0   0
 208000   40000000|  6   3  90   0   0   1
 210000   40000000|  5   4  91   0   0   0
 201000   40000000|  6   3  91   0   0   0
 200000   40000000|  6   4  89   0   0   0
 196000   40000000|  6   4  90   0   0   0
 202000   40000000|  6   5  87   1   0   1
 195000   40000000|  6   4  89   0   0   0
 195000   40000000|  5   4  91   0   0   0
 253000   40000000|  5   3  92   0   0   0
 243000   40000000|  5   5  89   0   0   0
 196000   40000000|  5   4  91   0   0   0
 193000   40000000|  5   4  90   1   0   0
 198000   40000000|  6   4  89   0   0   1
 292000   40000000|  5   5  90   0   0   0
 218000   40000000|  6   5  89   0   0   0
 194000   40000000|  7   4  89   0   0   0
 196000   40000000|  6   5  89   0   0   0
 228000   40000000|  7   4  87   1   0   1
 251000   40000000|  6   5  90   0   0   0
 226000   40000000|  5   3  92   0   0   0
 199000   40000000|  6   5  89   0   0   0
 194000   40000000|  5   4  91   0   0   0
 201000   40000000|  5   4  91   0   0   0
 201000   40000000|  6   3  89   1   0   0
 216000   40000000|  6   4  90   0   0   0
 209000   40000000|  5   4  90   0   0   0
 200000   40000000|  6   3  90   0   0   0
 236000   40000000|  5   4  91   0   0   0
 464000   40000000|  5   3  91   0   0   0
 349000   15000000|  4   1  93   1   0   0
  14000  566000|  3   3  94   0   0   0
  23000 1220000|  5   3  92   0   0   0
  22000 2421000|  3   3  93   0   0   0
  26000 4084000|  4   3  93   0   0   0
  39000 7526000|  5   2  92   1   0   0
  64000   12000000|  5   3  91   0   0   0
  92000   20000000|  4   4  92   0   0   0
 135000   23000000|  5   2  92   0   0   0
 142000   31000000|  4   3  93   0   0   0
 184000   39000000|  6   3  90   0   0   0
 194000   40000000|  6   3  89   1   0   1
 196000   40000000|  5   3  92   0   0   0
 225000   40000000|  6   3  91   0   0   0
 201000   40000000|  5   3  92   0   0   0
 193000   40000000|  6   3  91   0   0   0
 206000   40000000|  6   5  89   0   0   0
 327000   39000000| 25   5  68   1   0   1
 195000   40000000| 21   4  74   0   0   1
 187000   36000000|  4   3  92   0   0   1
 153000   27000000|  6   2  92   0   0   0
 137000   26000000|  5   2  93   0   0   0
 154000   32000000|  5   3  92   0   0   0
 170000   31000000|  4   3  91   2   0   0
 187000   35000000|  4   3  92   0   0   0
 174000   34000000|  6   3  91   0   0   0
 183000   35000000|  6   4  90   0   0   0
 191000   39000000|  5   3  92   0   0   0
 206000   40000000|  6   3  90   0   0   0
 215000   34000000|  5   3  91   1   0   0
 191000   38000000|  4   4  92   0   0   0
 206000   40000000|  4   3  93   0   0   0
 198000   40000000|  5   5  90   0   0   0
 217000   38000000|  5   3  92   0   0   0
 198000   40000000|  5   4  90   0   0   0
 211000   39000000|  5   3  90   1   0   0
 204000   35000000|  7   4  90   0   0   0
 198000   40000000|  5   4  91   0   0   0
 196000   40000000|  6   3  91   0   0   0
 192000   40000000|  5   5  90   0   0   0
 189000   40000000|  5   4  91   0   0   0
 194000   40000000|  4   4  91   1   0   0
 196000   40000000| 28   5  65   0   0   2
 198000   40000000| 31   5  64   0   0   0
 198000   40000000| 18   4  77   0   0   1
 204000   39000000|  4   3  93   0   0   0
 193000   29000000|  4   3  93   0   0   0
 139000   29000000|  4   3  91   2   0   0
 162000   31000000|  4   3  93   0   0   0
 155000   26000000|  4   3  92   0   0   0
 157000   31000000|  3   3  94   0   0   0
 167000   34000000|  4   3  93   0   0   0
 188000   36000000|  3   2  94   0   0   0
 177000   29000000| 27   4  68   1   0   1
 160000   33000000| 30   4  65   0   0   1
 167000   34000000| 38   3  57   0   0   1
 173000   35000000| 55   5  39   0   0   2
 182000   36000000| 30   5  64   0   0   1
 162000   24000000| 18   3  78   0   0   1
 121000   23000000|  4   3  92   2   0   0
 131000   23000000|  3   2  95   0   0   0
  84000   11000000|  2   2  96   0   0   0
  64000   12000000| 10   2  88   0   0   0
  70000   13000000| 28   3  69   0   0   1
  68000   13000000| 30   2  65   2   0   1
  69000   14000000| 29   2  69   0   0   0
  71000   14000000| 29   2  70   0   0   0
  73000   14000000| 29   2  69   0   0   1
  72000   14000000| 28   2  69   0   0   1
  74000   14000000| 32   2  66   0   0   0
  75000   14000000| 57   4  38   1   0   1
  76000   14000000| 41   3  56   0   0   1
  53000 7911000| 28   1  70   0   0   0
  19000 3469000| 28   1  71   0   0   0
  22000 4203000| 27   1  71   0   0   0
  24000 4737000| 21   2  77   0   0   0
  31000 4892000|  1   2  94   2   0   0
  25000 3542000|  1   3  96   0   0   0
  21000 4136000|  1   2  97   0   0   0
8660B  363000|  3   4  94   0   0   0
  17000   12000|  2   2  97   0   0   0
9380B   12000|  2   3  95   0   0   0
4556B 7268B|  1   2  95   3   0   0
3891B   16000|  2   2  96   0   0   0
 944B    0|  2   2  97   0   0   0
1206B    0|  0   2  98   0   0   0
 337B    0|  1   2  97   0   0   0
4735B  193000|  3   5  92   0   0   0
  10000 1216000|  5   3  92   1   0   0
  19000 2775000|  4   3  94   0   0   0
  29000 5297000|  4   2  94   0   0   0
  57000   11000000|  4   2  94   0   0   0
  99000   19000000|  4   3  92   0   0   0
 186000   34000000|  5   4  91   0   0   0
 207000   40000000|  5   4  89   1   0   0
 205000   40000000|  5   3  92   0   0   0
 196000   40000000|  4   3  93   0   0   0
 223000   40000000|  6   5  89   0   0   0
 202000   40000000|  7   4  89   0   0   0
 199000   40000000|  5   5  89   0   0   1
 206000   40000000|  7   4  88   1   0   0
 228000   40000000|  7   4  89   0   0   0
 212000   40000000|  5   5  91   0   0   0
 230000   40000000|  6   5  88   0   0   0
 207000   40000000|  6   3  91   0   0   0
 233000   40000000|  5   5  90   0   0   0
 200000   40000000|  5   3  92   1   0   0
 204000   40000000|  6   3  90   0   0   1
 201000   40000000|  7   3  90   0   0   0
 215000   40000000|  6   4  90   0   0   0
 208000   40000000|  5   4  91   0   0   0
 207000   40000000|  5   4  91   0   0   0
 197000   40000000|  6   4  89   1   0   0
 205000   40000000|  5   4  91   0   0   0
 248000   40000000|  6   4  90   0   0   0
 264000   40000000|  6   3  91   0   0   0
 209000   40000000|  5   3  91   0   0   0
 216000   40000000|  7   3  90   0   0   0
 228000   40000000|  4   4  91   1   0   0
 245000   40000000|  6   4  90   0   0   0
 213000   40000000|  5   4  91   0   0   0
 208000   40000000|  6   4  89   0   0   0
 206000   40000000|  6   3  90   0   0   1
 210000   40000000|  5   3  92   0   0   0
 235000   40000000|  5   4  90   1   0   0
 230000   40000000|  6   5  90   0   0   0
 203000   40000000|  5   3  92   0   0   0
 204000   40000000|  4   5  91   0   0   0
 238000   40000000|  4   4  92   0   0   0
 225000   40000000|  6   4  90   0   0   0
 191000   40000000|  5   4  90   1   0   0
 186000   40000000|  7   3  90   0   0   0
 193000   40000000|  5   4  91   0   0   0
 193000   40000000|  5   4  91   0   0   0
 188000   40000000|  4   4  91   0   0   0
 219000   40000000|  7   3  90   0   0   0
 214000   40000000|  6   4  88   1   0   1
 204000   40000000|  7   3  90   0   0   0
 209000   40000000|  5   4  91   0   0   0
 217000   40000000|  6   3  91   0   0   0
 224000   40000000|  6   5  89   0   0   1
 211000   40000000|  5   3  92   0   0   0
 231000   40000000|  5   4  90   1   0   0
 251000   40000000|  6   3  91   0   0   0
 227000   40000000|  5   3  91   0   0   0
 224000   40000000|  5   5  90   0   0   0
 203000   40000000|  6   4  89   0   0   0
 258000   40000000|  5   4  91   0   0   1
 227000   40000000|  4   3  91   1   0   0
 210000   40000000|  6   3  90   0   0   0
 239000   40000000|  4   5  91   0   0   0
 223000   40000000|  5   4  90   0   0   0
 227000   40000000|  5   3  92   0   0   0
 218000   40000000|  5   4  91   0   0   0
 235000   40000000|  5   4  89   1   0   1
 231000   40000000| 29   5  65   0   0   0
 216000   40000000| 31   5  63   0   0   0
 237000   40000000| 32   6  62   0   0   1
 234000   39000000| 31   4  64   0   0   1
 208000   39000000| 10   5  84   0   0   1
 203000   37000000|  5   4  89   2   0   0
 172000   32000000|  5   3  92   0   0   0
 169000   31000000|  4   3  93   0   0   0
 180000   31000000|  5   4  91   0   0   0
 178000   29000000|  5   2  93   0   0   0
 166000   29000000|  4   3  93   0   0   0
 153000   29000000|  5   4  90   2   0   0
 153000   30000000|  4   3  92   0   0   0
 161000   31000000|  5   4  91   0   0   0
 167000   32000000|  5   3  92   0   0   0
 174000   35000000|  4   4  92   0   0   0
 187000   35000000|  4   4  92   0   0   1
 181000   36000000|  6   3  90   1   0   0
 188000   37000000| 10   4  85   0   0   0
 201000   39000000| 31   5  64   0   0   0
 199000   40000000| 31   5  63   0   0   1
 197000   40000000| 31   5  64   0   0   1
 199000   40000000| 31   4  64   0   0   1
 195000   40000000| 31   5  62   1   0   1
 203000   40000000| 32   4  64   0   0   1
 223000   40000000| 30   4  65   0   0   1
 218000   40000000|  5   4  90   0   0   0
 235000   40000000|  4   3  92   0   0   0
 215000   40000000|  4   4  92   0   0   0
 236000   40000000|  5   3  90   2   0   1
 276000   40000000|  5   4  91   0   0   1
 256000   40000000|  4   4  91   0   0   0
 236000   40000000|  4   3  93   0   0   0
 224000   39000000| 17   4  78   0   0   1
 199000   39000000| 31   4  65   0   0   1
 200000   40000000| 30   4  63   2   0   1
 213000   38000000| 28   5  66   0   0   1
 197000   38000000| 29   5  65   0   0   1
 194000   36000000| 18   5  76   0   0   1
 179000   33000000| 30   4  65   0   0   1
 142000   28000000| 29   4  66   0   0   1
 145000   28000000| 30   3  65   2   0   1
 149000   28000000| 29   3  68   0   0   1
 168000   26000000| 29   3  67   0   0   1
 134000   25000000| 34   4  62   0   0   0
 136000   26000000| 45   5  49   0   0   1
 136000   27000000| 29   3  67   0   0   1
 144000   20000000| 16   3  78   2   0   1
 107000   19000000|  2   2  95   0   0   0
 109000   20000000|  3   2  96   0   0   0
 103000   18000000| 13   3  85   0   0   0
  78000   14000000| 28   2  70   0   0   0
  80000   15000000| 27   2  70   0   0   0
  78000   15000000| 28   2  68   2   0   0
  81000   15000000| 28   2  70   0   0   0
  83000   16000000|  9   3  88   0   0   0
  84000   14000000|  2   1  97   0   0   0
  51000 9140000|  2   3  95   0   0   0
  53000   10000000|  5   2  93   0   0   0
  60000   11000000| 28   2  68   2   0   0
  69000   13000000| 28   1  71   0   0   0
  77000   15000000| 27   2  71   0   0   0
  89000   18000000| 28   2  70   0   0   0
 103000   21000000| 24   3  72   0   0   1
  93000   15000000| 27   2  71   0   0   1
  69000 6899000| 26   1  70   3   0   0
  36000 5937000| 26   2  72   0   0   0
  33000 6204000| 26   1  73   0   0   0
  37000 6555000| 26   2  72   0   0   0
  43000 6317000| 14   2  84   0   0   0
  40000 4900000|  1   1  96   1   0   0
  14000  101000|  3   3  94   0   0   0
  19000   14000|  1   2  98   0   0   0
9220B   13000|  2   1  97   0   0   0
5986B 8478B|  1   2  98   0   0   0
3466B   15000|  2   1  96   1   0   0
1426B 3896B|  0   1  98   0   0   0
 128B    0|  1   2  97   0   0   0
 644B    0|  0   1  99   0   0   0
 192B    0|  1   2  98   0   0   0
7755B  459000|  4   5  91   0   0   0
  15000 1905000|  3   2  92   3   0   0
  21000 3484000|  4   2  94   0   0   0
  39000 7170000|  3   2  95   0   0   0
  69000   12000000|  3   3  94   0   0   0
 118000   23000000|  4   3  93   0   0   0
 174000   37000000|  5   3  92   0   0   0
 195000   40000000|  5   4  91   1   0   0
 192000   40000000|  4   3  93   0   0   0
 220000   40000000|  5   3  91   0   0   0
 209000   40000000|  5   3  92   0   0   0
 201000   40000000|  4   3  93   0   0   0
 235000   40000000|  5   2  92   0   0   0
 232000   40000000|  5   3  90   1   0   0
 202000   40000000|  4   3  92   0   0   0
 225000   40000000|  4   3  93   0   0   0
 230000   40000000|  4   3  92   0   0   0
 209000   40000000|  6   3  91   0   0   0
 208000   40000000|  4   3  92   0   0   0
 223000   40000000|  3   3  93   1   0   0
 207000   40000000|  5   4  92   0   0   0
 197000   40000000|  5   4  91   0   0   0
 198000   40000000|  4   3  92   0   0   0
 235000   40000000|  4   3  92   0   0   0
 236000   40000000|  4   3  93   0   0   0
 247000   40000000|  4   4  91   1   0   0
 199000   40000000|  4   4  92   0   0   0
 219000   40000000|  5   3  92   0   0   0
 248000   40000000|  6   3  91   0   0   0
 230000   40000000|  5   3  92   0   0   0
 216000   40000000|  6   3  91   0   0   0
 226000   40000000|  4   4  90   1   0   0
 230000   40000000|  5   4  91   0   0   0
 220000   40000000|  5   3  92   0   0   0
 215000   40000000|  4   4  92   0   0   0
 220000   40000000|  6   5  89   0   0   1
 223000   40000000|  6   2  92   0   0   0
 215000   40000000|  5   4  90   1   0   0
 218000   40000000|  3   4  93   0   0   0
 203000   40000000|  4   4  92   0   0   0
 209000   40000000|  5   4  91   0   0   0
 227000   40000000|  4   3  92   0   0   0
 231000   40000000|  5   4  91   0   0   0
 197000   40000000|  4   4  91   1   0   0
 196000   40000000|  5   4  91   0   0   0
 189000   40000000|  6   3  91   0   0   0
 207000   40000000|  5   4  91   0   0   0
 214000   40000000|  4   4  92   0   0   1
 206000   40000000|  4   4  91   0   0   0
 234000   40000000|  5   4  91   1   0   0
 247000   40000000|  5   4  91   0   0   0
 214000   40000000|  5   3  91   0   0   0
 251000   40000000|  5   4  91   0   0   0
 262000   40000000|  6   3  90   0   0   0
 247000   40000000|  4   5  91   0   0   0
 222000   40000000|  5   3  91   1   0   0
 212000   40000000|  5   3  92   0   0   0
 196000   40000000|  5   3  92   0   0   0
 202000   40000000|  4   3  92   0   0   0
 204000   40000000|  4   4  92   0   0   0
 213000   40000000|  4   4  91   0   0   0
 204000   40000000|  4   5  90   1   0   0
 210000   40000000|  6   3  92   0   0   0
 202000   40000000|  3   4  92   0   0   0
 195000   40000000|  5   5  90   0   0   0
 201000   40000000|  4   4  92   0   0   0
 206000   40000000|  6   3  91   0   0   0
 200000   40000000|  5   4  90   1   0   0
 203000   40000000|  5   4  91   0   0   0
 235000   40000000|  6   3  91   0   0   0
 231000   40000000|  4   4  93   0   0   0
 201000   40000000|  5   4  91   0   0   0
 213000   40000000|  5   3  92   0   0   0
 207000   40000000|  5   3  91   1   0   0
 201000   40000000|  4   3  92   0   0   0
 203000   40000000|  5   4  91   0   0   0
 197000   40000000|  5   4  91   0   0   0
 199000   40000000|  5   3  91   0   0   0
 209000   40000000|  5   3  92   0   0   0
 236000   40000000|  4   4  91   1   0   1
 219000   40000000|  5   3  92   0   0   0
 188000   40000000|  4   3  93   0   0   0
 197000   40000000|  3   4  92   0   0   0
 244000   40000000|  5   3  92   0   0   0
 502000   40000000|  5   2  93   0   0   0
 398000   17000000|  3   2  94   1   0   0
  16000  673000|  3   2  95   0   0   0
  34000 1367000|  4   2  94   0   0   0
  39000 2296000| 25   2  72   0   0   0
  64000 5687000| 30   2  67   0   0   0
  80000   10000000| 29   2  68   0   0   1
  98000   18000000| 28   3  67   1   0   1
 142000   28000000| 29   3  67   0   0   1
 184000   38000000| 31   3  66   0   0   1
 196000   40000000| 30   4  65   0   0   1
 214000   40000000| 30   4  66   0   0   1
 197000   40000000| 29   5  65   1   0   1
 194000   40000000| 10   3  86   0   0   0
 197000   40000000|  4   2  93   0   0   0
 204000   40000000|  7   4  89   0   0   0
 203000   40000000| 29   4  67   0   0   1
 223000   40000000| 30   4  65   0   0   1
 197000   40000000| 29   3  65   2   0   1
 186000   40000000| 23   4  73   0   0   0
 196000   40000000|  3   2  95   0   0   0
 198000   40000000| 20   4  75   0   0   1
 195000   40000000| 29   4  65   0   0   1
 193000   40000000| 28   5  66   0   0   1
 215000   40000000| 30   4  63   2   0   1
 184000   40000000| 30   4  65   0   0   1
 190000   40000000| 30   3  67   0   0   1
 237000   40000000| 29   4  66   0   0   1
 221000   40000000| 30   4  66   0   0   1
 219000   40000000| 29   4  66   0   0   1
 218000   40000000| 30   4  65   1   0   1
 210000   40000000| 28   4  67   0   0   1
 209000   40000000| 29   4  66   0   0   1
 199000   40000000| 35   4  60   0   0   1
 216000   40000000| 39   4  56   0   0   1
 207000   40000000| 28   3  68   0   0   1
 227000   40000000| 31   5  61   2   0   2
 239000   40000000| 28   4  68   0   0   1
 197000   40000000| 28   2  69   0   0   1
 196000   40000000| 46   4  48   0   0   2
 200000   40000000| 36   4  58   0   0   2
 195000   40000000| 27   3  70   0   0   1
 195000   40000000| 27   2  68   2   0   1
 209000   40000000|  3   3  94   0   0   0
 231000   40000000| 12   2  86   0   0   0
 239000   40000000| 27   4  68   0   0   1
 224000   35000000| 27   2  70   0   0   1
 167000   29000000| 26   3  70   0   0   1
 147000   30000000| 25   3  70   2   0   1
 147000   30000000|  2   3  95   0   0   0
 156000   22000000| 23   2  74   0   0   1
  92000   14000000| 26   1  73   0   0   1
  86000   17000000| 26   1  72   0   0   0
  84000   18000000| 25   1  73   0   0   1
  88000   19000000| 18   2  77   3   0   0
  71000 9097000| 23   2  75   0   0   0
  32000 6471000| 26   1  73   0   0   0
  34000 6471000| 25   1  74   0   0   0
  40000 5832000| 25   1  73   0   0   1
  26000 4603000| 26   1  73   0   0   0
  29000 5438000| 26   1  71   2   0   0
  29000 5569000| 21   2  77   0   0   0
  30000 5738000|  1   1  98   0   0   0
  33000 3770000|  1   1  99   0   0   0
  23000 4183000|  1   1  99   0   0   0
  22000 4185000|  0   1  98   0   0   0
  23000 3710000|  0   1  96   2   0   0
  12000   14000|  2   3  95   0   0   0
  14000 7160B|  1   1  99   0   0   0
  10000   16000|  2   1  97   0   0   0
5460B 6740B|  1   0  99   0   0   0
4976B   20000|  1   1  98   0   0   0
 324B    0|  1   0  97   2   0   0
 224B    0|  1   1  99   0   0   0
 580B    0|  0   1  99   0   0   0
 320B    0|  0   1  99   0   0   0
4332B   32000|  2   2  96   0   0   0
  11000 1333000|  4   4  93   0   0   0
  23000 2926000|  3   1  94   1   0   0
  35000 5999000|  3   1  96   0   0   0
  62000   11000000|  3   2  95   0   0   0
 109000   21000000|  4   3  94   0   0   0
 172000   34000000|  4   3  94   0   0   0
 201000   40000000|  3   3  94   0   0   0
 196000   40000000|  3   3  93   1   0   0
 205000   40000000|  3   3  94   0   0   0
 203000   40000000|  4   2  94   0   0   0
 198000   40000000|  4   3  93   0   0   0
 205000   40000000|  3   4  94   0   0   0
 218000   40000000|  4   3  93   0   0   0
 222000   40000000|  3   4  92   1   0   0
 222000   40000000|  3   3  94   0   0   0
 193000   40000000|  4   3  93   0   0   0
 206000   40000000|  3   4  92   0   0   0
 227000   40000000|  5   3  92   0   0   1
 232000   40000000|  4   3  93   0   0   0
 213000   40000000|  3   4  92   1   0   0
 215000   40000000|  4   3  93   0   0   0
 207000   40000000|  5   4  92   0   0   0
 218000   40000000|  4   3  92   0   0   0
 201000   40000000|  5   3  93   0   0   0
 193000   40000000|  4   3  93   0   0   0
 196000   40000000|  3   4  92   1   0   0
 202000   40000000|  4   3  93   0   0   0
 221000   40000000|  3   4  93   0   0   0
 219000   40000000|  4   4  92   0   0   0
 202000   40000000|  5   2  93   0   0   0
 209000   40000000|  5   3  92   0   0   0
 237000   40000000|  4   3  91   1   0   0
 202000   40000000|  5   3  92   0   0   0
 209000   40000000|  4   3  92   0   0   0
 234000   40000000|  3   3  93   0   0   0
 246000   40000000|  4   4  92   0   0   0
 229000   40000000|  4   3  93   0   0   0
 219000   40000000|  5   4  89   2   0   0
 208000   40000000|  4   3  93   0   0   0
 212000   40000000|  4   3  93   0   0   0
 209000   40000000|  4   2  94   0   0   0
 197000   40000000|  4   3  93   0   0   0
 205000   40000000|  4   4  92   0   0   0
 207000   40000000|  4   4  91   1   0   0
 203000   40000000|  4   4  92   0   0   0
 201000   40000000|  3   3  94   0   0   0
 204000   40000000|  5   2  93   0   0   0
 208000   40000000|  4   3  93   0   0   0
 219000   40000000|  5   2  93   0   0   0
 216000   40000000|  2   3  94   1   0   0
 235000   40000000|  4   4  93   0   0   0
 222000   40000000|  4   3  93   0   0   0
 229000   40000000|  3   2  94   0   0   0
 243000   40000000|  4   4  92   0   0   0
 216000   40000000|  4   3  93   0   0   0
 199000   40000000|  4   3  92   1   0   0
 200000   40000000|  4   3  94   0   0   0
 217000   40000000|  4   3  94   0   0   0
 243000   40000000|  4   3  93   0   0   0
 216000   40000000|  4   3  93   0   0   0
 197000   40000000|  4   3  92   0   0   0
 218000   40000000|  4   3  93   1   0   0
 210000   40000000|  5   3  92   0   0   0
 217000   40000000|  4   4  92   0   0   0
 216000   40000000|  4   4  92   0   0   0
 200000   40000000|  3   3  94   0   0   0
 212000   40000000|  4   4  93   0   0   0
 230000   40000000|  4   3  93   1   0   0
 265000   40000000|  4   2  93   0   0   0
 471000   40000000|  4   3  92   0   0   0
 558000   25000000|  4   1  95   0   0   0
  20000  781000|  3   1  96   0   0   0
  54000 2320000|  3   4  93   0   0   0
  58000 5381000|  4   2  94   1   0   0
  58000 8771000|  4   2  94   0   0   0
  87000   17000000|  3   2  95   0   0   0
 133000   27000000|  4   3  94   0   0   0
 196000   40000000|  4   2  94   0   0   0
 210000   40000000|  4   3  93   0   0   0
 211000   39000000|  4   2  93   1   0   0
 188000   40000000|  3   3  93   0   0   0
 190000   40000000|  4   3  93   0   0   0
 190000   40000000|  4   3  93   0   0   0
 192000   40000000|  4   3  92   0   0   0
 196000   40000000|  4   3  94   0   0   0
 193000   40000000|  4   4  92   1   0   0
 205000   40000000|  3   3  94   0   0   0
 232000   40000000|  2   3  95   0   0   0
 267000   40000000|  4   3  93   0   0   0
 200000   40000000|  5   2  93   0   0   0
 214000   40000000|  5   3  92   0   0   0
 200000   40000000|  5   4  91   1   0   0
 208000   40000000|  4   3  93   0   0   0
 202000   40000000|  4   3  93   0   0   0
 200000   40000000|  8   4  88   0   0   0
 203000   40000000| 28   3  68   0   0   1
 252000   40000000| 22   3  74   0   0   1
 200000   40000000|  2   2  95   1   0   0
 197000   40000000|  2   2  96   0   0   0
 201000   40000000|  3   4  93   0   0   0
 207000   40000000|  3   2  94   0   0   0
 195000   40000000|  4   3  93   0   0   0
 199000   40000000|  3   3  94   0   0   0
 208000   40000000| 24   4  68   3   0   1
 225000   40000000| 28   4  67   0   0   1
 201000   40000000| 29   4  66   0   0   1
 199000   40000000| 28   4  68   0   0   1
 201000   40000000| 28   4  66   0   0   1
 209000   40000000| 14   3  82   0   0   1
 226000   40000000|  3   4  93   1   0   0
 222000   40000000|  3   3  94   0   0   0
 200000   40000000|  2   2  96   0   0   0
 204000   40000000|  4   2  94   0   0   0
 207000   40000000| 24   4  72   0   0   0
 198000   40000000| 27   3  67   2   0   1
 226000   40000000| 28   3  69   0   0   1
 198000   40000000| 34   4  61   0   0   2
 203000   40000000| 27   4  69   0   0   1
 202000   40000000| 28   3  69   0   0   0
 201000   40000000| 23   3  74   0   0   1
 201000   40000000| 24   3  70   3   0   0
 218000   40000000| 30   3  66   0   0   1
 197000   40000000| 53   5  40   0   0   2
 187000   40000000| 54   6  39   0   0   1
 196000   40000000| 54   5  39   0   0   1
 193000   40000000| 49   5  43   2   0   1
 199000   40000000| 27   3  69   1   0   1
 209000   40000000| 27   3  70   0   0   0
 195000   40000000| 11   2  86   0   0   1
 201000   40000000|  2   3  95   0   0   0
 271000   40000000|  2   2  96   0   0   0
 245000   40000000|  2   2  95   1   0   0
 286000   40000000|  1   3  96   0   0   0
 227000   33000000| 18   4  78   0   0   0
 189000   27000000| 25   3  72   0   0   1
 153000   30000000| 26   3  71   0   0   0
 156000   32000000| 26   2  71   0   0   1
 162000   33000000|  6   2  91   1   0   0
 151000   29000000| 15   2  83   0   0   0
 113000   23000000| 25   1  73   0   0   1
 110000   23000000| 25   2  73   0   0   0
 116000   23000000| 22   1  77   0   0   0
 116000   23000000|  1   1  97   2   0   0
 124000   23000000|  1   1  98   0   0   0
 111000   15000000|  1   1  98   0   0   0
  65000   11000000|  1   1  99   0   0   0
  62000 8026000|  1   0  99   0   0   0
  47000 7620000|  1   1  99   0   0   0
  49000 8299000|  1   1  96   2   0   0
  49000 8207000|  1   1  99   0   0   0
  50000 9206000|  1   0  99   0   0   0
  55000   10000000|  1   1  99   0   0   0
  60000   11000000|  1   1  99   0   0   0
  60000 8373000|  1   0  99   0   0   0
  56000   10000000|  1   1  98   1   0   0
  59000   11000000|  1   1  99   0   0   0
  62000   11000000|  1   1  99   0   0   0
  66000 9436000|  1   0  99   0   0   0
  44000 8128000|  1   1  99   0   0   0
  51000 9483000|  1   1  99   0   0   0
  54000   10000000|  1   1  97   1   0   0
  57000   10000000|  1   1  98   0   0   0
  58000 7160000|  1   0  99   0   0   0
  46000 8391000| 19   2  79   0   0   1
  51000 8361000| 24   2  74   0   0   0
  46000 8224000| 25   1  74   0   0   0
  49000 8653000| 25   0  73   1   0   1
  45000 8549000| 25   1  74   0   0   0
  48000 8862000| 25   1  74   0   0   1
  47000 8892000| 25   1  74   0   0   0
  48000 8853000| 25   1  74   0   0   1
  47000 9273000| 25   1  74   0   0   0
  49000 9139000| 25   1  73   1   0   0
  48000 9273000| 25   1  74   0   0   1
  50000 9606000| 26   1  74   0   0   0
  55000   10000000| 25   0  74   0   0   0
  57000   11000000| 41   1  57   0   0   1
  61000   11000000| 50   1  49   0   0   0
  72000   12000000| 22   2  75   1   0   0
  65000   12000000|  0   1  99   0   0   0
  34000 3669000|  0   0 100   0   0   0
2440B 1224B|  0   0 100   0   0   0
 538B    0|  0   0 100   0   0   0
 452B    0|  0   0 100   0   0   0
